#{"t_start": 1735515240.093546, "env_id": "None"}
r,l,t
-1691.904498,600,3.08448
-14.539613,600,5.461047
-6.518828,600,7.859499
-1810.376162,600,16.919569
-1692.831978,600,19.375114
-927.890862,600,21.817416
-12.07898,600,30.733944
-13.120483,600,33.181866
-18.181559,600,35.651515
-380.30168,600,38.181592
-4.459586,600,47.251327
-18.16315,600,49.692178
-21.66627,600,52.213384
-895.072114,600,61.609802
-1771.850272,600,64.237921
-812.585008,600,66.762354
-32.587616,600,69.372124
-123.325037,600,78.837823
-0.143474,297,80.068188
-225.563594,600,82.622051
-14.928848,600,92.070988
-18.141157,600,94.60989
-187.284268,600,97.086848
-18.98735,600,99.671715
2.935233,163,100.34171
-142.082014,600,109.252885
-327.84306,600,111.799185
-330.456723,600,114.359043
-382.108723,600,123.257863
-250.953478,600,125.79417
-171.983212,600,128.350307
-12.345336,600,137.421383
-22.179904,600,139.896012
-149.25168,600,142.393757
-23.988697,600,144.905095
-151.58614,600,153.978962
-10.253991,600,156.485797
-24.270481,600,159.116997
-123.012956,600,168.28193
-9.625118,600,170.860824
-128.696922,600,173.337459
-11.95064,600,175.792884
-12.336128,600,184.856722
-102.379306,600,187.379533
-9.930124,600,190.022533
-11.59025,600,199.118994
-44.915977,600,201.687796
-9.283418,600,204.251717
-11.585348,600,206.819195
-11.524959,600,216.139888
-8.355438,600,218.751182
-0.944409,527,221.010708
-7.501192,600,230.566338
-37.027394,600,233.179789
-6.688713,600,235.650841
-22.418531,600,244.776033
-7.152707,600,247.382224
-7.316327,600,250.076897
-41.219107,600,252.657429
-8.707898,600,261.710502
-75.041636,600,264.14894
-40.500586,402,265.850794
-8.642512,600,268.383768
-18.881735,600,277.448054
-0.837221,508,279.760557
-88.345406,600,282.374451
-54.222076,600,291.677793
-1.181989,598,294.333074
-52.81923,600,296.916774
-7.049737,600,299.48248
-57.791731,430,307.43282
-64.381937,600,310.013906
-0.084205,302,311.334815
-7.568656,600,314.014175
0.449535,577,322.964012
-9.262123,600,325.676658
-46.06558,600,328.222859
-2.016426,600,337.412922
-66.996407,600,339.918637
0.128407,215,340.843592
-48.244099,600,343.439779
-34.294812,600,352.216974
-31.964363,600,354.771129
1.507927,184,355.51586
-25.105268,600,358.19499
-42.974516,97,358.637196
-6.402552,600,368.104709
-91.791379,54,368.369859
-48.956614,338,369.774464
-6.477205,600,372.434566
-49.574366,600,374.984092
-29.111975,432,383.482021
-2.611434,600,386.073362
-0.492249,600,388.623829
2.88943,75,388.977895
-47.616761,215,389.934644
-115.42464,62,390.181329
-72.176773,600,399.410048
-21.777842,600,401.996683
-53.107665,555,404.249566
-6.338852,600,406.749475
-75.750835,600,415.577389
-36.292606,146,416.240046
-68.724349,552,418.664588
1.594807,180,419.420532
-30.152727,600,422.047274
1.332184,239,429.558417
0.821496,343,431.067754
-28.290048,128,431.600736
0.556221,357,433.154333
-67.138506,600,435.779546
0.431797,600,444.972856
-49.721958,55,445.218303
-88.485042,600,447.691623
4.963981,555,450.031486
2.731417,42,450.214897
-0.715614,227,451.132617
-38.975232,600,460.175209
0.422084,408,461.90618
-1.399662,600,464.535167
-47.114041,63,464.80005
1.158682,600,467.344515
-46.350418,600,476.370753
-0.748836,600,478.944691
-19.041891,408,480.64045
-65.444801,600,483.186412
-44.218944,111,490.138049
3.821234,241,491.143893
-0.012141,146,491.762615
2.621174,271,492.938628
-13.787337,600,495.538243
-40.977697,600,498.203378
-53.845887,600,507.234102
-62.53308,600,509.837985
-41.199565,242,510.83729
-46.174612,333,512.300985
-30.966699,52,512.548132
0.534032,166,513.248508
-34.417597,108,513.674219
2.893636,145,520.995878
-46.391082,600,523.647233
-44.011489,77,523.995744
0.503204,215,524.944329
4.114923,65,525.223572
0.474845,88,525.606206
0.985758,600,528.283963
-53.618271,220,529.144089
-3.162655,600,538.154285
-41.611826,600,540.672637
-0.20198,151,541.324431
-0.374251,600,543.985193
-25.814953,600,553.296146
2.133533,121,553.795221
0.799597,600,556.475224
2.101778,94,556.91176
-104.088975,63,557.168878
3.489177,600,559.816934
-39.767075,600,568.980819
2.299558,131,569.570931
-35.521415,244,570.579678
1.82779,276,571.818318
1.526053,600,574.318306
1.363885,70,574.650922
-42.561157,600,583.547927
-46.824608,209,584.438514
2.428553,96,584.851371
-45.083085,600,587.460421
-49.562168,600,589.961842
-43.70013,67,590.234016
0.760274,373,598.458972
2.493404,127,599.033862
-46.55604,73,599.35477
-1.398344,600,601.949721
2.163831,132,602.549746
-0.873985,600,605.127417
1.130407,253,606.269879
2.23912,600,615.720059
-0.398987,600,618.258393
-33.099661,600,620.871492
2.781195,600,629.802366
-48.484907,600,632.312459
-97.006024,600,635.001158
-37.728747,85,635.36804
-61.392445,600,644.53568
-42.878314,600,647.104019
-0.915327,600,649.756659
-16.874285,280,650.945691
3.213078,600,660.135782
-0.243616,600,662.55128
-51.492755,141,663.171624
-17.881919,156,663.850581
0.554479,37,664.01594
-0.272692,600,666.700898
-6.343615,600,675.786243
-49.088666,184,676.549158
-16.698577,600,679.1726
-36.563898,40,679.337482
1.371169,600,681.981425
-0.903381,600,691.231028
-15.433582,600,693.727135
-41.236242,600,696.37435
-0.941618,600,705.406802
1.954508,25,705.518382
2.797309,600,708.113716
0.615106,64,708.399626
-14.846392,122,708.957024
2.172471,121,709.433999
-24.631118,223,710.386777
-18.312416,600,712.892325
-108.941615,60,713.142456
5.587949,214,714.045264
-2.559057,600,723.279772
1.603744,266,724.347185
-96.611814,57,724.573242
-42.281481,600,727.214465
-37.113913,68,727.496239
1.412503,600,736.634912
-38.860986,83,736.965352
-33.277595,88,737.365148
-26.799443,62,737.666518
-37.558615,51,737.887121
2.076649,600,740.497289
-1.054486,600,743.130901
-54.197556,600,752.469008
3.306562,76,752.807268
-0.53691,600,755.411833
0.59537,600,758.042923
2.300789,103,758.495146
-31.455873,600,767.827785
-46.833624,600,770.339
2.842063,29,770.460978
-46.207537,600,773.163213
-19.369438,600,775.749217
1.361511,314,783.750917
-30.190296,600,786.30304
2.187871,228,787.34767
-100.432614,57,787.597547
-34.943939,600,790.210708
-42.898701,600,799.103026
-1.751913,600,801.662603
-1.104199,600,804.325576
2.890311,91,804.668653
-10.7738,600,813.850002
-23.124219,80,814.185905
0.930275,78,814.506685
1.340184,600,817.163164
2.142574,65,817.479212
-102.792218,60,817.731345
4.416828,600,820.310414
2.381872,26,820.435786
-25.52654,229,821.454434
-0.382621,600,830.558331
1.787597,600,833.260972
0.987466,600,835.958927
0.46319,600,845.070142
-30.300569,600,847.702875
1.594311,149,848.303678
-1665.18555,600,850.98462
-48.092949,108,851.483863
1.405074,140,852.090908
1.302632,600,861.169336
-35.184637,600,863.801701
2.929204,163,864.465659
-33.269461,56,864.69673
0.840967,600,867.327403
1.22381,600,876.467323
-19.31123,600,879.090734
0.497779,600,881.749442
-21.981966,141,882.362005
4.921497,600,891.366079
-39.871462,33,891.517693
-34.82671,255,892.568763
-55.466191,265,893.811873
2.08075,600,896.421169
1.314662,84,896.790578
0.99044,600,899.434828
-40.562523,600,908.568924
-33.537928,65,908.835857
2.241602,75,909.175634
2.376271,189,909.960901
1.318392,50,910.174025
-26.708797,149,910.805565
-88.171343,59,911.069593
-35.764457,600,913.626451
-1.349224,600,922.611139
2.657525,173,923.41932
-40.407762,126,923.998419
3.332321,37,924.157945
-28.173485,41,924.340143
1.221786,600,926.932735
-37.809786,54,927.189697
-32.697455,600,929.677599
-135.799772,600,939.05755
-38.972456,63,939.318897
-108.987813,60,939.605561
6.28872,128,940.162053
-46.134646,43,940.333803
0.815548,600,942.922736
-39.327806,600,945.47579
2.641356,600,954.641343
-35.070317,600,957.200359
-0.350159,600,959.795314
2.44778,107,960.323686
1.134642,600,969.407209
-100.974703,57,969.678936
-85.760042,57,969.963259
-7.602917,600,972.48446
-50.343027,202,973.370425
2.036721,600,976.008774
2.579568,71,976.293187
-36.118515,227,983.738959
-92.103073,55,983.947355
3.136604,600,986.588973
-55.949459,109,987.045485
-16.172109,126,987.58165
-3.454775,600,990.280854
-82.676127,52,990.500309
-29.744038,34,990.630833
-43.744306,166,991.353003
3.977044,30,991.507624
-23.637081,184,999.002555
2.668298,76,999.311115
1.407368,600,1001.986372
2.295265,600,1004.590753
1.223044,61,1004.836663
2.231829,190,1005.614495
-30.859876,86,1005.954722
-52.414993,600,1015.033244
1.6666,600,1017.536781
0.519763,142,1018.118432
0.217694,600,1020.72333
-12.631382,600,1030.055698
2.036702,87,1030.389068
2.52745,152,1031.022094
3.410979,31,1031.163014
2.944979,36,1031.304201
-22.87261,99,1031.713694
3.201515,44,1031.916023
0.709331,227,1032.919919
2.351286,121,1033.412698
1.825345,93,1033.820421
-24.892946,99,1034.2037
-43.419849,600,1036.771174
4.558019,34,1036.911582
-40.412533,600,1045.946821
-39.936988,75,1046.227203
3.105117,86,1046.619834
1.680969,81,1046.997578
2.00084,201,1047.964393
-54.177453,600,1050.534783
-1.217784,600,1053.165967
1.776985,225,1060.865841
-34.540494,91,1061.256932
2.896515,67,1061.540154
1.820359,42,1061.72686
-0.349134,600,1064.3371
2.286837,44,1064.514183
-25.713326,600,1067.183606
1.634139,23,1067.281993
-15.58631,600,1076.620608
-30.354083,600,1079.207539
3.808757,96,1079.62595
1.089711,122,1080.152523
-93.737233,57,1080.425505
5.726743,170,1081.128076
-41.897904,113,1081.598321
3.461057,75,1081.924274
0.127564,600,1084.56828
-33.644021,80,1084.907087
1.738985,600,1094.123659
-47.047362,68,1094.427013
4.350282,600,1097.060863
-32.332494,173,1097.794305
2.285661,54,1098.036669
-81.268474,600,1107.536212
-27.36972,170,1108.266821
2.341369,96,1108.666417
-36.612689,51,1108.893422
-27.647315,103,1109.285655
1.393879,600,1111.810064
-23.316487,106,1112.248655
2.574459,600,1114.795487
1.207272,155,1115.433349
1.603935,600,1124.812006
-53.262781,64,1125.095331
0.727713,600,1127.748913
-31.050375,58,1128.016878
2.64178,30,1128.170015
-38.179322,93,1128.622554
0.939228,600,1131.192393
2.946035,51,1131.447738
-4.987059,97,1131.919705
1.911475,42,1138.530205
2.941019,67,1138.845611
-99.909794,57,1139.126436
-41.990041,54,1139.379685
0.615545,600,1141.899983
3.036827,149,1142.572582
-1.159203,600,1145.202266
2.168206,39,1145.371276
-21.633158,600,1154.604003
-28.335138,102,1155.05535
2.072217,110,1155.544254
2.85842,27,1155.682719
-26.342169,52,1155.917439
-23.563728,55,1156.150329
-33.013804,40,1156.343121
1.593297,60,1156.637721
-39.691525,55,1156.867205
-28.563416,600,1159.425338
1.756728,108,1159.915817
-40.846006,600,1162.495253
-111.98579,63,1162.753012
6.657685,30,1162.869573
5.750629,600,1171.962865
-26.999639,600,1174.622389
1.223852,600,1177.252059
-0.370429,600,1186.145058
1.227147,76,1186.493617
1.453151,124,1187.089603
2.345202,61,1187.341787
-36.146617,600,1189.997897
1.752875,600,1192.700322
-9.495857,69,1192.982256
-7.104584,39,1193.149577
-45.039071,78,1193.506347
1.755935,51,1193.745842
3.176406,600,1202.734511
-25.497529,600,1205.279506
-34.927408,101,1205.744131
-39.042504,32,1205.884713
-95.049601,57,1206.127959
-15.056875,135,1206.719776
-38.314388,600,1216.113984
-94.070084,60,1216.391074
-12.021345,105,1216.808702
2.483608,60,1217.075675
-23.45257,170,1217.775444
-41.892622,600,1220.414205
-34.033731,600,1223.025865
2.652365,600,1232.375793
2.114219,44,1232.595722
-33.066495,65,1232.877467
-35.021503,600,1235.438173
1.371379,34,1235.607986
-1.432926,600,1238.173818
-31.881782,216,1239.110883
2.007336,600,1247.925608
-1.450005,600,1250.518419
-35.541723,600,1252.965941
-49.013649,58,1253.249166
-47.692626,48,1253.457778
-40.665819,115,1253.956306
-43.568118,600,1263.243559
-27.795433,600,1265.786916
0.417495,45,1265.987058
-31.016879,56,1266.263084
-42.082626,199,1267.143657
0.75608,39,1267.302214
1.428191,600,1269.924261
-21.897192,600,1279.031677
2.470829,18,1279.09626
2.461877,149,1279.733919
3.082558,111,1280.233331
0.654106,69,1280.53106
0.621894,600,1283.194356
-37.435912,600,1285.821568
-35.488242,48,1286.027749
-25.648137,600,1295.570457
-29.87142,69,1295.85236
-0.136307,600,1298.341813
1.872876,600,1300.876887
-71.980949,600,1310.048778
-48.527151,195,1310.902307
-72.773885,600,1313.525789
6.37942,54,1313.759796
3.051069,25,1313.869068
1.341491,46,1314.076746
0.496262,600,1316.660597
-36.3156,109,1317.128155
-30.495195,62,1324.053594
2.174962,114,1324.585436
0.898787,36,1324.739576
4.145211,47,1324.958801
-29.897706,600,1327.611794
2.346216,43,1327.798139
-51.599493,113,1328.318055
-29.5851,228,1329.26784
-0.487974,112,1329.776813
-37.089665,36,1329.962715
-46.053003,52,1330.198714
-86.224386,600,1332.697999
6.52133,62,1339.926244
2.006412,24,1340.02104
-21.473912,118,1340.531875
2.367703,19,1340.614875
-49.073123,34,1340.753587
-15.979278,93,1341.168129
-34.980723,40,1341.331389
-0.095184,166,1342.069718
-2.32032,97,1342.503782
-77.378661,600,1345.133212
-45.039828,40,1345.302338
-44.509008,600,1347.966604
1.023102,25,1348.093293
1.26525,600,1357.459679
-25.895161,238,1358.495198
3.33117,64,1358.782272
-39.078073,94,1359.193123
2.199828,600,1361.90349
-0.557002,600,1364.497525
-28.699201,40,1364.672563
-54.356089,600,1373.824178
3.345629,99,1374.243112
-20.430671,231,1375.215431
-36.967738,35,1375.387608
-84.202158,52,1375.641992
-20.467035,600,1378.246647
3.660765,134,1378.843777
-42.285691,600,1388.123443
-71.198986,600,1390.642147
-29.598226,600,1393.234046
3.759085,65,1393.484988
-45.859088,128,1394.01763
-36.438805,600,1403.305536
-47.07763,83,1403.682759
-86.189062,600,1406.299774
-11.764476,600,1408.935276
-46.154001,48,1409.147252
-38.154821,600,1418.079387
1.921309,177,1418.839914
-43.138564,68,1419.11657
2.300251,37,1419.292892
-26.039441,102,1419.727502
-28.027012,80,1420.10363
-47.115568,131,1420.67747
-0.759775,600,1423.394262
12.158661,600,1426.019479
2.779394,126,1433.293066
2.067936,43,1433.465465
-1.319302,600,1436.177725
-36.979452,197,1437.106524
1.8055,600,1439.753799
1.519078,600,1442.379775
-16.149194,62,1449.409662
3.030557,23,1449.517225
-40.51387,77,1449.8356
1.021314,600,1452.390899
1.434204,27,1452.518296
-37.20715,37,1452.698659
2.841247,600,1455.440707
-9.906172,32,1455.590621
1.393905,43,1455.761294
2.49795,86,1456.160909
2.286854,177,1456.921591
-31.113615,83,1457.291677
-38.378228,600,1466.500308
0.531544,600,1469.182121
-43.684099,35,1469.324605
7.230062,600,1472.05101
-39.662137,104,1472.48524
3.070398,90,1472.874981
2.489557,600,1482.025078
-1.999662,600,1484.6383
3.834238,11,1484.68828
-89.540445,56,1484.944054
-31.599827,600,1487.616357
0.497805,81,1487.969073
-31.837581,600,1497.172504
2.567641,19,1497.257728
-4.570785,35,1497.432505
-21.68069,53,1497.661262
-21.32176,29,1497.807503
3.771392,89,1498.19184
1.382241,173,1498.91782
2.93282,51,1499.126203
0.323726,600,1501.724695
-20.946467,600,1504.306955
2.787591,600,1513.361483
0.030424,600,1515.943888
-61.819633,600,1518.583689
-36.078002,600,1527.510996
-14.821217,600,1530.121317
1.571042,600,1532.86975
1.725736,31,1533.001714
0.885159,274,1534.162188
-410.222536,600,1543.465183
6.149514,102,1543.904479
-23.391355,600,1546.519748
2.005541,19,1546.603747
-31.008152,40,1546.770483
-92.520778,59,1547.031559
-14.687368,600,1549.620399
-45.611164,53,1549.83443
2.201724,600,1558.952368
1.602039,46,1559.142927
3.795824,16,1559.215176
-0.521957,600,1561.860328
0.049193,600,1564.382941
1.011357,600,1573.379404
-46.295591,243,1574.481171
-9.939941,37,1574.652489
-41.321275,600,1577.252898
-54.104718,600,1579.830276
-39.875763,71,1580.14705
0.835371,600,1589.585191
2.696246,24,1589.674671
-30.130646,600,1592.371403
-28.925811,30,1592.50639
-27.84479,232,1593.531147
2.663115,600,1596.218603
1.504353,600,1605.537634
3.715276,113,1605.993057
-44.445281,600,1608.639476
1.238473,94,1609.058592
-30.777611,600,1611.709421
-0.753699,600,1620.913982
-41.233955,32,1621.058437
2.72783,13,1621.113876
3.327855,20,1621.197499
-24.507209,47,1621.396716
-28.409526,171,1622.155594
1.831627,147,1622.837671
2.610952,97,1623.268246
-35.049694,600,1625.886116
1.777192,21,1625.993715
2.560784,55,1626.278596
2.171028,75,1626.620783
-14.345686,600,1635.862326
-40.898103,77,1636.189198
-13.546363,600,1638.824339
-13.542342,38,1638.99143
-52.339861,37,1639.154287
2.908389,62,1639.407634
-36.980137,600,1642.122034
-79.581611,600,1651.58811
-24.81172,600,1654.161648
2.510678,39,1654.323363
1.863011,204,1655.174693
11.528539,600,1657.787935
-4.307467,600,1666.956648
0.254221,600,1669.685286
-26.133287,97,1670.122803
5.839361,600,1672.724114
-21.056997,52,1672.950995
-24.775741,51,1673.185379
-5.431668,107,1673.642176
-37.210069,600,1682.669434
-22.710097,69,1682.952591
-36.17539,600,1685.58987
0.762106,34,1685.749052
-99.222466,58,1686.026571
4.74968,600,1688.653655
2.792592,23,1688.763041
-19.082663,64,1689.070139
1.32611,600,1698.196885
-21.968265,64,1698.48245
2.56365,32,1698.634516
2.217654,26,1698.746937
2.499603,30,1698.874491
3.093968,22,1698.976067
2.195947,52,1699.216345
-85.04018,600,1701.934057
-33.612838,278,1703.1935
1.079417,116,1703.725597
1.785071,40,1703.890565
4.014351,33,1704.031883
-40.461203,261,1705.105323
-1.877423,600,1713.989401
-33.183656,154,1714.684659
1.533209,211,1715.630661
1.131871,600,1718.202441
6.820929,600,1720.752507
-34.532473,600,1729.720344
2.631272,29,1729.8375
-0.60315,600,1732.422471
2.877681,241,1733.464005
-103.04762,58,1733.741619
-40.098371,600,1736.408921
4.11858,38,1736.607223
1.354373,105,1737.091533
1.885322,88,1744.295215
0.991013,600,1746.914133
-32.270117,46,1747.121177
-0.994649,600,1749.659269
-18.905425,65,1749.94141
1.8125,71,1750.27454
-53.851808,600,1752.850384
-93.175381,205,1760.17555
-28.41649,600,1762.701943
-26.217296,90,1763.116956
-87.577348,54,1763.349519
-33.035555,52,1763.569588
2.392857,12,1763.624602
-0.3878,600,1766.186929
7.485854,600,1775.616725
-49.782691,171,1776.363842
1.282662,42,1776.561803
-54.515182,120,1777.109834
-0.187912,600,1779.702827
0.724431,600,1782.262982
-38.478383,45,1782.473738
-102.3867,57,1782.705287
5.094949,600,1791.935996
3.088466,140,1792.549314
-26.429897,160,1793.330569
-42.734608,93,1793.756909
-52.905314,54,1793.98246
-48.413162,136,1794.5828
-40.233703,39,1794.74184
2.218752,36,1794.909647
0.50177,600,1797.579516
-96.954667,600,1806.420573
9.651464,600,1808.978929
2.462356,24,1809.076479
-21.504481,80,1809.408341
-0.077068,600,1811.937449
-30.665831,101,1812.412265
-53.596131,600,1821.646142
-14.282545,72,1821.983954
-18.753059,61,1822.247818
-35.935477,600,1824.826858
1.471892,19,1824.902869
-29.527441,600,1827.42852
9.807938,600,1829.940547
-40.009722,35,1836.525249
1.126356,20,1836.613317
-1.219292,600,1839.193967
-23.182198,157,1839.875029
0.194085,600,1842.479229
-22.432724,600,1845.047649
-9.571436,223,1851.841446
1.562617,32,1851.996749
-47.790234,600,1854.49015
2.505064,13,1854.543998
4.22241,23,1854.652897
-21.007056,600,1857.289138
-101.313402,57,1857.535884
-57.35408,600,1865.977228
4.675083,600,1868.512456
-56.600443,600,1871.129338
4.729302,258,1872.261193
2.121347,131,1872.815364
-41.472446,58,1873.08027
-12.834286,30,1873.211823
1.556236,600,1881.354471
-49.582719,80,1881.690338
-40.107563,34,1881.84091
2.683704,63,1882.134441
-40.10385,44,1882.360103
-22.216361,600,1884.916032
-45.659613,403,1886.762188
1.360612,600,1895.146023
3.535342,600,1897.773264
-24.8104,70,1898.074491
-1.138726,600,1900.648149
-45.172243,600,1903.321766
3.505943,21,1903.40419
0.742732,600,1911.713853
5.179307,600,1914.366807
1.149546,600,1917.016291
2.203142,15,1917.084563
11.144897,600,1925.887173
3.625927,20,1925.976684
-36.787755,600,1928.643357
0.623445,600,1931.240086
3.789622,71,1931.574141
-29.52084,332,1933.063771
2.746187,35,1933.224951
-6.883461,345,1940.402022
2.882066,43,1940.584967
0.815562,83,1940.95548
-26.041664,600,1943.616785
2.149494,169,1944.402239
-32.213064,70,1944.707696
-35.651344,600,1947.334819
-26.354002,297,1954.650123
-0.724872,600,1957.316496
-21.773695,154,1957.932689
-20.08133,122,1958.385825
-32.96394,135,1958.968982
-12.087009,203,1959.894956
-42.975805,37,1960.062546
1.003038,600,1962.630677
0.942025,600,1971.332695
2.182381,50,1971.588037
-59.259358,600,1974.133986
-55.791554,600,1976.724819
-37.231061,600,1985.188037
1.616896,600,1987.782611
1.605813,600,1990.380457
6.6058,600,1993.02054
-60.638386,600,2001.664013
5.058763,600,2004.189942
3.200839,72,2004.530655
-43.99739,600,2007.170201
3.068747,215,2013.706524
3.075706,16,2013.776186
2.637282,94,2014.204252
-44.932503,600,2016.791326
-25.936467,600,2019.367388
-42.018468,600,2021.954618
2.630013,60,2022.246653
-99.437335,56,2022.509605
-23.712117,31,2028.6264
2.179175,73,2028.954578
4.489796,37,2029.098278
-1.286449,600,2031.808349
-16.363695,600,2034.426474
1.432246,600,2037.057932
-48.950977,101,2037.486709
3.646939,12,2037.538436
-0.620125,600,2045.757212
9.712635,600,2048.312136
-21.263721,254,2049.382743
-43.912292,33,2049.533978
9.681294,600,2057.925987
-26.840861,600,2060.546503
-45.594907,396,2062.247058
-25.772136,600,2064.886947
-56.344598,600,2073.298013
-80.665894,600,2075.952324
8.160403,600,2078.616943
1.743463,14,2078.675578
-16.502347,201,2079.610018
1.794518,38,2079.788111
2.929276,488,2087.419981
0.066632,600,2090.044684
0.643189,600,2092.71376
2.42234,96,2093.074034
-45.08051,600,2095.782319
2.373356,600,2104.301281
-27.111885,600,2106.884452
2.855681,600,2109.472438
-46.89547,39,2109.61731
2.74655,20,2109.715471
-48.987717,40,2109.907318
-103.285108,60,2110.210771
4.595387,600,2118.620402
3.321956,32,2118.785891
-25.000785,600,2121.481514
-22.241579,600,2124.060371
1.163544,600,2132.685184
2.609438,80,2133.067994
0.224351,600,2135.647485
3.117835,600,2138.275562
-0.021602,600,2146.69781
-36.478114,600,2149.279193
-33.827409,600,2151.918685
-46.516571,125,2152.479371
-71.120199,600,2155.030581
-85.72396,54,2155.263725
6.009362,600,2163.522363
3.839142,44,2163.687917
-37.358727,31,2163.831216
1.227961,600,2166.482128
1.614724,17,2166.557282
4.945653,600,2169.184359
3.485006,600,2177.650473
1.993043,600,2180.29675
1.793387,600,2182.890155
-13.951629,600,2191.496641
2.281132,11,2191.540697
-32.733831,600,2194.137491
-34.798729,600,2196.772776
-34.460211,88,2197.104558
1.986077,12,2197.156703
-95.291752,55,2197.425137
6.227874,600,2205.975286
-31.095099,34,2206.112641
2.766248,600,2208.698263
-35.663482,85,2209.07847
-37.372778,140,2209.702876
6.745491,600,2212.378974
-16.329337,33,2212.523837
-18.586652,33,2212.673487
2.069754,54,2212.904911
-60.305611,600,2221.220588
-38.866605,37,2221.374181
-19.58179,31,2221.521008
-59.408527,600,2224.065151
-33.516787,600,2226.652676
-4.161574,600,2235.257067
-31.825945,52,2235.488662
-460.001102,600,2238.061946
-12.050385,81,2238.41432
2.172969,58,2238.668131
-89.670583,63,2238.917066
14.607264,600,2241.525282
3.33094,389,2243.259404
2.807713,14,2243.324445
-29.697005,600,2251.632283
1.346118,102,2252.084109
4.190022,57,2252.310445
2.479014,26,2252.406677
0.590325,29,2252.531431
-36.57378,33,2252.690879
2.728182,47,2252.91642
-23.340626,600,2255.467857
-32.39896,600,2258.043696
2.182236,100,2258.455866
2.794103,600,2266.807164
2.208482,600,2269.379602
4.117999,16,2269.456763
0.559003,44,2269.637513
1.404083,600,2272.164368
-53.609086,81,2272.505801
-27.795312,600,2280.989704
1.616479,600,2283.623211
-33.807869,28,2283.752387
1.865064,600,2286.39583
-39.210646,81,2286.757051
1.110055,600,2295.128929
-3.791999,52,2295.374511
2.33374,36,2295.544828
-20.925445,28,2295.700161
2.885925,15,2295.775425
1.229279,30,2295.927911
-21.614737,38,2296.112511
2.966635,21,2296.2105
3.436795,27,2296.330028
2.085627,600,2298.895697
-1.738425,240,2299.959809
-15.020604,59,2300.214574
1.535076,600,2308.873742
-10.860554,85,2309.238791
-34.106016,600,2311.878418
-101.484071,78,2312.220155
6.189183,600,2314.843175
-10.373338,58,2315.098752
-42.850493,600,2323.318635
-0.41084,600,2325.847741
-37.544573,209,2326.770744
2.909699,600,2329.312506
4.154643,47,2329.506143
-23.803396,600,2337.977476
0.565813,600,2340.590742
-29.882365,83,2340.955312
1.32136,14,2341.015947
3.451378,15,2341.080272
-18.232885,600,2343.765978
0.995856,113,2344.276504
-48.830756,600,2352.635523
-23.494498,600,2355.29065
2.073402,64,2355.579836
14.207812,600,2358.103284
3.661904,82,2358.452004
-87.940007,600,2361.060265
6.276873,40,2361.240754
-44.88742,600,2369.703058
-43.524463,87,2370.108788
0.46956,144,2370.749312
-70.970096,600,2373.436071
6.292665,131,2374.024488
2.737287,12,2374.076955
6.680889,600,2382.667835
-58.361018,600,2385.278588
2.807705,80,2385.622954
2.724468,39,2385.794135
1.702728,34,2385.937538
-94.950296,58,2386.169063
-45.043953,73,2386.473876
-21.361052,600,2389.097986
1.449358,32,2389.246287
-3.898249,600,2397.825996
0.317236,29,2397.963806
3.950719,33,2398.106344
1.490205,44,2398.32566
-28.939005,600,2400.930908
-41.922188,600,2403.574832
-26.808515,600,2406.174218
-10.037763,57,2411.850923
2.512415,600,2414.480484
1.875185,45,2414.658116
2.634128,600,2417.311838
-27.220133,600,2419.99396
-35.409319,600,2428.469708
0.106335,600,2431.132636
2.643976,46,2431.323802
3.113114,20,2431.412373
-50.069166,41,2431.587602
4.281404,55,2431.822361
1.723944,600,2434.434359
1.056861,600,2442.948874
1.18256,600,2445.499809
-47.930353,36,2445.66239
8.089811,600,2448.349777
2.809239,600,2456.832547
0.26836,27,2456.960567
4.520116,49,2457.165656
-31.108074,56,2457.377592
-50.975258,600,2460.097657
6.072694,600,2462.691489
-11.857425,35,2462.849742
-43.706193,35,2463.011054
-34.239439,600,2471.48297
-14.543764,600,2474.126703
-44.596537,37,2474.27516
-29.491947,87,2474.609957
-19.413649,53,2474.805247
-18.331181,600,2477.380692
-23.742617,600,2485.720871
10.384999,600,2488.327562
2.346656,60,2488.564712
2.03429,600,2491.189887
3.623237,34,2491.341066
2.365837,28,2491.465345
1.301167,162,2492.117063
-29.176493,62,2492.385641
-46.904746,600,2500.792803
-21.479487,600,2503.420729
5.532662,600,2505.998897
2.161426,600,2508.663082
4.236862,17,2508.741165
0.88381,26,2508.86777
2.547626,52,2509.059677
2.412969,63,2515.323803
4.68441,600,2517.879626
0.928387,600,2520.591427
0.539378,600,2523.281029
1.905377,600,2531.549788
-88.921147,54,2531.828429
4.628339,600,2534.489849
-13.383142,600,2537.168781
9.544174,600,2545.750941
2.186559,78,2546.091768
-23.702442,52,2546.331562
0.999838,83,2546.71113
12.033926,600,2549.313016
3.95644,16,2549.391413
-0.617173,600,2552.023786
2.182073,71,2552.339597
-27.343377,131,2552.959839
-57.495028,600,2561.617432
6.414489,52,2561.871833
4.117883,24,2561.997061
1.605601,600,2564.640263
2.81654,26,2564.7559
1.296694,134,2565.310895
-22.731328,93,2565.716578
-48.72775,34,2565.868342
-48.066566,40,2566.069358
-98.774776,57,2566.32871
5.958097,600,2568.772292
-69.062743,600,2577.246079
-11.730445,50,2577.485972
-104.447956,56,2577.761422
6.122331,600,2580.292768
2.466102,61,2580.555105
-14.00877,600,2583.208211
-38.422445,33,2583.344142
-25.681856,600,2591.71216
-44.693311,33,2591.855885
2.551008,11,2591.905285
-45.860563,72,2592.226088
-40.887265,600,2594.933804
-55.104649,51,2595.188219
-27.738549,61,2595.476985
-17.953037,600,2598.049381
2.171175,17,2598.124271
-24.176413,55,2604.143744
2.074174,23,2604.236463
2.338895,22,2604.338822
-31.850645,600,2607.052915
2.378454,44,2607.249153
3.397263,600,2609.812658
-37.444914,60,2610.081387
-72.538796,600,2612.693465
6.15903,600,2621.179611
2.89002,600,2623.877671
-10.226985,600,2626.55588
-48.124338,54,2626.785877
1.747381,30,2626.927862
-33.663466,600,2635.322927
-42.698377,600,2638.064308
-84.395476,600,2640.744655
4.550741,600,2649.408845
-35.722851,145,2650.024022
-32.417464,74,2650.341773
3.086574,600,2653.038082
-33.978572,37,2653.202029
1.588299,600,2655.881817
-21.790305,31,2656.006788
-21.505109,36,2656.157444
-6.642776,29,2656.279393
11.737366,600,2664.967756
-39.083155,55,2665.209928
6.740055,600,2667.838973
2.348236,34,2667.98244
-33.501143,600,2670.723308
3.32228,34,2670.888757
0.439016,18,2670.963918
-27.786783,27,2671.094637
-33.945941,600,2679.611655
-13.375299,28,2679.720825
-20.517975,600,2682.358849
-30.968043,38,2682.524684
3.683896,600,2685.115554
1.008344,600,2687.840414
-20.670638,29,2687.956549
1.861137,29,2688.072364
3.733722,600,2696.443024
1.418352,15,2696.505795
2.779711,19,2696.598768
-19.129461,211,2697.520911
-31.530192,31,2697.65231
2.581625,63,2697.917274
-46.294885,600,2700.479825
1.946295,600,2709.021545
1.898882,22,2709.121398
3.083017,600,2711.7315
0.676951,600,2714.259255
-41.489514,600,2716.862695
-20.94166,134,2717.545367
-48.34975,600,2725.962951
2.58314,600,2728.568989
2.624943,11,2728.616346
1.190514,600,2731.243778
-26.482158,600,2739.605196
-22.370641,600,2742.219181
-12.805869,44,2742.396647
-37.214933,600,2744.969393
1.999593,600,2753.568544
3.696085,600,2756.108589
1.805259,30,2756.242603
2.180597,600,2758.894666
-35.292673,27,2759.00037
1.767445,600,2761.649319
-33.439862,160,2768.345672
-27.717401,600,2770.864108
-62.844426,600,2773.476525
-104.372899,62,2773.777292
10.051065,600,2776.403203
4.320212,34,2776.583478
-42.833075,600,2785.097549
3.01529,13,2785.152937
0.331922,600,2787.659912
2.740931,600,2790.182511
3.023624,600,2798.466939
-36.677957,600,2801.012987
-27.806646,36,2801.176894
-14.921431,45,2801.379329
4.12016,600,2803.959873
-98.868026,57,2804.200958
-17.823979,30,2804.306948
1.54056,15,2804.374791
-15.789447,600,2812.582545
-48.168281,600,2815.192387
-82.352044,600,2817.743195
-30.365374,600,2826.208068
3.199411,26,2826.34307
-17.613368,600,2828.936297
0.39988,79,2829.306285
2.516385,21,2829.398604
11.043171,600,2832.026029
-14.463911,600,2834.612223
2.151956,600,2843.156832
1.084092,600,2845.763815
2.549237,96,2846.161197
1.958776,600,2848.811038
2.965549,600,2857.206876
-30.831638,600,2859.774162
10.382405,600,2862.378792
-32.479656,30,2862.514825
0.019087,600,2870.955751
1.139739,600,2873.653008
-53.518322,600,2876.270447
-34.385361,600,2878.923052
-99.554401,57,2879.170893
-42.153829,47,2879.390359
-42.041205,80,2885.648433
-25.25376,29,2885.783781
-58.543589,600,2888.292491
-11.901646,55,2888.557555
-38.907793,71,2888.898981
2.894746,34,2889.068385
-0.257715,600,2891.630618
10.143641,600,2900.263277
2.602861,83,2900.640176
-36.374079,33,2900.789732
1.365839,48,2901.014101
2.713307,13,2901.083929
1.336217,600,2903.665159
3.463182,17,2903.750876
14.790382,600,2906.293715
6.087189,600,2908.875445
2.207131,25,2909.003297
-26.303804,49,2914.93498
3.164305,29,2915.056992
1.188279,356,2916.652599
1.589823,57,2916.897045
-45.174709,128,2917.481852
2.634958,600,2920.05721
-13.630727,600,2922.706516
2.205689,155,2923.410599
3.895622,600,2931.816149
2.197965,142,2932.474105
12.751687,600,2935.06906
-27.102835,600,2937.72975
10.130698,600,2946.16495
2.953988,14,2946.231203
3.996829,23,2946.327566
-0.627459,600,2948.907044
3.039829,600,2951.441206
-86.843579,54,2951.711464
6.121294,145,2952.353749
2.170704,16,2952.416748
-39.26358,37,2952.56341
-37.306072,36,2952.70521
-3.005988,40,2952.864404
-30.841848,35,2953.000547
-75.252449,600,2961.482265
6.069107,600,2964.141034
-28.624343,600,2966.829535
-38.800458,69,2967.0938
3.207068,87,2967.511832
-74.619671,600,2975.565296
-21.351829,600,2978.165224
3.081635,17,2978.248891
-36.825113,600,2980.926413
-72.348048,600,2989.351894
-24.254991,600,2991.98242
1.97332,84,2992.335014
-25.942202,600,2994.944485
4.068077,600,3003.346192
2.128404,600,3005.963771
-91.943465,600,3008.486845
-12.445456,186,3009.336488
1.871153,189,3010.183801
1.809468,600,3018.601617
0.932033,600,3021.229816
-100.490304,61,3021.516425
-21.092073,68,3021.807184
-105.858299,71,3022.119878
4.611271,600,3024.74267
-31.170412,600,3033.299489
-91.548736,54,3033.535893
6.547678,40,3033.712571
-47.072006,36,3033.870108
-33.576929,31,3034.005209
-18.001881,600,3036.629925
-42.170953,52,3036.873277
3.85526,16,3036.939035
0.773234,56,3037.190486
-32.942505,600,3039.834284
2.059513,600,3048.228695
-35.076982,73,3048.557093
-26.515618,600,3051.160203
-32.804349,600,3053.815292
-46.393111,55,3054.062509
-82.152359,600,3062.385251
-19.157859,600,3065.082575
-38.560343,33,3065.211074
-65.347037,600,3067.843344
6.286581,63,3068.11535
3.37634,63,3068.421037
-8.375302,80,3068.810811
9.817032,600,3077.418757
0.737073,77,3077.796027
-44.348266,48,3078.027215
5.919955,600,3080.734896
2.830659,600,3083.292893
-88.710239,600,3085.92818
6.632999,14,3086.00014
0.964784,600,3094.741865
-31.611152,600,3097.326484
1.483244,600,3099.894928
-11.765326,33,3100.069506
3.194607,600,3108.702628
-48.559262,38,3108.877993
-33.333138,67,3109.185739
1.052782,489,3111.381922
-100.889616,56,3111.621488
-38.779126,33,3111.761159
-35.578863,600,3114.433806
1.25385,20,3114.525196
1.989733,18,3114.619892
-42.901048,39,3114.814328
-0.397094,600,3123.220634
-49.884708,38,3123.381878
-24.116368,58,3123.649014
1.341179,600,3126.265192
-44.444256,33,3126.420335
-76.623668,600,3128.987624
-83.857323,600,3137.703791
6.35834,600,3140.296222
2.998132,15,3140.357523
-26.328331,600,3143.022537
-31.123319,600,3145.735052
-51.62333,40,3145.898307
1.934997,42,3146.077152
-39.140876,64,3152.219568
13.678036,600,3154.805978
1.474595,36,3154.967917
-111.931091,59,3155.235147
12.475846,600,3158.071452
1.326843,15,3158.145676
-30.623827,600,3160.675213
-31.648815,600,3168.943139
2.161911,30,3169.08356
2.291672,27,3169.209677
2.773133,29,3169.345255
-33.295062,33,3169.506854
-101.95202,58,3169.750371
-31.716342,600,3172.491935
-11.547962,600,3175.087726
4.533128,600,3183.445894
-24.959446,600,3186.096647
-38.363583,36,3186.277745
17.706945,600,3188.770494
1.751707,12,3188.834729
-86.839589,58,3189.103514
-8.537539,28,3189.245791
3.016259,65,3189.582848
2.841041,23,3189.694002
1.845364,23,3189.798987
-36.661597,600,3198.035717
-49.037586,224,3199.01782
3.998079,600,3201.50767
3.091834,25,3201.626338
9.454802,600,3204.234352
-5.132884,600,3212.692656
-13.153675,600,3215.403843
3.769179,600,3218.068461
-15.38459,600,3226.392666
2.44368,22,3226.484847
-33.178619,47,3226.697301
3.639501,600,3229.331984
-41.548936,50,3229.556131
-34.062467,68,3229.873003
-54.138335,43,3230.057958
13.589524,600,3232.734111
-102.18737,600,3241.568431
-30.121213,62,3241.83812
-74.937181,600,3244.445102
6.197823,48,3244.634169
-87.683692,56,3244.874915
6.598061,31,3245.005455
1.850459,16,3245.088902
-32.151296,600,3247.685351
-36.882298,34,3247.83542
-21.013288,600,3256.552062
4.556211,600,3259.259998
-65.119209,600,3261.88946
-35.8071,20,3261.978315
-34.298861,600,3264.535271
-32.681568,600,3272.912083
8.487736,600,3275.508774
1.646456,12,3275.565281
4.727935,600,3278.130513
-7.523697,600,3286.417544
4.061577,600,3288.930748
-48.672209,37,3289.088464
-17.838394,48,3289.314452
-18.496289,30,3289.448058
-43.461814,56,3289.705965
-25.687145,600,3292.403951
-21.473711,37,3292.582429
2.369228,28,3292.712945
-41.182862,36,3292.871614
2.914929,600,3301.538492
1.536512,12,3301.606785
1.538341,600,3304.236986
-42.718045,37,3304.390302
-88.718819,600,3307.049288
7.90424,600,3315.6637
2.068963,600,3318.354574
3.243544,13,3318.419417
1.855641,46,3318.620653
-15.257592,600,3321.258771
1.895202,48,3321.445544
3.407007,16,3321.521543
14.590503,600,3324.22262
-9.346736,600,3332.914948
-25.70023,29,3333.026524
2.42046,34,3333.155397
3.689546,32,3333.301272
1.343093,13,3333.368639
-38.614874,94,3333.789049
-34.581918,40,3333.977462
-25.467305,47,3334.195356
-63.523139,600,3336.965427
-61.552715,600,3345.43041
-41.863869,36,3345.6059
-33.934519,600,3348.1718
-31.304382,184,3349.004665
-30.28473,31,3349.130773
-78.375625,600,3351.638241
6.661348,17,3351.711161
-36.868496,32,3351.838159
2.692727,14,3351.906583
2.247775,12,3351.964071
2.697737,22,3352.051787
-24.780449,31,3352.177335
3.193605,83,3352.58902
2.403963,600,3361.075482
2.739067,29,3361.186989
-82.650003,120,3361.725158
6.314583,24,3361.846206
-17.266988,50,3362.092595
-0.508001,600,3364.80352
4.846558,20,3364.897858
5.074416,600,3367.547959
2.523604,260,3368.73273
2.418007,14,3368.803342
-30.908897,37,3368.975421
-27.393946,600,3377.637981
-24.01742,55,3377.884032
-82.047542,600,3380.478307
6.40384,22,3380.577627
-44.685815,33,3380.718926
5.468086,600,3383.373896
-22.629291,36,3383.518666
3.410041,25,3383.62017
0.867273,15,3383.68668
3.524147,600,3392.199881
3.519644,600,3394.819779
2.325713,16,3394.885616
-66.849442,600,3397.585886
-17.85531,600,3406.086761
-30.605269,32,3406.238264
1.633538,16,3406.315017
-26.36539,600,3408.986296
-20.517401,36,3409.132804
10.067674,600,3411.610399
2.685874,16,3411.685285
-94.190321,600,3420.025619
-33.315312,117,3420.505041
11.464583,600,3423.007073
-44.071219,32,3423.152632
8.341877,600,3425.75
-42.162436,600,3434.338027
-50.760809,37,3434.503921
2.042867,600,3437.152696
4.104579,600,3439.747612
17.044385,600,3442.379081
2.984953,600,3450.83379
0.775988,15,3450.911986
3.195704,24,3451.015321
4.536958,600,3453.637776
-20.172384,600,3456.289755
3.235376,43,3456.475595
-22.467037,26,3456.591045
1.38249,600,3465.089007
6.527323,600,3467.698864
-46.798471,36,3467.842314
-42.899093,32,3467.997149
5.824746,600,3470.569891
-48.830998,600,3478.803188
-7.023029,600,3481.505445
2.246033,600,3484.202895
3.302731,11,3484.24837
0.353233,600,3486.924674
1.943726,14,3486.990876
1.403172,12,3487.045606
6.851448,600,3495.488968
-27.60064,31,3495.641991
-15.364527,600,3498.252359
-15.61509,600,3501.011779
-43.136761,39,3501.199445
-28.631114,31,3501.361935
-35.636358,110,3501.896446
-9.80473,600,3509.929974
0.718896,13,3509.995759
4.302636,600,3512.69597
-35.962566,301,3513.956191
-1.974934,600,3516.713958
-22.273069,600,3525.507121
2.673999,122,3526.040872
8.169163,600,3528.741158
-19.19343,51,3528.9583
3.408159,16,3529.03902
1.826086,17,3529.117103
3.273868,18,3529.181829
-43.702607,600,3531.842678
1.821176,22,3531.950399
4.766837,600,3540.268902
11.933364,600,3542.906486
12.776569,600,3545.565508
2.753006,17,3545.6411
2.35454,29,3545.763251
14.884455,600,3554.213575
-88.022489,57,3554.449814
-20.708392,34,3554.596187
-6.678763,29,3554.737048
-19.732245,600,3557.493029
-40.70802,600,3560.198858
2.782175,22,3560.288246
2.618327,28,3560.419586
1.747779,17,3560.498013
2.781845,17,3560.577432
-38.064392,34,3560.722544
1.010681,600,3569.363852
1.501532,26,3569.483
-20.663522,33,3569.621837
-22.126681,600,3572.282704
3.308146,11,3572.333978
12.234,600,3575.005404
-39.786661,31,3575.136738
2.499595,27,3575.248207
-82.842964,600,3583.441441
12.647378,600,3586.169901
1.533786,15,3586.242525
-25.368627,600,3588.979097
0.758425,29,3589.131899
-64.040821,600,3591.897742
6.659726,12,3591.953447
-46.561481,600,3600.292298
-88.24851,54,3600.571521
6.755531,14,3600.624599
3.129224,600,3603.189185
1.981089,13,3603.257892
-23.842941,600,3605.844459
-6.736172,600,3614.477111
6.176317,600,3616.995377
4.551922,600,3619.614754
1.843299,33,3619.77053
-46.840702,39,3619.954746
-20.464402,49,3620.184363
1.553648,600,3628.491333
-22.724328,600,3631.104194
-19.870883,33,3631.279939
-17.259453,600,3633.899093
5.119052,600,3642.481393
6.378279,600,3645.057492
-79.603052,600,3647.784151
15.864891,600,3650.438112
2.511205,600,3659.017437
-69.563662,600,3661.723951
7.465127,600,3664.390703
-27.272793,56,3664.654818
-92.626284,600,3673.028754
-18.689027,600,3675.689149
2.664567,15,3675.778003
0.375843,600,3678.315104
8.684033,600,3680.919481
-26.124961,138,3687.194231
1.710277,13,3687.24808
-45.822789,600,3689.892167
-6.811011,600,3692.610963
3.310415,55,3692.885484
-42.609561,35,3693.066578
-40.966465,36,3693.239804
-24.14356,600,3701.796036
-0.456065,600,3704.421424
8.634425,600,3707.095419
8.950593,600,3709.720114
4.077259,13,3709.79314
-5.45679,600,3718.203089
6.592125,600,3720.772468
3.34925,600,3723.462457
-31.464442,37,3723.634573
3.167617,44,3723.856177
0.813085,27,3723.992027
-9.784027,86,3724.411803
-19.741561,34,3724.575124
1.956792,32,3724.730687
-27.836897,600,3733.31603
-39.01344,35,3733.484034
-36.137188,48,3733.716281
9.94354,600,3736.35367
9.276577,600,3739.004426
-12.81366,31,3739.156536
3.347177,23,3739.268188
1.968178,24,3739.380641
-36.893944,42,3739.580706
-84.176896,54,3739.836973
-31.252373,600,3748.435002
-32.951793,600,3751.042586
-27.238052,600,3753.637261
-29.905725,31,3753.795177
3.154564,600,3762.316684
2.159381,11,3762.37698
3.806682,18,3762.466159
9.334874,600,3765.075583
-22.795672,600,3767.724322
-18.074,600,3770.437477
-37.967872,600,3778.955539
-37.400074,111,3779.460281
2.569336,26,3779.574516
-17.711387,600,3782.230267
3.947043,600,3784.911628
0.940302,13,3784.979319
-69.067448,600,3793.587098
-40.207807,600,3796.236812
-31.072728,37,3796.401394
-39.57743,600,3798.961258
-25.679295,600,3807.336352
-32.638645,600,3810.031579
1.896304,31,3810.175303
-41.284307,38,3810.322652
5.197272,600,3813.002876
-38.152359,600,3821.570684
-43.616141,35,3821.736329
-31.539274,600,3824.32774
1.354826,20,3824.424721
-80.732119,600,3827.066035
7.347191,600,3829.790095
3.802127,600,3838.461409
6.927169,600,3841.141524
-40.081301,36,3841.281932
1.913245,63,3841.552091
-38.228585,34,3841.704812
0.593215,32,3841.850713
4.636402,12,3841.902803
-18.886153,34,3842.066371
-53.781783,32,3842.204154
-34.294377,122,3842.772743
-57.601682,45,3842.993757
-44.718885,39,3843.153231
-38.498873,600,3851.765939
-42.477077,600,3854.355646
-21.850971,53,3854.591513
2.482801,17,3854.674642
3.544156,20,3854.757444
2.273983,600,3857.349278
-91.949597,60,3857.641359
1.927524,600,3860.335662
-7.069553,56,3866.330208
-32.364227,34,3866.470648
-47.077507,39,3866.664227
5.780264,600,3869.327223
0.465082,27,3869.444259
0.98204,600,3872.032925
-71.752215,600,3874.686226
-2.670255,30,3874.822626
0.615062,600,3883.303296
9.8318,600,3885.911592
-8.290135,31,3886.044507
-68.00834,600,3888.560446
11.57315,600,3896.935337
1.947827,22,3897.031921
-30.711633,29,3897.172841
5.694197,600,3899.89051
-70.113626,600,3902.60136
-39.598798,90,3903.028994
11.46584,600,3911.432912
7.079264,600,3914.003456
2.418545,28,3914.140404
2.531045,18,3914.216648
-17.042537,38,3914.354575
12.836167,600,3916.985713
-42.458835,35,3917.158929
-17.487603,55,3917.408898
-89.480834,61,3917.688365
6.766868,12,3917.749125
-25.463238,32,3917.901753
-23.360489,216,3918.87725
1.274473,15,3918.949919
-43.676338,41,3919.128263
-83.030277,60,3919.418811
6.462671,17,3919.498517
2.752011,23,3925.556791
3.11634,30,3925.684338
6.029448,600,3928.193927
8.632494,600,3930.78072
1.665633,14,3930.849466
3.162476,600,3933.44374
3.251787,21,3933.549766
1.926982,30,3933.671414
7.312554,600,3942.092994
-23.184837,600,3944.69615
3.68154,19,3944.780995
2.375737,62,3945.022029
4.264945,600,3947.593601
-35.983018,38,3947.755336
-27.597367,33,3947.92055
-33.872937,50,3948.148332
7.503575,600,3956.655921
-36.433146,36,3956.812657
4.793586,79,3957.145639
0.869366,12,3957.209744
2.345143,28,3957.332497
-19.601825,600,3959.942949
1.370074,15,3960.014348
-88.745899,55,3960.242522
-32.837864,600,3963.009953
0.801248,36,3963.182413
-28.272667,600,3971.615924
-41.434525,35,3971.756055
-32.704214,600,3974.471817
-29.683348,43,3974.671395
-93.123509,61,3974.921888
6.66304,14,3974.985723
-91.663032,56,3975.206998
15.057751,600,3977.899708
-71.486952,600,3986.434106
7.477195,600,3989.096421
-47.781482,600,3991.749331
6.439818,19,3991.838187
-49.69339,40,3992.024666
-33.640582,600,4000.787994
2.665177,11,4000.833465
3.315995,26,4000.962985
-25.653064,600,4003.569317
-16.011512,51,4003.777152
3.067972,17,4003.847697
2.125009,20,4003.941099
2.176813,49,4004.183579
4.358138,34,4004.337916
-12.412583,600,4007.004797
-38.871319,600,4015.719279
-27.868903,31,4015.841734
4.228507,33,4015.971465
-38.323905,31,4016.080986
-39.694249,33,4016.222054
-21.958916,600,4018.878217
3.163816,161,4019.606794
-61.64102,600,4022.297793
6.655366,12,4022.347252
-56.11539,600,4030.991375
-38.78878,37,4031.136825
2.724387,18,4031.22093
-25.28788,600,4033.793726
4.411253,23,4033.895886
2.507495,600,4036.505542
1.622085,15,4036.564887
2.942782,12,4036.625241
-135.842607,600,4045.007119
-38.924948,36,4045.1569
-37.367647,600,4047.715076
2.503237,47,4047.927493
-8.649516,34,4048.05877
-44.127594,80,4048.392354
-37.327645,59,4048.680706
3.108669,21,4048.795467
2.066379,26,4048.931177
2.996422,16,4049.013521
2.106941,27,4049.136794
2.311611,21,4049.226104
-54.843408,43,4049.435153
4.404646,600,4051.974923
2.219742,23,4052.069125
-31.07361,43,4052.245744
-44.325825,46,4052.440346
1.097308,12,4052.50742
-64.939708,600,4060.81641
-24.173567,109,4061.279057
2.744774,11,4061.320251
-41.028306,36,4061.485263
-26.522684,39,4061.651821
2.763057,27,4061.764217
2.778538,23,4061.85652
-31.511836,600,4064.492578
-23.225348,34,4064.625691
1.201248,27,4064.742363
2.842232,11,4064.786672
-22.348651,600,4067.382548
3.823374,35,4067.523492
-30.15299,600,4076.099915
2.616728,21,4076.199262
4.466855,600,4078.832592
-7.470199,30,4078.953918
-31.059488,53,4079.166989
3.609922,600,4081.782995
7.967599,600,4090.093682
2.31855,28,4090.226492
-32.211971,600,4092.987118
-16.935996,600,4095.630218
-61.32508,600,4104.156138
5.969411,600,4106.858814
1.770288,25,4106.987345
3.488899,29,4107.128401
2.742528,12,4107.187373
0.983747,20,4107.290369
2.662282,13,4107.353888
-36.535257,71,4107.674151
4.427183,600,4110.280135
-21.229354,600,4118.389035
-38.14528,39,4118.570952
-38.767276,58,4118.833781
-99.301392,84,4119.2181
-35.818843,31,4119.373658
-46.457422,39,4119.539791
2.026958,42,4119.717705
-24.33041,600,4122.29899
-44.906855,45,4122.472524
13.50769,600,4125.170225
3.430406,21,4125.267009
-18.765003,30,4125.420178
6.122371,600,4134.005792
4.370086,600,4136.616429
-12.112728,600,4139.196195
14.672057,600,4141.775697
11.520516,600,4150.409274
3.365058,18,4150.502058
-8.564502,600,4153.202498
-36.602789,600,4155.870551
17.445261,600,4164.428274
-89.941923,59,4164.681095
6.643363,11,4164.733425
1.300214,27,4164.832058
-2.834265,197,4165.677121
-19.564109,29,4165.823996
-5.22538,600,4168.595818
2.663093,14,4168.661897
10.286296,600,4171.415959
2.867498,11,4171.463017
2.790625,14,4171.523989
1.784376,22,4171.633199
2.487744,24,4171.733391
-28.90158,36,4171.90528
1.337369,13,4171.972362
-49.141388,42,4172.154852
-5.420084,79,4178.014247
0.977243,13,4178.061102
3.175537,600,4180.663726
-12.124081,32,4180.822466
3.524638,15,4180.898795
2.668843,20,4180.993891
-21.378299,600,4183.604833
1.155019,20,4183.694959
-40.38998,73,4184.033504
4.263547,600,4186.762068
-30.691356,600,4195.321411
-37.660542,600,4198.059278
-37.325281,32,4198.19679
-32.549235,600,4200.81772
-22.893055,40,4201.016646
5.721954,600,4209.440518
6.063806,600,4212.121422
8.296625,600,4214.760942
1.876494,16,4214.845567
7.861179,600,4223.449701
4.125067,600,4226.159102
-72.758172,600,4228.773157
6.391893,31,4228.913087
-27.756951,31,4229.057112
-18.576209,30,4229.204063
-32.268619,600,4231.832197
-47.391209,47,4237.834012
-42.440304,67,4238.114259
-10.276071,600,4240.857303
0.995479,24,4240.957942
4.708407,600,4243.502762
-35.04954,600,4246.083718
10.500363,600,4254.424072
-13.836261,600,4256.93998
7.188628,91,4257.360543
1.03097,12,4257.428808
-89.164066,57,4257.662226
-13.08922,600,4260.489942
-54.225424,600,4268.87722
-14.73818,51,4269.112013
-28.026067,600,4271.847885
-37.075462,36,4271.991637
4.94877,600,4274.624437
3.02946,23,4274.735524
-39.655479,600,4282.877889
-94.462903,59,4283.116517
6.489605,600,4285.696948
-102.503883,58,4285.943364
-43.630582,600,4288.552931
0.938188,59,4288.806082
-28.904125,600,4297.46678
2.080119,27,4297.577924
-24.751333,154,4298.230287
-16.519583,600,4300.794824
0.641861,12,4300.857554
7.041592,138,4301.496606
2.171794,16,4301.574416
2.081448,12,4301.639566
-2.712009,29,4301.761711
1.865363,25,4301.87421
-33.448192,29,4301.982144
15.604914,600,4304.775735
2.214777,20,4304.876229
2.779875,600,4313.525546
-56.747724,38,4313.692203
2.756446,15,4313.758186
3.644277,13,4313.816923
5.305573,600,4316.664973
-21.157971,600,4319.417608
1.535409,600,4327.665569
2.321776,28,4327.805977
13.766827,600,4330.500214
-9.21563,28,4330.615682
8.584319,600,4333.234451
9.044653,600,4335.818075
-42.726562,136,4342.149582
0.559211,28,4342.279626
-48.444644,46,4342.474605
-16.962298,600,4345.165458
-40.08255,32,4345.286566
10.713344,600,4348.074705
-42.696068,75,4348.379584
-39.038168,46,4348.568399
-49.961018,600,4357.434007
8.090415,600,4360.228678
10.97627,600,4362.990629
-27.632634,27,4363.115468
2.730026,11,4363.168151
2.750646,14,4363.229505
2.534208,600,4365.869458
3.778332,35,4366.031794
1.692569,26,4366.154744
-38.909765,600,4374.426323
0.965922,14,4374.499099
-15.95969,600,4377.165334
-7.489421,600,4379.762336
2.722427,52,4379.998741
1.495603,17,4380.078676
-45.000943,78,4380.445257
2.287277,13,4380.505465
-21.287414,600,4388.971995
2.586533,14,4389.04063
10.162587,600,4391.677584
2.405224,11,4391.731077
2.402707,39,4391.909044
-31.317052,600,4394.63489
7.8187,600,4403.151637
2.119434,36,4403.296696
9.462867,600,4406.051527
2.358841,12,4406.10056
2.860055,45,4406.276556
8.427027,600,4408.995354
-23.194094,32,4409.099227
-10.435551,149,4409.763963
-40.700235,32,4409.938062
3.414762,28,4410.082048
-40.522921,600,4418.362191
-38.167897,600,4420.96858
-44.24059,600,4423.570851
2.965804,11,4423.622873
-14.75959,600,4432.20164
3.084507,13,4432.267989
-18.455988,600,4434.989137
0.557283,25,4435.099089
4.179797,15,4435.174855
-28.519097,56,4435.423325
1.394521,19,4435.513943
-49.012738,38,4435.675914
-22.044041,600,4438.474435
-35.969153,34,4438.646029
1.44054,68,4438.975214
-14.007341,600,4447.774428
7.970278,600,4450.429106
-24.309892,33,4450.570336
-85.99613,54,4450.806828
6.669933,21,4450.89454
-35.038413,37,4451.067022
0.892766,19,4451.159606
2.614678,30,4451.313329
-28.095908,39,4451.507561
-14.625275,600,4454.110903
-22.462324,600,4462.633344
2.541719,28,4462.739769
-11.799476,600,4465.475949
1.738712,11,4465.531888
-21.546089,50,4465.754554
6.887467,600,4468.425349
-50.71246,64,4468.684978
-27.213395,600,4477.407059
3.165243,18,4477.475302
2.451599,20,4477.567124
-25.741327,31,4477.720813
3.278344,600,4480.344045
16.271865,600,4482.888969
0.375197,600,4485.623023
-21.788758,37,4485.80096
-75.361641,600,4494.213659
-2.636662,33,4494.350052
6.239291,600,4497.089294
-21.6309,600,4499.80615
2.416698,32,4499.934601
4.643088,600,4508.306058
3.980593,600,4510.953432
0.769336,12,4511.005973
14.889995,600,4513.613667
-9.677159,35,4513.781392
3.345176,14,4513.849627
9.551205,600,4522.456561
4.125354,12,4522.50404
2.684416,35,4522.658517
0.798828,16,4522.730387
-42.253861,600,4525.356365
12.363744,600,4528.024747
7.531415,600,4530.780807
-39.347533,600,4539.277885
2.985728,17,4539.349751
-3.016114,600,4542.063337
1.43988,30,4542.184806
-10.611492,600,4544.8295
1.995058,11,4544.872796
1.867296,16,4544.944374
4.346008,19,4545.043889
-48.740385,600,4553.326782
-22.346381,49,4553.511086
-39.503799,37,4553.68318
-32.233429,600,4556.300297
2.136391,21,4556.400139
-3.937807,600,4559.011837
-40.984564,65,4559.335017
2.832457,51,4559.573941
-10.921642,600,4568.174265
-37.656882,82,4568.5328
-29.425921,600,4571.148479
-11.836499,600,4573.736152
-47.071639,600,4582.077568
2.687973,19,4582.159865
9.850782,600,4584.945392
2.708614,46,4585.143252
7.191385,600,4587.736316
-34.31275,33,4587.90013
6.341106,600,4596.31194
2.666816,18,4596.406099
-8.461401,89,4596.790542
-33.706907,35,4596.940843
3.603343,85,4597.276736
6.92606,600,4599.981383
2.314073,11,4600.033229
-48.922154,33,4600.16993
2.74993,14,4600.225341
-41.112459,600,4602.972706
2.461747,22,4603.062255
-34.80607,39,4603.234845
0.623733,14,4603.296948
-37.875224,39,4603.463495
1.267518,17,4603.540724
2.170411,14,4603.605983
-16.449701,600,4612.150996
-45.988491,30,4612.281487
14.549011,600,4614.831249
-19.811107,600,4617.539798
-18.655066,600,4626.123615
2.983503,11,4626.179113
9.953377,600,4628.875079
2.967027,15,4628.942434
6.581505,600,4631.453949
2.567317,16,4631.520196
9.837928,600,4634.177968
-24.497692,600,4642.860423
-38.983544,600,4645.499671
3.547243,52,4645.752862
1.736796,22,4645.868698
-10.775565,31,4646.009507
2.889048,17,4646.083671
-30.997529,39,4646.267656
9.777744,600,4648.942741
1.09001,21,4649.026515
2.358349,30,4649.155348
2.688186,14,4649.220842
-36.493661,600,4657.708152
2.8068,78,4658.06564
2.526816,12,4658.131695
3.664189,36,4658.267094
-102.112896,58,4658.512119
-36.115751,37,4658.657815
-42.596857,600,4661.374144
-15.882734,600,4664.186097
5.230232,600,4672.734261
-11.67512,600,4675.271507
-7.625588,600,4677.888493
0.760256,23,4678.015223
-20.245502,600,4686.32666
-26.475249,33,4686.475159
2.810427,21,4686.560017
-30.753636,600,4689.141865
15.492794,600,4691.789838
-49.858922,600,4694.401914
1.947038,31,4700.242294
-22.050858,600,4702.890071
-25.239351,600,4705.56005
2.050288,11,4705.620731
7.340862,600,4708.297176
-35.988103,46,4708.517882
-30.499923,36,4708.686839
0.842924,25,4708.821866
-26.461541,600,4717.414542
1.148519,14,4717.489068
-7.242138,600,4720.102227
3.445692,18,4720.185904
3.974396,15,4720.261663
0.703269,18,4720.346309
3.585176,37,4720.513937
1.581973,20,4720.598016
5.436174,75,4720.905568
-44.970531,38,4721.085188
1.612819,600,4723.659595
-104.496442,58,4723.90991
5.066345,600,4732.455191
-34.69367,75,4732.808055
-42.429094,600,4735.477029
-48.359238,41,4735.682502
-65.881278,600,4738.26935
-32.856324,36,4738.427739
8.25411,600,4746.864609
-21.219218,600,4749.427996
-59.825215,600,4752.026539
-14.202126,600,4760.472417
2.863216,13,4760.539175
-41.979373,600,4763.285669
6.652414,23,4763.384102
10.124554,600,4765.94777
2.461599,23,4766.038951
-9.000314,600,4768.78756
-9.734764,86,4774.985825
-43.008241,600,4777.574354
-74.584179,600,4780.148932
-91.265627,55,4780.385452
-99.432992,58,4780.653147
-25.79034,600,4783.254996
2.890976,14,4783.322488
-30.74114,600,4791.866773
3.8353,49,4792.10529
-47.284305,35,4792.276424
-23.893869,600,4794.888263
0.607497,27,4795.03115
4.501097,13,4795.097016
0.688384,15,4795.177495
-21.847842,45,4795.406425
-23.632929,44,4795.624567
-86.820635,54,4795.871573
6.503552,600,4798.486384
2.630923,15,4798.548175
-32.841571,600,4807.066501
2.601714,35,4807.233444
2.327866,15,4807.314115
-87.524131,165,4808.051966
6.206284,48,4808.247971
-27.036771,119,4808.809622
1.250647,23,4808.93051
-25.143652,600,4811.606869
10.184424,600,4819.851287
3.132338,13,4819.91064
-25.673178,600,4822.669231
-37.954985,36,4822.847162
2.824832,17,4822.930008
3.809826,43,4823.097497
1.726068,600,4825.865443
1.503477,26,4825.978019
2.934673,14,4826.041185
11.434298,600,4834.607898
5.057303,97,4834.982109
4.322318,600,4837.515068
-39.75665,73,4837.830183
4.17936,65,4838.135916
1.686105,24,4838.252357
3.158538,20,4838.361363
-38.382886,39,4838.553754
-34.926975,600,4841.204133
12.527837,600,4849.684844
8.465087,600,4852.347872
-11.843106,600,4854.945704
-38.324329,600,4857.513999
1.473791,600,4865.759601
1.933104,30,4865.881473
9.754237,600,4868.515081
-32.989514,36,4868.68055
0.516097,600,4871.255257
8.035568,600,4879.608514
-40.81057,42,4879.788245
3.72943,600,4882.45502
7.199524,122,4883.025098
-69.053669,600,4885.634609
-83.424697,600,4894.232825
6.616051,13,4894.296854
6.223164,141,4894.893144
-30.043793,600,4897.525356
8.786852,600,4900.194701
9.234099,600,4908.669773
8.039123,600,4911.448669
6.149263,600,4914.100351
1.253994,13,4914.179813
4.254482,15,4914.254088
-32.044205,600,4916.963091
1.545994,29,4917.106161
-28.416629,600,4925.525342
4.114092,120,4926.079994
-29.078389,600,4928.784929
-48.182534,34,4928.914194
6.332401,104,4929.337739
-23.843725,600,4932.017192
1.907663,600,4940.233222
4.881699,600,4942.931199
3.583112,12,4942.98348
9.778462,95,4943.35642
2.319347,40,4943.528069
9.528199,600,4946.230109
11.341073,600,4954.890698
6.721107,120,4955.379838
2.61475,18,4955.46609
11.02034,600,4958.03821
-9.086699,600,4960.664186
3.08286,56,4960.924459
-39.75839,72,4961.268189
3.045015,29,4961.403426
-19.814187,600,4969.815796
-70.32048,600,4972.404303
13.807048,600,4975.034245
-51.264631,600,4983.573392
-50.144919,600,4986.236088
6.429676,17,4986.315485
-29.105838,30,4986.455757
2.245359,11,4986.507773
-29.230052,600,4989.086097
-43.353062,600,4997.536846
-5.845766,600,5000.281186
-49.200283,50,5000.511286
-30.315814,600,5003.149371
8.389747,600,5005.773209
1.470821,31,5005.90288
2.992748,13,5005.959149
10.67591,600,5014.431414
3.053213,12,5014.485585
-37.861291,600,5017.162982
2.267157,17,5017.242148
-21.534263,600,5019.878226
2.90667,28,5020.012084
-15.444589,600,5028.505263
-47.060151,35,5028.668149
10.462274,600,5031.311362
1.906913,18,5031.409222
13.223434,600,5034.19728
3.653519,13,5034.254832
3.333422,600,5042.686822
2.179271,13,5042.762124
2.442659,19,5042.85494
7.096493,600,5045.532688
-13.202047,600,5048.121207
4.888702,85,5048.509219
3.969917,600,5051.102124
2.062479,13,5057.079134
2.703253,39,5057.252469
2.007755,20,5057.350146
9.965698,600,5059.947836
-87.893066,60,5060.24748
-30.579032,600,5062.9109
-7.424837,184,5063.748952
-72.042624,600,5072.122859
8.433203,115,5072.641907
3.663925,17,5072.70861
-22.355709,600,5075.367294
-46.365908,35,5075.520093
11.29551,600,5078.103127
9.329543,600,5080.749364
2.977835,600,5089.274843
3.201424,13,5089.34218
-100.765638,74,5089.655159
17.510031,600,5092.31484
2.030989,11,5092.365819
-34.939759,49,5092.597105
0.893656,36,5092.754787
1.575043,600,5095.376718
-40.958402,35,5095.548973
3.649605,51,5095.777839
-37.568992,600,5104.27817
-35.967915,600,5107.042783
-37.542318,51,5107.290265
-25.074931,600,5109.929476
-48.664853,36,5110.107105
-42.789055,35,5110.281422
-11.961431,600,5118.802043
-30.451279,600,5121.537642
-45.692836,600,5123.988729
1.935207,600,5132.390173
-31.97367,600,5134.984848
2.032295,25,5135.106542
2.323294,41,5135.309818
2.906359,600,5137.92069
8.275452,600,5146.460874
2.461622,600,5148.991005
7.150257,600,5151.479507
5.709115,600,5154.055372
-26.750303,28,5154.182799
0.720554,128,5154.759667
-30.000251,600,5163.400687
10.162618,600,5166.0482
12.197273,600,5168.615931
2.414486,13,5168.669075
8.700916,600,5176.819067
-27.708424,600,5179.456275
6.303121,600,5182.057267
4.231031,13,5182.126764
1.610637,57,5182.342643
-28.545241,600,5190.772261
-22.459803,600,5193.456981
1.022135,17,5193.517467
9.718917,600,5196.056345
-3.036947,600,5198.705133
-47.783024,41,5198.870057
3.880667,15,5198.94868
9.816394,600,5207.325004
6.818774,600,5209.996405
-82.150582,53,5210.244107
-30.832019,600,5212.789849
-48.172513,37,5212.942829
-10.057897,600,5221.508695
-18.287233,600,5224.142015
5.041137,600,5226.722902
2.219567,14,5226.787386
6.885549,112,5227.306481
-98.912426,600,5235.849034
-9.413663,600,5238.340401
2.737546,82,5238.658164
3.476521,600,5241.274131
3.455422,600,5249.70656
2.260082,80,5250.1126
-22.360393,67,5250.438365
3.214005,25,5250.565222
8.848977,600,5253.111606
-44.698054,107,5253.63282
1.052461,38,5253.802472
-17.825784,600,5256.309313
3.054879,28,5256.447752
3.092513,23,5256.550865
5.503537,600,5264.854293
-9.399817,38,5265.026798
-40.089123,600,5267.680746
5.05624,77,5268.007096
2.946932,600,5270.620431
2.487046,18,5270.705868
-19.284316,43,5270.894606
-26.426574,34,5271.02864
-24.898546,600,5279.254865
1.99659,600,5281.830722
1.953829,18,5281.904448
-30.408091,600,5284.672264
2.503523,600,5287.330579
3.776114,12,5287.385775
-0.208059,600,5295.922132
-34.124995,30,5296.03683
-21.646946,600,5298.792374
-25.555941,600,5301.410607
-17.59257,600,5309.928204
-25.923899,38,5310.085356
0.27281,600,5312.716311
-27.674591,600,5315.517993
-28.65604,600,5323.79059
11.326134,600,5326.466019
-26.404277,600,5329.096339
-29.121285,132,5329.682162
-15.217806,89,5330.093347
4.350937,600,5338.812256
-26.190602,45,5339.021011
9.121853,600,5341.611472
1.342032,49,5341.847624
-89.35005,600,5344.468871
4.833552,600,5347.208699
-46.60275,40,5353.059926
-31.850043,46,5353.260795
0.531464,12,5353.323647
-45.005972,600,5355.92475
2.175032,129,5356.462456
3.350601,600,5359.118437
-94.985265,55,5359.351415
-33.344687,600,5367.454518
-48.666103,38,5367.605585
10.471372,600,5370.239742
-30.691456,32,5370.364264
8.25519,600,5372.986221
4.791082,600,5375.635669
9.311177,600,5384.101718
-0.228248,600,5386.578121
-48.944798,34,5386.728761
-49.075511,33,5386.889401
4.650475,600,5389.525893
2.998183,123,5390.040989
14.992098,600,5398.570292
13.057384,600,5401.137964
-10.280059,600,5403.766523
1.609978,22,5403.846612
1.898582,19,5403.928485
-39.042918,58,5404.158705
-18.483419,600,5412.760266
-73.884809,600,5415.375978
4.293291,600,5418.026813
4.245882,24,5418.142978
0.950998,600,5420.765947
-13.313193,600,5429.353447
9.292006,600,5432.125456
-32.762474,600,5434.675645
-58.115859,600,5443.08283
6.671464,14,5443.14609
1.792467,600,5445.82345
8.365644,600,5448.37781
-30.136663,600,5456.904377
-80.46061,54,5457.160458
-84.991227,53,5457.377504
14.49502,600,5460.047729
-34.560844,58,5460.307373
-26.823609,32,5460.435699
2.145775,13,5460.490515
6.032702,600,5463.074119
-24.710261,108,5463.522878
5.472045,600,5472.030385
-0.160635,600,5474.619313
3.583827,600,5477.283519
-15.710529,600,5479.96505
9.865382,600,5488.634856
-24.337223,600,5491.317417
-30.283055,600,5493.87148
-44.051048,600,5502.188257
-30.501552,33,5502.360043
7.110107,600,5504.897154
8.150985,600,5507.445456
-46.811031,35,5507.611967
1.90253,600,5516.255018
-94.066005,55,5516.511937
-99.893152,59,5516.795549
6.515924,12,5516.848938
5.513543,135,5517.428673
-35.5377,31,5517.56802
-47.31415,600,5520.116293
3.450056,29,5520.231324
-79.739529,600,5522.870615
-2.32834,600,5531.248057
21.346081,600,5533.86668
1.093325,11,5533.918518
-3.89399,600,5536.460671
10.220733,600,5538.996884
2.787424,13,5539.059422
6.284791,600,5547.363652
6.382466,600,5549.937977
10.550014,600,5552.758905
10.786339,600,5561.124252
-34.080416,600,5563.686259
3.957407,600,5566.271799
11.965313,600,5574.626315
4.404698,600,5577.243529
-30.832748,600,5579.9258
-12.174229,600,5582.459402
8.275457,600,5590.70027
-29.388983,600,5593.148064
2.235285,26,5593.24913
2.374809,12,5593.297394
-34.394711,600,5595.707678
2.75642,22,5595.788394
-28.794122,127,5596.27104
-34.948151,34,5596.401992
-0.614031,600,5604.29963
-40.160841,35,5604.421278
-17.436056,600,5606.7411
-24.401109,600,5609.037814
-23.466156,600,5616.45471
2.602716,28,5616.558502
-40.543146,600,5618.87048
3.159539,13,5618.915318
-49.936945,600,5621.206435
9.210903,600,5623.586975
2.419646,24,5623.680454
-20.244476,600,5631.523097
1.377379,44,5631.687466
8.871792,600,5633.979246
6.763349,600,5636.23991
2.157529,600,5644.471483
-8.325605,600,5646.776705
-10.709873,600,5649.192328
3.446249,600,5657.632165
-23.102293,600,5660.191568
8.383083,600,5662.782652
3.833209,600,5665.409061
-29.735088,600,5674.108841
-34.532915,600,5676.835475
-14.069688,600,5679.485039
-34.781625,600,5687.926648
8.680739,600,5690.521288
-28.758698,600,5693.134109
5.164363,600,5695.91413
0.516335,12,5701.847196
3.091828,54,5702.095209
12.741933,600,5704.7396
4.413893,28,5704.87582
-28.597398,600,5707.465834
4.037405,600,5710.151363
11.903446,600,5718.923301
1.795547,87,5719.327796
-7.296154,600,5722.000222
-34.063846,33,5722.140317
-46.368881,600,5724.71979
2.079674,23,5724.838872
17.654344,600,5733.000191
22.09425,600,5735.743068
-34.289639,600,5738.36966
10.531988,600,5746.768469
-105.098381,98,5747.189806
6.644014,36,5747.347503
-26.658916,600,5749.949029
3.484321,600,5752.592547
8.977859,600,5755.249743
-19.578052,32,5761.528106
-48.558302,32,5761.662184
5.337391,600,5764.235935
-88.629218,54,5764.462185
6.487444,600,5767.113157
3.669532,22,5767.211599
5.672402,114,5767.736714
-1.045015,600,5770.266185
9.99969,600,5778.611833
17.386804,600,5781.107145
-10.938463,600,5783.757617
15.084915,600,5792.097391
-21.080877,30,5792.217835
-40.484221,600,5794.848981
4.971768,600,5797.417053
3.541771,12,5797.4606
-9.652525,600,5806.32786
3.933535,600,5808.949163
0.812231,17,5809.027328
1.583253,600,5811.635377
-30.93118,600,5814.228672
4.510912,600,5822.726351
-13.944296,600,5825.341947
-27.093221,39,5825.503733
5.625267,600,5828.192536
-20.302466,600,5836.550982
5.383916,600,5839.111648
3.016218,26,5839.218399
-44.610382,600,5841.923063
-28.994908,600,5850.1862
1.455304,13,5850.233556
-24.176056,600,5852.893394
-17.370192,31,5853.034589
-28.351829,600,5855.623147
6.015006,600,5858.107318
1.461855,23,5858.220883
-23.171731,600,5866.735881
-31.993972,600,5869.376295
2.40292,15,5869.448417
-59.16157,600,5872.096884
-11.831636,38,5872.292012
1.723459,53,5872.5231
4.760434,600,5880.994496
2.97314,600,5883.697799
-31.973676,600,5886.24506
-18.471542,600,5894.56741
-18.061561,600,5897.069642
11.60079,600,5899.512124
9.61943,600,5902.057805
-16.291772,41,5902.232958
1.570914,600,5910.414783
-65.494633,600,5912.951189
-42.040023,33,5913.125418
-17.049817,45,5913.363645
1.912147,25,5913.474641
1.531847,600,5916.020411
10.303434,600,5924.564902
5.515344,600,5927.044249
-39.141333,600,5929.643211
-23.470859,600,5938.321895
-8.415697,600,5941.076428
3.695313,600,5943.50972
-65.626021,600,5946.211626
7.094472,600,5954.466683
3.289896,600,5957.082231
-32.337751,600,5959.666119
1.158649,600,5968.0552
2.223149,46,5968.274941
-39.540569,38,5968.432995
-30.630182,600,5971.015613
11.207288,600,5973.622071
4.390231,23,5973.735068
3.482279,600,5982.272012
-98.992852,56,5982.546693
-58.169015,600,5985.191608
-26.943127,30,5985.322183
-26.298898,600,5987.904635
3.483903,15,5987.978802
8.983217,600,5990.601945
9.011987,600,5999.225332
2.479389,600,6001.849302
-41.389078,600,6004.468086
7.792634,600,6012.895261
8.564092,600,6015.480332
-103.30516,76,6015.845823
11.338245,600,6018.290265
-73.466298,600,6026.833429
16.157418,600,6029.345864
-95.718785,55,6029.584632
-10.547911,600,6032.263801
8.247054,600,6034.730461
4.447468,600,6043.323209
-7.438121,600,6045.950207
-36.415701,600,6048.55742
-76.446798,600,6057.010975
-30.922721,600,6059.560656
6.730267,600,6062.057141
6.628211,600,6064.641296
3.613297,600,6073.073243
-26.385721,31,6073.208001
-14.873582,600,6075.786131
-80.654387,52,6076.000535
12.232126,600,6078.47371
9.270728,600,6086.961736
3.711812,600,6089.514656
3.88786,600,6092.015694
9.569297,124,6092.573612
3.897969,600,6101.11673
-17.572868,38,6101.275203
-0.962689,600,6103.766703
7.365216,101,6104.210831
-45.766867,35,6104.374281
3.182427,600,6107.005796
-36.733579,600,6115.561897
10.867607,600,6118.197625
3.941926,600,6120.804428
-23.034741,600,6123.321141
-38.02006,600,6131.754159
-50.148395,35,6131.885258
-23.86943,40,6132.04008
2.663789,600,6134.570799
-25.791694,600,6137.19309
8.519578,600,6145.718615
4.001213,600,6148.28782
-38.773111,135,6148.914564
-28.069204,600,6151.619688
-25.63848,600,6160.231254
-36.428589,600,6162.86692
2.127327,13,6162.928183
5.975767,600,6165.568297
2.60326,26,6165.66851
-10.540422,600,6174.04266
2.964597,600,6176.615597
0.88966,38,6176.794361
-9.321027,600,6179.354244
-2.432666,600,6181.948668
-11.729928,600,6190.410315
3.038163,108,6190.909694
-28.672719,600,6193.434535
-59.894907,600,6196.076873
-28.01136,600,6204.721797
-30.227886,31,6204.866056
-14.905069,600,6207.467647
3.168232,27,6207.604006
5.458599,600,6210.203519
-86.824728,52,6210.432811
12.209363,600,6218.666358
9.252567,600,6221.283695
-37.201429,45,6221.489942
-27.112414,31,6221.624547
-26.195317,600,6224.19948
-43.603308,600,6232.648228
-31.358168,600,6235.233688
-12.889263,600,6237.74844
0.257835,600,6240.325795
-18.851528,45,6240.514264
-15.809139,600,6249.047957
-40.43847,600,6251.646007
-25.390261,600,6254.271992
7.010395,600,6262.686767
-0.003907,600,6265.308805
-17.362817,600,6267.978264
3.71723,28,6268.112109
-62.672014,600,6270.732383
18.471642,600,6279.250339
9.002601,600,6281.875767
0.711964,12,6281.93355
-15.619696,600,6284.632716
-36.046784,600,6293.084384
3.095619,30,6293.208005
-29.758638,600,6295.812723
-42.983215,600,6298.494031
3.867443,600,6307.057863
-25.059851,600,6309.690029
5.849004,600,6312.292218
-39.984182,600,6314.931205
7.434419,600,6323.307565
10.848466,600,6325.990193
11.738966,144,6326.55093
10.359405,600,6329.14038
-28.037846,600,6337.443849
7.412841,600,6339.983075
-23.300413,600,6342.69754
-86.656677,60,6342.942324
-59.318927,600,6351.188879
5.377365,600,6353.765883
8.547718,600,6356.328593
10.231791,600,6358.96413
2.615046,28,6359.08219
2.44347,19,6359.159606
4.652666,600,6367.762293
-40.224139,43,6367.961421
9.726479,600,6370.697054
7.981945,600,6373.301221
-30.135662,600,6381.731583
0.559532,600,6384.295566
2.836502,17,6384.370254
-2.595475,600,6386.920459
-28.118195,126,6387.502106
-44.675143,600,6396.01133
4.064183,18,6396.10218
2.047405,34,6396.243397
-43.92899,35,6396.380983
-76.439305,600,6398.873753
-14.944985,40,6399.048672
-0.882966,600,6401.680785
-46.152956,35,6401.842064
-30.586973,123,6402.422603
-25.353506,600,6411.03725
-39.460598,600,6413.670633
9.741634,600,6416.277416
7.624364,101,6416.719245
-18.913889,600,6425.38801
-95.237032,60,6425.656489
-66.911755,600,6428.214453
-15.611905,600,6430.84421
-24.774674,37,6431.001106
1.777194,600,6433.632938
10.857054,600,6442.03289
-40.747475,600,6444.699517
-25.131311,600,6447.321655
7.837272,600,6455.619736
14.189574,600,6458.269061
3.541697,600,6460.825497
-19.072636,600,6469.281429
3.380442,75,6469.609411
9.351924,600,6472.153936
-91.769515,55,6472.390324
4.864184,600,6474.998578
3.097973,14,6475.066202
-6.604532,600,6477.696257
1.809112,600,6486.216007
-51.650402,600,6488.744492
-33.843517,600,6491.336722
-30.888065,600,6499.97147
-19.008547,600,6502.615905
-102.78212,58,6502.873672
12.612723,600,6505.522187
-39.251841,600,6514.210875
-35.529336,33,6514.345564
-11.221677,600,6516.899719
4.365291,600,6519.584053
-23.927242,600,6522.265185
4.417299,600,6530.60845
-18.902696,600,6533.29295
12.178007,600,6535.855788
1.802184,11,6535.914878
2.848098,20,6536.020861
-22.442772,600,6544.642392
4.67743,600,6547.21981
10.473393,600,6549.844971
6.554614,600,6558.446852
11.389879,600,6561.112576
8.298537,600,6563.845518
0.040352,600,6566.533135
2.381803,600,6574.854734
-96.178918,76,6575.21015
-20.146042,600,6577.780341
2.595724,26,6577.903092
-9.51414,600,6580.490136
8.041626,600,6588.944938
5.863019,600,6591.650186
9.071856,600,6594.307345
8.048941,600,6602.990551
-10.657915,600,6605.600907
4.151963,16,6605.685512
1.593898,77,6606.060967
6.123641,106,6606.528299
2.74677,19,6606.614627
2.202516,28,6606.747671
0.878546,600,6609.382147
-95.477915,56,6609.61436
8.311574,600,6618.173331
-1.629918,600,6620.807769
-41.219389,33,6620.976912
3.760932,67,6621.250316
11.143018,600,6623.834946
-81.238043,55,6624.073979
6.570194,11,6624.127603
-25.857753,600,6632.618953
4.745365,62,6632.869665
-28.362179,600,6635.492958
10.306048,600,6638.149394
-22.83378,600,6640.705032
-84.126561,600,6649.322876
9.410321,600,6651.960011
1.248211,18,6652.044537
1.203616,600,6654.702714
-15.467088,600,6663.108068
-21.230439,600,6665.835659
-45.545753,53,6666.080415
8.617273,136,6666.725367
-1.589149,14,6666.787192
12.595832,600,6669.413426
3.526988,16,6669.49366
-21.443168,33,6669.655316
-23.938955,35,6669.796323
16.675655,600,6678.531348
-35.115227,600,6681.178975
-0.06176,600,6683.855172
1.269432,600,6686.449197
-27.798554,600,6694.880711
8.548396,600,6697.404506
-43.842062,600,6700.021499
7.973925,600,6708.378748
-33.662124,32,6708.527126
-21.975941,600,6711.181553
-28.634075,32,6711.321721
3.919305,600,6713.961099
-26.018397,600,6722.337723
3.070192,600,6725.054349
-29.985808,600,6727.713997
5.81936,600,6730.409347
2.084167,25,6730.504787
-39.431034,600,6738.820109
2.267205,25,6738.932126
-17.12109,600,6741.482737
-38.148343,600,6744.113534
5.935348,600,6752.279475
2.61955,21,6752.373072
-0.692817,600,6754.951177
3.586886,57,6755.204538
-80.664045,55,6755.448717
8.248818,600,6758.009454
-42.627567,34,6758.167884
6.068063,600,6766.763348
-9.056409,600,6769.353393
-75.228767,600,6771.969284
1.960972,600,6774.570617
-92.217634,54,6780.593806
5.035837,600,6783.229356
-19.837951,600,6785.990254
-84.409095,52,6786.212862
6.474136,20,6786.298123
3.991704,66,6786.587983
-0.012513,600,6788.941928
-18.685938,600,6796.477462
2.297151,600,6798.840919
-42.810364,32,6798.984151
-29.934706,600,6801.382041
8.179239,167,6802.072924
-38.230266,37,6802.235468
16.754585,600,6810.224628
8.943586,600,6812.688846
9.986145,600,6815.18525
4.54758,600,6823.524368
-10.483991,600,6826.114365
4.807213,600,6828.679109
-88.51628,53,6828.92705
12.959245,600,6837.419721
2.31295,18,6837.507991
-29.07287,600,6840.127457
-33.165871,600,6842.716107
5.367714,109,6843.197001
6.391537,95,6843.638981
8.822173,600,6851.990304
-9.323336,600,6854.677932
9.530965,600,6857.342121
-28.684304,124,6857.872867
-53.17008,30,6858.010179
-94.843617,56,6858.283814
12.103589,600,6861.115344
-33.535137,600,6869.702449
-23.909056,600,6872.388453
3.872337,600,6874.962526
-47.515682,36,6875.149543
-93.596957,600,6883.588139
2.332215,26,6883.712402
-35.450187,39,6883.906228
-20.339697,600,6886.545124
-21.607918,600,6889.178909
3.733734,14,6889.250376
-55.450219,600,6897.578888
-20.923135,29,6897.714681
0.430456,600,6900.316543
5.144457,600,6903.016421
6.015971,600,6905.732718
-7.421025,600,6914.011823
4.084104,17,6914.087026
3.696448,86,6914.46281
-47.355439,37,6914.63497
11.875199,600,6917.317923
0.678364,600,6919.950945
-32.174682,600,6928.739878
-39.400001,600,6931.310146
11.836716,600,6933.934712
-27.40355,600,6942.174185
-83.39384,53,6942.429439
7.705101,75,6942.76564
6.725723,600,6945.475037
-71.856516,600,6948.054177
11.137722,600,6956.413828
4.375911,120,6956.945795
-42.690235,35,6957.099525
8.346327,600,6959.754358
-60.937614,600,6962.319612
9.962748,600,6970.740405
-21.4182,600,6973.379478
11.692914,600,6975.992481
-33.172514,600,6978.658054
-32.472694,600,6987.151962
1.517269,600,6989.791457
-10.155753,48,6990.023995
-33.687542,600,6992.667375
2.996483,123,6993.260722
-6.087081,28,6993.395511
-65.88083,600,7002.07031
-3.194575,600,7004.780231
-14.25116,600,7007.52593
4.242353,15,7007.602071
0.174831,600,7015.84988
2.236167,11,7015.899274
-14.475638,30,7016.018419
1.566133,14,7016.087331
9.068891,600,7018.754687
-29.285731,110,7019.242274
-47.97623,158,7019.961461
3.000944,18,7020.042362
-31.574787,600,7022.750265
-26.522898,600,7031.242107
-28.704982,600,7033.905129
4.316961,86,7034.272157
11.876026,600,7036.80763
6.1803,600,7045.25333
-19.371055,600,7047.938302
2.666556,27,7048.079415
1.040977,29,7048.212825
6.064194,600,7050.780412
-40.658699,600,7053.401013
-56.299562,600,7061.987561
6.229479,600,7064.696147
-23.727498,37,7064.852477
8.776339,600,7067.557836
2.181486,29,7067.6698
-29.91862,37,7067.832109
2.279878,75,7068.162179
-12.381933,600,7076.923752
-75.516219,600,7079.505897
20.10402,600,7082.085658
2.325697,13,7082.142639
7.963756,600,7090.657921
-81.871011,52,7090.856014
12.516459,600,7093.410403
7.031057,600,7095.994529
-43.233173,37,7096.146218
-28.210219,600,7098.689853
7.554367,600,7107.121137
-15.463774,30,7107.23089
-61.122275,600,7109.922987
-32.923117,33,7110.080239
10.014192,600,7112.743839
-39.582643,600,7121.237823
3.717476,600,7123.936446
2.535644,15,7123.998202
10.339545,600,7126.612707
13.561487,600,7135.263949
-20.428347,35,7135.405698
-26.63937,600,7138.046285
-26.63682,600,7140.690071
7.293466,600,7143.274741
2.240617,22,7143.379814
4.600947,600,7151.533206
3.503675,600,7154.064909
-2.417709,600,7156.653367
-36.016074,600,7165.313386
7.798041,600,7167.843125
-17.648179,600,7170.376773
-38.739747,35,7170.535915
-2.579915,600,7178.87809
3.389091,107,7179.33905
-30.243991,600,7182.087593
5.804845,135,7182.58022
3.378219,80,7182.915614
13.329165,600,7185.545001
-35.238675,600,7194.100504
13.248683,600,7196.74171
-29.970352,600,7199.442435
-39.617289,600,7202.011087
3.966339,93,7208.251928
11.393882,600,7210.948097
-29.799312,600,7213.651666
7.824745,600,7216.231091
-29.919952,119,7216.757047
6.859078,600,7225.19996
-4.108968,600,7227.858553
10.431195,600,7230.557154
2.711682,20,7230.642886
2.236314,15,7230.710731
-14.825938,600,7239.222002
-31.646282,600,7241.957753
6.109519,600,7244.561772
5.246757,98,7244.955038
-12.798896,189,7245.788133
-38.016587,26,7245.898479
-4.994534,600,7254.374164
-96.243123,59,7254.621656
11.43391,600,7257.201525
-28.644306,600,7259.889389
-33.917171,600,7268.344352
4.239843,32,7268.466167
7.820384,600,7271.095063
-96.258523,57,7271.324593
-14.020658,600,7274.031674
9.811588,600,7276.688562
2.983159,74,7283.018646
-91.954083,100,7283.429999
-1.986285,600,7286.085123
-40.548459,35,7286.248001
-13.537094,600,7288.843624
5.707893,600,7291.454066
-63.296948,600,7299.914994
6.353083,28,7300.03272
2.544391,12,7300.078495
9.382613,600,7302.72258
-23.861554,600,7305.423617
8.218047,600,7313.760339
-88.077131,53,7313.97373
-19.104819,600,7316.604572
-49.023695,35,7316.747713
-21.321195,34,7316.90655
1.904181,600,7319.551855
8.78001,600,7327.887305
-20.651086,600,7330.523525
-84.75223,53,7330.757044
8.550739,600,7333.363134
-62.610772,600,7341.882323
-39.004516,33,7342.01765
-40.600827,36,7342.182388
-86.096037,55,7342.447553
5.08356,600,7344.993989
9.033554,600,7347.632581
-23.287929,600,7350.233307
2.661334,600,7358.723833
-28.765827,24,7358.842139
-28.902315,600,7361.518981
1.958196,74,7361.839601
9.042545,98,7362.30489
-43.552951,600,7365.043867
-2.075398,600,7373.404143
-97.399564,56,7373.685693
10.489198,600,7376.342156
-12.865436,28,7376.470901
14.731984,600,7379.082937
-34.315544,96,7379.511059
11.313331,600,7387.820892
-32.317383,600,7390.504423
9.19297,600,7393.131521
-0.426485,581,7401.464334
4.113881,67,7401.743829
7.840413,600,7404.377897
-20.983037,600,7406.957164
8.3528,600,7409.566111
11.927555,600,7417.883546
2.003474,600,7420.528758
-22.349897,44,7420.697775
11.092971,129,7421.266971
9.32376,600,7423.91734
-13.551275,600,7432.192224
3.426483,48,7432.398733
11.087501,600,7435.025613
-44.646467,600,7437.600831
1.442,15,7437.653549
7.286977,600,7445.887568
3.518305,600,7448.541511
6.070858,600,7451.074103
-30.058944,48,7451.302555
7.371324,600,7459.59349
-3.750174,28,7459.70145
3.772614,15,7459.755434
-24.120772,600,7462.352278
5.671668,600,7464.935563
-70.426884,600,7467.541981
3.141262,197,7474.244274
-1.339371,16,7474.325112
6.642051,600,7477.049417
-43.631331,34,7477.182708
-40.687278,32,7477.313886
1.495198,600,7479.862754
-27.965736,31,7480.00262
-5.036995,600,7482.613337
8.149257,89,7488.899784
-38.512543,36,7489.033885
5.232929,600,7491.562964
-10.696223,32,7491.703972
-19.876694,33,7491.853581
3.979094,600,7494.542653
-46.253638,40,7494.728296
2.743997,29,7494.854697
2.06311,14,7494.922447
-23.279154,34,7495.059548
-34.777338,35,7495.203769
-1.994585,102,7495.654638
6.38484,600,7504.058476
8.940728,600,7506.647625
-13.030951,600,7509.362813
-40.541143,600,7511.838106
6.025734,600,7520.174018
-3.800674,30,7520.299751
-87.257201,54,7520.569727
-32.902093,36,7520.742414
-8.013605,600,7523.379821
8.607242,600,7526.031982
-56.759651,43,7526.239668
-38.632794,35,7526.406377
10.759482,600,7535.23181
2.835638,82,7535.604313
6.3163,600,7538.161738
10.689283,600,7540.860788
-26.67866,600,7549.50867
2.770738,12,7549.570608
-27.930245,34,7549.732944
-60.966721,600,7552.234476
-31.836732,113,7552.758841
2.818988,25,7552.900182
-80.330877,600,7555.460036
-35.865401,35,7555.613391
-13.242269,600,7564.152603
-35.060503,49,7564.374135
5.280878,600,7566.941646
10.003558,600,7569.523608
2.359003,600,7578.071997
-13.789006,600,7580.73707
3.486295,84,7581.138823
-31.786092,29,7581.273942
2.546311,91,7581.67587
-33.688082,34,7581.821102
-33.325076,600,7584.490653
3.874298,600,7593.006631
-42.70765,600,7595.698471
-41.867154,32,7595.83242
1.244535,32,7595.982247
-34.809206,600,7598.528427
-41.760996,37,7598.696178
-30.379482,600,7601.254288
9.827214,600,7609.611159
9.478253,600,7612.158143
-21.580923,32,7612.306481
-76.982744,600,7614.964294
-31.35771,600,7623.737998
9.92266,600,7626.250574
2.962307,22,7626.341787
-28.507987,600,7628.959162
6.286265,600,7637.542763
12.973467,600,7640.175775
10.322231,600,7642.758511
12.022762,600,7645.341816
-81.217843,600,7653.661072
15.564801,139,7654.280374
1.66617,99,7654.690765
3.809236,48,7654.919356
-13.766894,600,7657.490926
10.986688,600,7660.13446
3.905933,415,7667.886853
-85.554498,56,7668.140754
6.465499,16,7668.211186
-13.019425,600,7670.808202
-30.890893,600,7673.336369
-11.930156,600,7681.877469
-88.615064,55,7682.137295
-29.554974,600,7684.721318
3.461924,24,7684.832283
-36.238641,600,7687.500398
3.882718,600,7690.100255
14.942954,600,7698.57543
-74.793151,600,7701.226325
-28.925294,600,7703.859873
-23.710331,120,7704.402606
9.604741,600,7712.809214
9.870025,600,7715.427662
2.649223,34,7715.577306
-36.86562,600,7718.150553
-2.626595,600,7726.604481
-21.07249,600,7729.287932
8.403843,600,7731.848218
-3.979282,600,7734.484596
-45.216057,600,7742.768368
9.639425,600,7745.360143
12.371367,600,7748.042693
12.822937,600,7756.682349
2.764404,13,7756.750049
0.966318,600,7759.461586
5.724136,600,7762.100093
-103.389721,75,7762.483482
7.414415,600,7770.48089
12.444002,600,7773.156837
-93.450595,57,7773.428147
-16.775196,600,7776.031475
8.308991,600,7778.655094
-19.563489,31,7778.820831
-12.692839,600,7787.405293
-35.868275,35,7787.568182
-22.367564,600,7790.265533
-18.282277,600,7792.901261
0.546139,600,7801.385337
-20.553675,600,7804.072523
-103.764852,58,7804.340067
5.679851,600,7806.92996
-24.436488,98,7807.385696
-85.172346,57,7807.643153
12.779267,85,7807.967558
-30.620985,600,7816.444748
-11.462478,600,7819.024675
-16.83454,600,7821.728798
-54.146491,40,7821.894938
-3.14481,600,7830.293266
1.65359,600,7832.913739
11.19903,600,7835.510084
-19.711305,600,7838.225189
-8.977035,600,7846.820556
-32.18352,600,7849.406133
9.31024,600,7851.967999
-0.06791,600,7860.251588
8.732274,600,7862.909624
7.303169,600,7865.49745
3.520842,600,7873.854478
-28.700794,600,7876.458905
-24.213027,600,7879.13777
-42.888116,35,7879.283387
-93.556311,56,7879.496282
10.277423,600,7882.150191
6.793272,600,7890.584997
-29.831633,600,7893.119374
4.071164,600,7895.731248
5.128773,600,7904.030129
5.158349,78,7904.369911
-32.122964,600,7906.932411
-31.268646,600,7909.536441
-37.637697,600,7918.121319
-23.129488,600,7920.723975
6.684061,600,7923.307155
-8.423885,600,7925.940639
-37.833141,30,7926.089947
5.533254,600,7934.438256
18.391342,600,7937.038476
5.003893,600,7939.648224
-27.385974,44,7939.857993
-27.790611,600,7948.599354
-42.194774,600,7951.279119
-28.753231,600,7953.895832
1.077484,600,7956.6113
-5.090432,600,7965.122077
4.90217,600,7967.652573
-26.392642,600,7970.242794
-15.095969,600,7978.500396
9.259593,600,7981.137985
10.037235,600,7983.835679
-40.433508,52,7984.077842
5.444667,600,7992.658452
6.545467,600,7995.168562
-46.361267,600,7997.944787
-27.626126,600,8000.286538
-57.512135,600,8008.433026
6.73396,12,8008.480822
5.565157,600,8010.899593
-15.002952,600,8013.316923
-24.80643,600,8021.576218
9.076288,600,8024.107941
1.704831,23,8024.199329
5.818029,600,8026.741066
10.344916,600,8035.431908
8.391698,600,8038.029251
-12.522139,600,8040.663301
-87.356041,57,8040.878468
8.712618,600,8043.514271
-37.620071,600,8051.879244
4.189663,600,8054.473059
-22.054202,600,8056.960304
-34.649426,600,8065.68638
5.395977,600,8068.203416
1.045442,600,8070.779255
2.088226,15,8070.844969
8.797685,600,8073.28998
12.738856,600,8081.747521
2.393254,24,8081.863429
-42.646539,600,8084.493632
2.332464,20,8084.573638
3.684819,16,8084.630104
-15.520479,600,8087.287302
-15.824449,600,8095.971785
17.850059,600,8098.691123
-46.398132,33,8098.827467
-28.160221,600,8101.449097
8.006528,600,8110.019327
1.315395,600,8112.625547
8.474522,600,8115.302746
5.701905,600,8117.874952
-41.624056,35,8118.032304
1.768447,13,8118.093614
-31.56229,600,8126.506533
7.28413,600,8129.144267
-23.984568,191,8129.966337
-1.584965,15,8130.034484
-11.270804,75,8130.360976
-73.163653,600,8132.930884
-14.691401,600,8141.336467
-30.305682,600,8144.033179
10.888126,600,8146.622498
-78.6017,600,8155.030836
12.023026,600,8157.647918
3.447193,600,8160.247828
4.87183,600,8168.621594
-36.460636,35,8168.751476
-36.044509,600,8171.367351
-33.569935,600,8173.912182
3.053551,600,8176.489435
3.499658,12,8176.535572
1.135868,11,8176.57673
-18.488049,31,8176.694412
7.036323,600,8185.263109
8.205291,600,8187.974324
-96.685601,58,8188.222727
-29.938714,37,8188.398594
-45.873702,32,8188.553384
6.178399,600,8191.089803
-40.197102,29,8191.205774
11.567707,600,8199.654799
7.788075,600,8202.255089
7.572205,600,8204.835139
-18.21292,600,8213.272675
7.544214,600,8215.931075
1.073633,20,8216.023417
-13.841107,600,8218.587579
-0.0995,600,8221.220213
-26.63564,600,8229.530043
-18.766995,600,8232.053119
12.324778,600,8234.561258
-26.9705,600,8243.075628
9.559145,600,8245.820401
-34.43143,600,8248.516285
1.36393,600,8256.916153
-8.611734,600,8259.428685
1.808655,600,8262.080241
-18.009159,600,8264.617437
7.61873,600,8273.171802
-39.466189,44,8273.35573
-25.639925,600,8275.901344
10.156501,600,8278.461718
-33.674708,600,8286.908999
8.779197,600,8289.512817
-9.978018,147,8290.116489
-66.778245,600,8292.674516
-29.893594,29,8292.800381
-59.107614,600,8301.308385
14.502213,600,8303.928498
-86.326235,56,8304.208592
-20.788767,32,8304.369267
-25.677343,600,8306.898441
-16.949734,600,8309.497653
-4.67043,600,8317.934193
5.213407,600,8320.438889
-20.149182,600,8323.023166
-7.611406,600,8331.323
6.805506,600,8333.988476
-10.059946,600,8336.702846
-24.516121,600,8345.18843
12.626281,600,8347.839735
13.054176,600,8350.46387
10.936711,600,8352.99899
-18.795989,600,8361.52116
1.946405,11,8361.574224
2.085372,28,8361.709294
-26.617811,600,8364.408523
7.916479,600,8367.028965
5.31807,600,8375.42684
-37.016588,600,8378.106054
7.498495,600,8380.764811
-19.240118,600,8383.310523
-31.353133,600,8391.862353
-12.102438,32,8392.002316
-49.43803,37,8392.153607
8.081858,600,8394.890956
8.329336,109,8395.358969
-0.862371,600,8398.120345
-9.515301,600,8406.436445
6.234759,600,8409.052759
7.798932,146,8409.753561
-33.339461,600,8412.284456
2.014271,12,8412.352639
-38.58166,29,8412.499755
8.496847,600,8421.258966
-45.751929,37,8421.436761
8.352395,600,8424.083413
8.222727,600,8426.647609
-31.249752,600,8434.927864
6.421156,600,8437.511689
-24.202127,600,8440.066879
14.316758,600,8442.647193
-39.862543,36,8448.868628
-75.489669,600,8451.450508
-9.202396,600,8454.094671
-10.080911,600,8456.694417
-7.25348,600,8465.291854
14.893507,600,8467.851984
-33.723354,600,8470.384902
7.920244,600,8478.843725
2.026257,600,8481.325407
4.532584,600,8483.892658
-8.253194,600,8486.522106
-15.714134,600,8495.156123
2.273603,18,8495.246378
-28.259916,600,8497.796676
7.016886,600,8500.4213
7.260765,600,8509.141559
-86.188996,53,8509.374547
-9.30014,379,8511.110362
-0.052988,26,8511.205162
8.610763,600,8513.910308
-32.680349,29,8514.038782
6.951649,600,8516.645069
-20.77664,600,8524.986015
-12.831291,600,8527.609833
-42.56159,46,8527.788412
1.503334,32,8527.926416
4.8353,600,8530.578585
7.220668,600,8539.117816
10.760154,600,8541.714464
-43.338201,600,8544.289116
-43.635403,33,8544.431086
9.405186,600,8552.920886
-36.662816,600,8555.481022
11.158644,600,8558.073045
9.347466,600,8560.625408
8.819302,600,8569.046664
-19.958472,600,8571.676825
-21.498672,600,8574.179363
11.603643,600,8582.870154
-6.613325,481,8584.834071
3.616534,600,8587.424945
-17.58487,329,8588.954631
5.302319,600,8597.392206
14.701057,132,8597.915227
-35.556967,600,8600.558714
-29.182882,600,8603.162498
-72.475614,600,8612.014745
-28.935331,600,8614.633836
7.561957,600,8617.185777
10.886816,600,8619.752546
9.245228,600,8628.155713
-15.925358,132,8628.75747
2.232487,600,8631.516972
-43.607911,600,8634.045229
-61.389842,600,8642.482381
-8.586092,31,8642.599269
7.299354,600,8645.185028
11.347437,600,8647.81882
3.099842,600,8656.168775
7.888116,600,8658.715531
12.048144,600,8661.328194
4.250928,600,8663.912786
6.074716,600,8672.520372
9.865131,600,8675.173362
2.565467,600,8677.75626
-34.347679,35,8677.921798
12.830927,600,8686.391224
-92.779631,55,8686.644864
-29.334706,600,8689.281771
12.752563,600,8691.902111
-41.789301,600,8700.178588
-64.485826,600,8702.73868
6.348631,23,8702.862821
-31.349576,600,8705.462058
-7.075998,600,8707.976913
-32.432016,600,8716.576993
13.218801,600,8719.184603
-39.743526,36,8719.356136
6.768832,600,8721.94678
-73.327036,600,8730.343132
-26.84212,36,8730.51716
-11.198043,31,8730.66926
11.152407,600,8733.366079
14.028722,600,8735.958366
8.711694,600,8744.230495
-32.687861,600,8746.81216
-87.939468,52,8747.065157
8.104522,600,8749.61896
-96.884538,57,8749.876276
-47.202829,66,8750.172261
-18.701092,600,8752.789105
-42.874113,39,8752.964177
-26.968708,37,8758.934994
9.93886,600,8761.588876
5.513486,600,8764.228639
-37.523753,36,8764.383096
7.430994,600,8767.043871
-15.669103,600,8775.269801
21.605659,600,8777.793518
10.591454,600,8780.387601
12.034514,600,8788.775028
-38.620792,600,8791.299281
1.77509,600,8793.849272
2.695129,600,8796.344158
-3.464054,600,8804.654033
-12.799193,31,8804.790897
9.468715,600,8807.301014
3.451986,11,8807.348754
3.045512,600,8809.958202
1.447641,12,8810.018305
-2.258894,600,8818.379179
9.908082,600,8821.033002
5.463113,600,8823.61576
10.59894,600,8832.099315
9.465562,600,8834.580536
8.165385,600,8837.025277
-25.069801,600,8839.753543
2.936176,600,8848.284604
2.196149,14,8848.345744
-22.288867,38,8848.513149
7.365732,600,8851.101151
11.823917,600,8853.688422
-36.232628,31,8853.807189
-97.860285,65,8854.084188
13.715732,600,8862.552269
-25.138887,600,8865.093393
9.813391,600,8867.582634
-42.845998,600,8876.123743
-83.873208,600,8878.722702
-86.97314,55,8878.962297
-23.563379,600,8881.678855
11.835438,600,8884.248843
-28.240255,600,8892.819618
13.122962,600,8895.354037
12.185126,600,8897.84372
9.456716,600,8906.507398
5.349104,600,8909.083737
7.840172,600,8911.683953
-39.060681,600,8914.27545
-6.711955,600,8922.733249
-41.144226,49,8922.937071
9.534509,600,8925.515811
11.391321,600,8928.167321
-39.099601,600,8936.73342
5.124143,600,8939.354546
0.316804,600,8941.996867
-38.09937,36,8942.13462
-66.47899,600,8950.66876
-33.052087,32,8950.825802
-8.795375,600,8953.355764
7.06848,600,8956.072433
-5.88345,600,8958.617517
-32.402892,600,8967.391333
7.681903,87,8967.730355
-22.75271,600,8970.34156
-38.378378,600,8972.984281
-15.622713,600,8981.496316
6.179851,600,8984.271447
-3.235931,600,8986.843801
4.425932,600,8995.382731
11.714552,600,8998.030408
8.001739,600,9000.633655
-104.633783,59,9000.883259
-39.234405,34,9001.040369
5.143803,600,9003.746984
-19.394201,600,9011.670707
-23.273418,600,9014.354609
-33.690571,56,9014.583578
4.488135,600,9017.160787
6.735156,600,9025.410544
-15.161448,600,9028.114709
-17.61046,600,9030.776185
9.616662,600,9039.100374
3.083631,600,9041.779866
-24.000737,600,9044.500566
10.787574,600,9047.274062
12.660435,600,9055.749491
-23.458541,600,9058.369277
-72.11907,600,9060.938046
6.249825,600,9069.371269
2.925362,28,9069.504299
4.939864,600,9072.189803
-82.279378,56,9072.427677
13.698269,600,9075.051782
13.127042,600,9083.597731
-11.440842,600,9086.223581
-16.217059,600,9088.846076
-21.328447,600,9091.486086
3.46255,12,9091.536417
9.662001,600,9099.839559
-9.443591,600,9102.473808
10.44011,600,9105.247945
10.106498,600,9113.763064
2.253428,21,9113.856872
10.964714,600,9116.457803
-18.794359,600,9119.025645
11.090245,600,9121.735512
5.033058,600,9130.528256
-81.989905,600,9133.137033
2.626869,600,9135.717202
10.675698,600,9144.23592
-6.269763,600,9146.956162
6.347571,78,9147.281567
-16.993669,600,9149.94802
-34.935209,600,9158.494939
-6.607081,600,9161.110973
-30.353235,600,9163.819798
-29.802682,600,9166.350556
7.548506,600,9174.782769
-27.046954,600,9177.384658
-39.178751,28,9177.499482
-31.438401,600,9180.127187
9.863441,600,9188.468565
-34.610061,33,9188.606464
-28.325748,600,9191.199059
3.759136,66,9191.479806
-16.147676,600,9193.975998
10.625442,600,9202.621363
-5.645169,600,9205.156464
13.144876,600,9207.78941
-36.608445,600,9210.378066
-35.053683,600,9218.949599
-46.700993,600,9221.583074
3.639442,600,9224.162679
-11.377843,600,9232.667555
8.05491,600,9235.32022
3.560873,600,9237.968995
-29.57654,26,9238.093132
1.940367,600,9246.582713
2.913317,600,9249.270972
1.061738,600,9251.856371
-26.493084,600,9254.481835
-31.399241,600,9263.091209
6.801676,600,9265.723985
11.470904,600,9268.285139
8.058396,600,9276.764379
-32.032313,600,9279.32404
-5.304976,600,9281.862637
-101.826556,57,9282.118363
8.826166,600,9284.658362
-98.025547,72,9290.706437
6.167661,600,9293.364694
-86.893541,52,9293.587714
22.504915,600,9296.214209
-24.556126,35,9296.383914
18.218129,600,9299.047909
-34.315696,32,9299.201986
-37.605249,39,9299.370648
-18.121814,600,9307.668216
10.768437,600,9310.326052
10.665383,600,9313.030813
-31.869252,147,9313.696484
-6.236094,600,9322.255314
-29.10668,35,9322.420514
-44.752936,37,9322.582497
14.927189,600,9325.183568
2.325198,29,9325.301506
6.596312,115,9325.770778
-1.666427,600,9328.411993
-63.178044,600,9336.726606
5.097575,600,9339.132059
-13.055509,600,9341.442528
9.619641,600,9349.048381
-99.658054,56,9349.254673
-35.808973,35,9349.386388
-70.025573,600,9351.763557
10.936541,600,9354.075273
9.094837,600,9356.586944
-81.89275,600,9364.709681
-12.992986,600,9367.020996
10.813701,600,9369.505863
-105.135199,74,9369.807565
-17.754007,600,9378.090451
-42.606359,40,9378.254084
10.187383,600,9380.879293
-18.850544,32,9381.011521
-16.496502,600,9383.575586
2.416441,15,9383.633537
11.739486,600,9392.016611
11.104331,600,9394.609097
1.685971,31,9394.74232
8.665408,600,9397.296602
8.954207,600,9405.636185
-19.416308,600,9408.149207
-23.617893,600,9410.686383
-26.949336,600,9413.311013
-25.575069,600,9421.811511
-25.310588,600,9424.386609
-29.533838,600,9426.934811
-21.623417,600,9435.516674
8.093093,600,9438.123669
7.899841,600,9440.66755
-78.701223,59,9440.907334
-24.867577,600,9443.533662
-17.736705,600,9452.112509
6.658527,600,9454.629621
15.656232,600,9457.193226
-4.254036,600,9465.425652
3.745781,34,9465.580149
3.824943,600,9468.21145
-38.71647,600,9470.909373
-7.43988,600,9479.258002
-21.154662,600,9481.714868
9.471703,600,9484.249879
2.769049,600,9486.903872
4.871308,600,9495.788697
7.236343,600,9498.462266
2.109511,600,9501.116678
-12.65534,600,9509.43995
9.424078,600,9512.016104
-39.975648,36,9512.176452
2.711356,600,9514.918858
8.746982,600,9517.537748
12.204275,600,9526.092122
2.734286,600,9528.667044
-24.470132,600,9531.315022
3.835335,600,9539.846997
-39.944913,37,9540.00641
8.13935,600,9542.596914
12.714852,600,9545.195522
7.058589,600,9553.548809
-72.492283,600,9556.230745
12.009641,600,9558.829216
4.940095,600,9561.520769
14.016249,600,9569.963321
-32.087114,600,9572.433859
-1.581275,600,9574.96719
3.643129,29,9575.103532
6.323802,600,9583.911634
2.392285,600,9586.537438
2.444345,600,9589.061833
-43.022709,35,9589.21685
-24.129675,600,9597.735713
-26.238258,600,9600.342175
-19.711286,600,9602.937212
-42.238438,35,9603.095848
-23.618881,600,9605.777213
7.233341,600,9614.158156
-89.50879,53,9614.373607
-7.969999,600,9617.038635
11.177773,600,9619.623988
-28.036449,600,9628.055459
-84.232161,600,9630.598694
-31.552009,600,9633.356417
-31.044792,35,9633.523088
-11.390825,600,9642.332998
-15.061027,600,9644.988449
-19.089503,600,9647.650194
-21.804531,109,9648.146871
9.91282,600,9650.880425
-37.083213,600,9659.304168
-29.41775,600,9661.963665
-15.897453,600,9664.567518
-7.203973,600,9672.781214
-59.344999,600,9675.462641
7.744266,600,9678.049371
10.350451,600,9680.640432
-43.482588,39,9686.79611
-28.278616,600,9689.331432
-43.31188,35,9689.484812
7.837743,600,9692.127373
10.043577,600,9694.746563
11.197848,600,9703.429779
10.956634,600,9706.068734
-37.947333,66,9706.389167
9.907806,156,9707.096044
2.121498,600,9709.75588
5.978095,600,9718.08418
11.682517,600,9720.688509
-43.254253,39,9720.863918
-48.838037,40,9721.038909
-25.759972,600,9723.635815
-16.487444,600,9731.893867
2.141652,49,9732.120445
1.465668,13,9732.184031
3.987803,600,9734.767614
-22.406287,600,9737.427715
6.428733,600,9745.762498
-31.372072,32,9745.901976
-34.162616,600,9748.480969
-33.691231,32,9748.621012
7.236837,600,9751.238742
-53.283736,600,9753.814692
13.97107,600,9762.190687
-35.44086,600,9764.764426
-40.265973,37,9764.940416
-23.777156,600,9767.597541
-8.914459,600,9776.243689
8.911448,600,9778.8254
-23.841758,600,9781.458873
3.417552,13,9781.527535
8.856713,600,9784.199068
8.017722,600,9792.642291
9.568524,600,9795.321025
3.464786,22,9795.411591
5.036627,600,9797.936796
-34.029409,600,9806.400425
8.398568,600,9809.10307
-82.951722,600,9811.712673
-28.306498,600,9820.142142
-25.443654,136,9820.728486
-31.469862,32,9820.868733
-15.365444,600,9823.521395
2.6253,22,9823.60906
-45.138925,600,9826.298633
10.813439,600,9834.609798
-50.703738,35,9834.781262
8.344681,600,9837.402413
-36.599972,600,9840.092899
10.627088,600,9842.742058
-11.798113,600,9851.371574
13.160309,137,9852.012974
7.013624,123,9852.549956
8.239908,600,9855.208452
9.341727,600,9857.808565
8.956487,600,9866.456817
-23.695712,600,9869.081051
8.969435,600,9871.642199
-9.369975,600,9880.438482
9.148181,600,9882.993505
-46.07931,600,9885.548562
8.364354,600,9888.234789
6.421648,600,9896.651555
7.931134,600,9899.247617
10.788447,600,9901.888452
-3.056787,600,9910.425519
8.672867,600,9913.005834
-14.806221,600,9915.660478
6.842067,600,9923.7343
11.015813,600,9926.343109
-19.433672,600,9928.914216
10.852173,600,9931.415648
-21.354185,32,9931.561232
8.625897,600,9940.17695
-27.325427,600,9942.748524
-34.715565,600,9945.46917
7.13229,600,9953.97355
-67.418005,600,9956.574415
-62.491854,600,9959.190036
-97.37553,58,9959.413832
14.972143,600,9968.112964
-35.556544,600,9970.714958
4.568638,600,9973.394307
2.082596,600,9976.06422
10.50431,600,9984.652519
8.178282,600,9987.237929
10.053303,600,9989.748875
-5.881878,600,9998.298487
0.336791,31,9998.448085
8.642262,600,10001.019883
3.899196,26,10001.146445
-28.878279,600,10003.725837
11.542237,600,10006.299869
-18.959127,600,10014.636542
4.272492,600,10017.171443
14.750515,600,10019.767515
-39.596406,39,10019.960292
12.984808,600,10028.361648
-41.029713,36,10028.540367
4.389997,600,10031.101833
-23.783739,600,10033.677616
8.088391,600,10042.15599
9.513975,600,10044.813781
1.213561,38,10044.994318
4.868878,600,10047.577648
10.373634,600,10050.188101
-34.065981,30,10050.336736
13.717719,600,10058.879451
-42.469486,36,10059.052139
10.848807,600,10061.642739
-52.809599,38,10061.839076
8.950713,600,10064.450294
-27.971499,600,10072.935361
-27.191764,122,10073.477011
-35.475302,600,10076.041118
1.931595,24,10076.146189
10.358512,600,10078.728197
-21.731875,600,10087.045831
-43.170542,33,10087.211626
8.546244,600,10089.83461
-40.13284,600,10092.419618
15.565181,600,10100.715565
-31.954799,120,10101.294613
-17.188246,33,10101.452779
-1.956077,600,10104.114484
-13.520444,600,10106.766078
5.703529,600,10109.398744
4.802431,600,10117.948384
3.521721,600,10120.591858
2.711711,15,10120.658284
-22.619357,600,10123.305479
10.693649,600,10131.741688
-36.851551,600,10134.359313
6.756974,600,10137.027084
5.6431,600,10145.542885
-33.036285,47,10145.7566
-0.061599,600,10148.450049
-3.78774,600,10151.027032
4.468413,600,10153.62714
0.444807,20,10153.717551
6.424742,600,10162.159931
5.429965,600,10164.831681
10.131611,107,10165.308017
6.858989,600,10167.923925
11.497363,600,10176.367764
-41.564976,39,10176.564436
-31.666042,600,10179.120211
-76.129504,600,10181.767565
-36.483134,600,10190.415938
-22.355925,600,10192.987379
3.025842,600,10195.553835
-43.124671,34,10195.709116
10.942988,600,10198.223535
-5.021056,600,10206.592303
-5.416201,600,10209.169506
1.02708,14,10209.235327
11.570338,600,10211.837223
-51.264134,600,10220.380398
-22.590991,600,10222.893314
-44.034448,66,10223.171245
7.400969,600,10225.838889
12.437004,600,10234.362779
9.100277,600,10236.873767
-14.48672,600,10239.388747
14.578479,600,10241.855779
8.789049,121,10242.464264
-39.97984,600,10251.089474
9.353566,600,10253.681787
11.370413,600,10256.248095
2.8995,600,10264.892414
11.428823,600,10267.496333
3.696519,30,10267.650546
0.288277,600,10270.128318
16.049819,600,10278.7262
13.550727,600,10281.291581
3.455569,11,10281.338467
8.580239,600,10283.988613
-40.347381,600,10286.670789
7.730964,600,10295.14242
9.409864,136,10295.786251
-13.110454,600,10298.380973
12.325195,600,10300.938351
2.598338,14,10301.00101
11.014548,600,10309.715622
-39.473369,600,10312.383889
10.124832,600,10314.977576
10.58983,600,10323.606007
10.64906,600,10326.145701
7.478455,600,10328.779214
-47.682854,600,10331.41933
7.279314,600,10340.053762
-28.745594,600,10342.65873
5.32531,600,10345.187916
-67.497682,600,10353.71032
-19.990018,600,10356.325454
-33.637202,600,10358.945134
-3.571455,355,10360.52819
-29.601994,600,10369.02386
-16.035322,600,10371.591108
6.627583,101,10372.030655
9.241334,600,10374.755098
9.953512,600,10383.613061
3.554141,600,10386.219218
-13.489335,600,10388.833223
-16.745971,600,10391.428293
8.426633,600,10399.92105
9.075951,600,10402.625383
6.916937,120,10403.171803
9.122733,600,10405.792503
11.746821,600,10414.171668
7.247299,600,10416.751323
11.028081,600,10419.332078
-24.09447,600,10427.492471
2.016374,600,10430.050706
-31.945444,600,10432.54975
8.604618,600,10435.151592
-31.821373,600,10443.579675
8.36204,600,10446.219664
6.192077,119,10446.723926
10.12803,600,10449.392112
-55.380403,35,10449.537612
-21.555014,600,10457.9871
-41.139147,600,10460.609901
-25.355112,600,10463.284493
-35.639413,600,10471.841328
-37.643172,600,10474.501823
-19.942266,600,10477.140494
2.576901,12,10477.195203
9.496772,600,10479.877641
-10.58245,600,10488.417187
7.971361,600,10491.074225
12.965252,600,10493.729274
5.509659,600,10502.191943
-65.555568,600,10504.769414
14.618986,600,10507.354594
-7.071769,600,10515.92176
2.089024,600,10518.508446
-16.516788,127,10519.123689
-82.914406,600,10521.66029
-4.036892,600,10524.342125
8.837152,600,10532.735147
13.679305,600,10535.300117
1.743966,30,10535.43581
11.220576,95,10535.841189
-1.322679,15,10535.913953
-13.739148,600,10538.470358
-13.485942,600,10547.053473
-39.7226,600,10549.600022
2.063571,34,10549.769752
2.840957,600,10552.360817
10.210783,112,10552.889407
2.404935,11,10552.954376
-22.225814,600,10561.277643
-41.870137,64,10561.562864
-77.942016,57,10561.831794
13.538478,600,10564.502027
-18.201881,58,10564.754698
-73.401893,600,10567.361165
-8.910007,600,10575.698947
12.548243,600,10578.325453
-52.033352,600,10580.944547
11.152347,600,10589.473188
9.07898,600,10592.121006
10.311575,600,10594.68114
10.34359,600,10597.337718
-78.189316,600,10605.770607
-75.631407,600,10608.331061
-14.187787,600,10610.917895
6.786849,110,10611.374257
12.102977,600,10619.905585
10.041861,112,10620.403246
-30.127767,600,10622.992681
-40.230256,600,10625.576018
-35.967273,600,10634.114575
10.306344,600,10636.729524
-33.396553,34,10636.875182
-10.514819,600,10639.456813
6.586804,600,10642.051451
-22.166361,123,10642.625499
-26.955836,600,10650.778791
-8.887951,119,10651.365425
-35.768989,600,10653.977008
9.625908,600,10656.589709
-41.560446,123,10657.129996
-31.09215,43,10663.442709
-72.657182,600,10666.01918
-5.241068,600,10668.63481
-5.775841,600,10671.312215
12.37109,600,10679.968297
-23.762556,600,10682.565833
2.952124,13,10682.619123
-40.374419,93,10682.974393
3.514927,600,10685.575565
-10.654135,600,10693.915873
-21.62784,600,10696.556798
5.88461,600,10699.135036
5.729656,600,10701.760293
6.085489,600,10710.130678
-10.811175,600,10712.774327
12.332081,600,10715.272969
11.105155,600,10723.680982
8.808634,600,10726.294288
-42.345152,98,10726.710503
0.388048,600,10729.313999
-42.228133,600,10737.69929
8.935929,600,10740.26119
-15.15143,600,10742.896097
-21.026842,600,10745.577797
10.435492,600,10754.004879
8.429542,600,10756.682216
9.084027,600,10759.27696
7.391195,131,10759.821474
-36.516379,600,10768.299835
6.640146,600,10770.856175
-73.862241,600,10773.50258
8.486874,600,10781.863567
-41.928939,36,10782.030091
-2.696201,600,10784.678786
-24.556194,600,10787.321624
-0.759532,600,10789.933138
-15.435538,600,10798.604714
8.069946,600,10801.32186
7.003915,600,10803.958742
2.783687,16,10804.036819
9.196078,600,10812.576384
-38.266916,64,10812.879982
-31.336248,600,10815.416156
-0.375136,600,10817.982806
11.32614,600,10826.380335
-37.27518,42,10826.575886
11.091507,600,10829.123693
13.024335,600,10831.703111
-85.144797,58,10831.930435
-26.502828,600,10834.64761
-45.481808,600,10843.182991
11.736265,600,10845.944995
8.844305,600,10848.646365
-38.14073,36,10848.81299
-0.15661,600,10857.03568
4.808556,600,10859.725399
-38.783238,43,10859.921602
5.387777,600,10862.456314
9.916284,600,10870.903827
-22.798254,600,10873.541303
-41.552138,600,10876.085398
6.621211,600,10878.636092
-19.076875,600,10887.185407
-42.81226,600,10889.803688
10.636446,600,10892.508847
-27.858137,600,10901.084366
9.429769,600,10903.695728
-10.916939,600,10906.40436
11.296865,600,10914.982747
-30.847051,36,10915.134341
-27.564522,600,10917.843079
-34.420241,600,10920.569862
11.50635,600,10923.250273
-26.688802,81,10923.579211
1.692619,600,10931.671354
-38.120358,600,10934.269022
-17.458876,600,10936.882734
-94.750339,56,10937.117768
-39.664742,600,10945.734055
8.594536,600,10948.102254
6.550524,600,10950.27764
-45.271722,600,10957.399601
-23.744994,600,10959.574246
-23.106581,600,10961.729582
4.857152,600,10963.955879
2.998936,48,10964.138476
-8.810195,499,10971.452606
3.713283,600,10973.703043
2.338041,53,10973.898391
12.045945,600,10976.096596
-41.30739,600,10983.374495
10.437668,600,10985.682443
-39.244795,600,10987.993726
-43.714315,64,10988.254962
-106.255491,73,10988.527368
12.045332,600,10996.589011
-17.466107,600,10998.994125
-24.943052,600,11001.47877
-14.212646,600,11003.917027
-39.527964,600,11012.019611
7.134804,600,11014.559253
-32.562017,600,11017.149909
7.839486,600,11025.487074
-24.247167,600,11028.125169
-91.023267,57,11028.38395
-18.281717,120,11028.949524
9.564283,600,11031.569292
-22.514526,600,11039.816779
9.304155,600,11042.106019
9.677749,108,11042.523162
9.071609,600,11044.795127
18.679785,600,11047.083923
4.869149,600,11056.264416
1.264111,600,11058.637493
9.648355,600,11061.045055
5.169408,600,11069.979175
-19.483904,600,11072.344451
-40.071302,600,11074.729168
6.312479,600,11083.711671
-5.775821,600,11086.365932
10.716795,600,11088.935602
8.270811,600,11091.533348
-21.04474,55,11091.792628
9.50977,600,11099.564365
-6.881724,600,11102.157321
-12.407161,600,11104.794631
6.720287,600,11112.768594
10.423195,600,11115.373926
-16.918455,600,11118.065438
9.911144,600,11120.661699
6.739208,600,11128.721621
8.704784,600,11131.29912
4.803634,600,11133.91264
-85.315575,600,11142.280385
-48.143356,43,11142.456496
-67.581938,600,11145.061971
14.823418,600,11147.627486
-39.488122,32,11147.771343
-12.606151,600,11155.765714
11.761327,116,11156.308518
-35.182091,47,11156.52308
-29.22159,60,11156.784575
7.681829,600,11159.141673
5.046001,600,11161.435738
11.495491,600,11169.577524
-24.724408,57,11169.827101
-20.661127,128,11170.386303
2.061934,16,11170.447302
21.05108,600,11173.086738
-15.140629,600,11175.673897
-45.175591,35,11175.841144
-2.042067,600,11184.298429
-26.150481,62,11184.550205
11.67761,600,11187.183042
9.272436,600,11189.840851
-5.009697,600,11192.462944
-78.112908,600,11200.98275
11.887122,600,11203.647889
12.976173,600,11206.260893
-40.236052,600,11214.930078
-45.292708,600,11217.501133
-47.942274,35,11217.643468
-34.25252,155,11218.325547
-65.965869,600,11220.916821
9.153549,600,11229.337958
-9.80858,600,11231.942099
11.394114,600,11234.531915
-36.202792,61,11234.807222
-46.50311,36,11234.954171
-27.2896,600,11243.486429
10.27827,600,11246.084301
-17.759059,600,11248.780678
-18.001199,600,11251.370432
3.866236,49,11251.596532
-20.935727,600,11260.044005
11.438895,600,11262.669725
9.87421,600,11265.329841
-100.590358,57,11265.592034
0.934388,600,11274.100106
4.639731,17,11274.168743
-39.435197,600,11276.837098
-45.562609,600,11279.418686
-43.255497,600,11288.055399
-18.677108,600,11290.594778
-32.119913,600,11293.214031
7.387093,600,11295.7684
-39.871474,600,11304.312393
-30.416776,600,11306.793572
-7.407619,600,11309.390458
0.560281,600,11317.829007
-37.335819,600,11320.524927
14.305643,600,11323.008132
5.638746,600,11325.698882
-48.383204,600,11334.149383
9.654272,600,11336.767949
11.573694,600,11339.419708
-34.269948,600,11347.913023
9.399405,600,11350.440089
2.748355,21,11350.526854
-28.896346,600,11353.264618
2.579986,600,11361.83228
10.998462,600,11364.481756
10.0077,600,11367.072225
-25.271527,600,11369.605514
8.537054,600,11378.157053
-36.576103,600,11380.815336
-25.460661,600,11383.469061
10.817383,600,11391.730042
-9.135544,600,11394.340903
-42.729305,600,11396.973735
-33.969887,600,11399.625161
-15.91634,600,11408.070951
11.349587,600,11410.718561
-85.607573,53,11410.961669
-20.298989,600,11413.659161
-23.293418,600,11421.843459
-18.28693,600,11424.457897
9.714364,600,11426.998205
-12.410786,600,11435.490804
-32.760697,117,11436.018631
9.695913,600,11438.602735
9.994292,600,11441.197501
10.869001,600,11443.867901
12.054341,91,11450.288844
7.882094,102,11450.706778
9.385541,600,11453.323112
-26.42117,600,11455.863126
-24.55117,600,11458.36879
-74.46216,600,11466.67321
-14.677781,600,11469.334657
6.435457,600,11471.894193
11.171585,93,11472.323685
-20.689622,110,11472.834411
7.796948,600,11481.398591
-30.400579,600,11484.023486
-1.305885,600,11486.668174
-22.923829,600,11495.038743
7.852511,91,11495.463909
-20.6446,600,11498.000187
8.559346,600,11500.52956
-22.916136,600,11509.020248
-9.637797,600,11511.614588
9.417457,600,11514.254425
-78.586072,53,11514.497647
-24.990808,108,11514.946378
10.293351,110,11515.41768
-20.957896,31,11515.558884
-28.363789,600,11523.824914
-50.288189,600,11526.557064
-36.702154,115,11527.085022
10.015336,89,11527.44529
8.87742,600,11530.113774
2.328244,111,11530.586961
8.243664,600,11538.980504
-30.043756,129,11539.528068
-46.394831,66,11539.806047
-22.293899,600,11542.44841
11.947899,600,11545.093529
9.715009,600,11553.523282
-43.103512,600,11556.160944
2.243814,600,11558.786681
6.080017,600,11561.38738
-36.842996,600,11569.81784
10.085673,600,11572.399444
10.280832,144,11573.088419
-24.478956,600,11575.567447
-6.779515,108,11576.018519
-9.598597,127,11576.541111
-30.382916,115,11582.849006
-32.223491,129,11583.399539
-5.800461,600,11585.915915
-13.682847,140,11586.553078
-30.892347,600,11589.242057
9.620287,600,11597.158557
-52.530175,43,11597.356384
-40.572603,70,11597.673988
-16.393182,600,11600.330312
-27.098681,600,11602.968169
12.210898,600,11605.583048
-91.635425,55,11612.014491
14.129211,600,11614.653196
-67.439592,600,11617.210956
16.828093,600,11619.897408
-26.524378,600,11628.394849
-22.340566,600,11630.957181
-10.806249,116,11631.4679
-33.466746,115,11631.93364
-24.419304,600,11634.553039
5.307641,138,11635.154
10.527162,600,11643.626762
9.129128,90,11644.000659
-16.000045,123,11644.517845
6.717747,98,11644.917661
8.041071,160,11645.675763
3.034157,37,11645.84411
-30.898661,600,11648.369511
-10.501034,600,11656.914869
10.538359,600,11659.532997
-63.841992,600,11662.147367
-37.406694,600,11664.782411
-28.339629,600,11673.239079
8.488448,600,11675.820662
-101.088921,79,11676.209412
12.815839,600,11678.864867
-19.788689,600,11687.562093
-50.704592,600,11690.252606
-23.232,600,11692.824289
11.553838,600,11701.433746
-38.279265,59,11701.719208
4.939109,96,11702.122198
5.644479,600,11704.704247
11.914202,600,11707.291077
-17.942203,600,11709.926834
-29.270047,600,11718.131222
-7.95808,600,11720.718337
2.134005,19,11720.786113
9.974729,600,11723.37281
-24.822042,57,11723.612823
9.143783,600,11732.254337
-87.789234,53,11732.475625
14.643414,600,11735.089288
9.08394,600,11737.671044
8.625047,600,11746.007859
3.508284,600,11748.617956
-45.122838,37,11748.751824
6.820889,600,11751.359861
-36.616059,600,11759.812372
-19.843293,121,11760.322408
8.318412,600,11762.964498
-15.287071,600,11765.562651
-25.617368,600,11768.115441
8.982257,600,11776.793548
-23.233412,600,11779.433737
4.168699,600,11782.129361
-21.66534,600,11790.640629
-13.032501,600,11793.239161
12.350402,600,11795.827687
-11.459985,600,11798.431136
-22.816869,600,11807.214429
1.458917,32,11807.376828
-17.309258,600,11809.989564
5.406355,600,11812.595784
-44.536001,600,11820.957526
-7.915341,600,11823.566082
2.647822,13,11823.615685
8.492063,109,11824.138001
-28.131058,35,11824.302641
8.924942,600,11826.837262
-26.507868,102,11827.271477
-10.144669,600,11835.504664
-38.093543,36,11835.667167
-70.143365,600,11838.40339
14.698513,600,11840.964813
12.256696,600,11849.457564
-36.126454,47,11849.666519
-16.263782,600,11852.299881
-20.818278,600,11854.865497
11.605825,600,11857.418588
13.403186,600,11865.89306
10.269172,600,11868.598751
8.572691,600,11871.254966
7.556991,600,11880.044087
-66.735559,600,11882.596574
15.857537,600,11885.245045
2.257986,33,11885.400472
-33.081615,600,11894.081223
7.65787,600,11896.674008
8.300348,600,11899.281883
10.230137,600,11901.825444
5.937998,73,11902.141978
6.557608,600,11910.554898
2.641639,600,11913.176786
-24.362958,600,11915.8711
13.127477,600,11924.487556
5.614614,600,11927.151451
1.043612,50,11927.384285
-55.488264,62,11927.6652
14.198275,600,11930.261996
-15.068363,600,11938.671386
13.267702,600,11941.279922
9.946161,600,11943.821116
-28.702318,600,11946.443639
-0.669596,600,11954.840137
13.685812,600,11957.49122
2.533677,17,11957.571117
-89.040218,54,11957.835836
0.88761,600,11960.449927
-94.377333,56,11960.725915
-14.941386,41,11960.927586
-24.456748,600,11969.261736
-27.703597,600,11971.946565
-16.377628,600,11974.515851
5.277356,118,11975.004756
8.281059,600,11983.319711
-30.649072,35,11983.475119
11.58178,600,11986.043622
9.557425,600,11988.609732
10.475024,600,11996.904556
9.963605,600,11999.479561
-18.029557,600,12002.077062
-58.349726,600,12004.58942
9.256373,600,12013.119416
9.73658,600,12015.632996
-39.49902,600,12018.218747
-20.79942,600,12026.728677
-27.067509,600,12029.37659
11.819694,600,12031.952651
10.862981,600,12034.686971
9.304442,600,12043.115707
-11.317038,600,12045.71321
5.194764,600,12048.343812
-100.050471,60,12048.606682
-34.031639,600,12057.108371
4.680734,19,12057.194307
0.976344,28,12057.330246
3.894192,600,12059.678757
-27.491328,600,12061.942878
-24.152032,600,12070.445663
8.099452,600,12073.015436
-10.412044,600,12075.599678
-21.994319,600,12078.21072
4.075507,15,12078.277732
12.114643,114,12084.611788
9.831518,600,12087.177904
10.592333,600,12089.748911
13.313197,600,12092.395087
1.340821,600,12100.765632
9.303715,600,12103.325593
10.073585,600,12105.946946
-27.291451,600,12114.252275
7.678433,600,12116.884153
-35.798749,600,12119.434134
-40.865602,66,12119.719965
11.261275,600,12122.415043
8.950733,600,12131.327525
7.340477,600,12134.060485
7.86387,600,12136.62333
-21.406403,600,12145.18546
9.708253,600,12147.835213
10.465984,600,12150.49474
12.951761,109,12151.009302
-32.002998,600,12159.444008
-22.903561,600,12161.990256
-25.765012,600,12164.578845
11.20894,600,12167.154661
-38.229243,600,12175.483532
-84.13776,600,12178.050906
-24.235105,600,12180.614087
-38.410957,600,12188.742895
-29.667671,600,12191.347251
10.294074,600,12194.051692
-30.309195,600,12202.451295
-29.182216,600,12205.089706
-35.753904,600,12207.727058
2.483278,600,12210.360675
-28.746384,600,12219.106064
-18.169665,600,12221.742397
14.213446,600,12224.349418
9.220664,600,12232.898089
1.020637,600,12235.490066
-17.700883,600,12238.068292
-24.275115,600,12240.741139
9.049281,600,12249.375571
7.065498,600,12252.004263
10.942219,600,12254.54671
-37.749967,66,12254.811301
11.421041,600,12262.834973
2.078048,66,12263.124031
11.517178,600,12265.73516
-21.512614,45,12265.938226
1.878935,16,12266.023647
-14.838754,600,12268.657444
-1.865307,154,12269.341463
-27.877812,72,12269.641961
-17.627501,600,12277.963537
-67.168211,600,12280.563388
15.747778,600,12283.113986
12.880477,600,12291.659244
10.395573,600,12294.270373
6.275199,600,12296.895471
-38.512762,600,12299.450972
10.427471,133,12305.956949
9.928279,600,12308.606418
-19.331004,600,12311.193684
2.056008,600,12313.790493
10.084655,600,12322.425797
6.779793,600,12324.952633
9.644197,600,12327.564899
6.044217,600,12336.228761
11.387479,600,12338.918
9.14744,600,12341.558341
-37.507203,32,12341.688974
8.548732,600,12344.302624
12.015791,600,12352.613533
2.387704,600,12355.219025
12.237969,600,12357.797739
11.194249,600,12366.493975
10.600345,600,12369.196676
10.250555,600,12371.83385
-42.891629,66,12372.111393
-33.397784,600,12380.620474
-50.791759,600,12383.070381
14.208624,600,12385.775181
9.576008,600,12388.403777
-34.046966,600,12396.823324
8.987599,600,12399.39305
8.314581,600,12402.013183
-93.336612,55,12402.253771
-37.328855,600,12410.516268
-18.47664,600,12413.224123
12.023896,600,12415.843665
-24.080724,600,12418.371807
-5.034245,600,12426.890435
12.52168,600,12429.371965
4.432479,600,12431.843398
-37.042295,600,12440.826951
-38.152709,600,12443.31454
-39.030244,600,12445.997471
8.034552,600,12454.651498
-86.343656,600,12457.207247
16.281794,600,12459.776045
-14.840968,600,12462.375795
1.5107,31,12462.520089
7.554609,600,12471.048766
5.699552,600,12473.611788
-30.450153,600,12476.184274
2.153411,600,12484.687545
12.332496,600,12487.333883
-2.154205,600,12489.881501
6.402876,600,12492.40655
-91.568685,54,12498.803744
-45.051184,43,12498.996671
11.90338,600,12501.6648
14.67913,600,12504.296352
3.285585,600,12506.930346
-99.774179,56,12507.201966
-9.368371,60,12507.448533
-24.740721,600,12515.91884
12.698723,600,12518.558189
11.774071,600,12521.2338
8.908514,600,12529.690603
-14.858744,600,12532.241723
2.876353,600,12534.823251
8.346842,600,12543.200912
-58.555373,600,12545.907914
-94.315855,61,12546.14886
-17.059125,600,12548.805379
-14.928268,600,12551.340974
-26.691269,600,12559.661582
-22.781359,600,12562.32046
11.737374,600,12564.866693
-27.811236,600,12573.452391
-8.324506,115,12573.956041
8.82316,600,12576.598505
9.242182,600,12579.200156
6.643941,600,12587.323329
2.493031,27,12587.42516
9.565341,600,12590.081916
11.117802,600,12592.612361
10.069324,600,12595.058913
6.615537,600,12603.516731
-85.383199,57,12603.76209
-94.263921,56,12604.019388
16.4107,600,12606.648653
-35.577755,44,12606.842668
5.94839,600,12609.537411
-27.100763,65,12609.805795
7.659026,600,12618.238195
9.544569,600,12620.765489
12.736795,600,12623.395302
10.063518,600,12631.821619
-64.602418,600,12634.475578
12.842773,600,12637.069291
4.47628,600,12639.719595
-31.683035,600,12648.30749
-36.182484,600,12650.843738
12.467694,600,12653.452553
-15.111452,600,12661.799504
-92.055524,54,12662.042144
16.951827,600,12664.651932
-22.348803,600,12667.278318
6.512335,600,12675.94135
-28.868214,600,12678.627913
5.535115,600,12681.205529
11.646955,600,12683.84708
11.518818,600,12692.216557
-69.075894,600,12694.818596
13.813958,600,12697.487917
-3.818549,600,12705.974753
7.869746,600,12708.5591
8.444388,600,12711.121587
-7.01353,600,12713.733516
-37.857152,600,12722.114144
10.30719,600,12724.599091
1.005238,15,12724.669894
9.747318,600,12727.291553
5.403368,600,12735.765356
13.902535,600,12738.241748
-25.426889,600,12740.812839
-7.326556,600,12749.206429
-40.890585,600,12751.768402
-34.187574,600,12754.353786
-23.839838,600,12757.110531
3.314703,14,12757.16895
-33.809797,600,12765.513799
-93.318406,55,12765.752109
-36.255554,33,12765.892162
8.748086,600,12768.546459
-6.015915,600,12771.219285
11.115942,600,12779.785948
3.435345,600,12782.391602
6.269162,600,12785.0145
1.949375,13,12785.071511
9.273359,600,12793.636113
11.569206,600,12796.23657
3.703359,17,12796.304432
-31.84185,600,12798.897025
-39.184635,600,12801.506598
-38.050752,600,12809.899705
12.353188,600,12812.435696
8.162157,600,12814.968022
9.833041,90,12815.370841
-34.165255,600,12823.769065
-31.651545,166,12824.475958
7.692428,600,12826.959971
6.792312,600,12829.532629
1.076698,56,12829.776218
-24.24115,600,12838.199432
6.31145,600,12840.812445
-31.798305,600,12843.384441
6.927674,600,12845.907945
-20.442166,600,12854.357848
-74.039621,600,12856.884335
-27.71017,89,12857.280099
-2.2315,600,12859.92607
-13.616611,40,12860.09005
-43.119768,600,12868.509559
1.667252,18,12868.601583
-92.590056,59,12868.88135
-25.626016,600,12871.465348
-9.427116,600,12874.041977
-1.157934,600,12882.503487
-571.257598,600,12885.014923
-45.324044,65,12885.302203
3.55578,11,12885.356975
-32.861411,600,12887.840483
11.707111,600,12896.335572
-37.856345,600,12899.020659
3.846262,600,12901.634569
10.98165,600,12904.243944
12.436074,600,12912.446347
-30.553484,600,12915.048974
5.606948,600,12917.613144
9.568523,600,12926.145527
-20.617547,600,12928.744339
-30.327443,600,12931.408668
-18.97278,600,12934.079421
-22.058333,600,12942.638115
-35.507787,600,12945.120402
-20.917023,64,12945.389761
-19.660066,600,12948.010616
-31.162211,67,12948.272402
-20.020972,60,12948.498514
-26.792756,600,12956.833919
9.052247,600,12959.444637
12.596303,600,12962.036775
-15.834264,132,12962.619147
-36.618395,65,12962.944487
-8.551041,600,12971.530176
-37.481334,67,12971.799167
2.314058,600,12974.371391
-22.196981,600,12976.965371
10.144151,600,12985.210189
-13.836776,43,12985.416734
2.715727,28,12985.532381
-32.901762,121,12986.060145
9.108817,600,12988.739013
-5.816688,47,12988.943639
-91.651643,54,12989.157435
-45.085156,46,12989.336001
-27.096095,600,12991.963686
2.112908,15,12992.03422
11.901469,600,13000.55433
-39.710196,600,13003.206345
10.720674,600,13005.838273
-38.147838,72,13006.122937
-11.127029,600,13014.559861
11.351442,600,13017.207993
10.307102,600,13019.885355
-14.38747,600,13022.557624
8.101499,600,13030.935361
10.953908,600,13033.485746
11.588119,88,13033.867815
8.149872,600,13036.433386
12.254316,600,13044.868993
2.563657,600,13047.515383
-12.941129,600,13050.170808
11.775094,600,13058.565667
9.123181,600,13061.149562
-39.357124,600,13063.790339
0.616065,600,13066.423155
-23.581882,600,13074.892781
-58.555139,600,13077.523718
17.162097,600,13080.086581
9.304458,600,13088.466984
4.649942,600,13090.950475
8.704085,600,13093.449289
-30.196841,600,13102.202103
-10.05371,600,13104.707567
1.006895,600,13107.277819
11.600178,600,13109.873755
-8.106666,600,13118.269498
-19.677879,600,13120.76076
11.113271,600,13123.409666
8.784237,600,13132.055706
-13.71118,600,13134.664934
-23.130106,600,13137.23298
-16.078267,600,13139.754198
8.942881,119,13140.243911
-0.857256,600,13148.539938
10.741838,600,13151.18468
-27.297652,36,13151.330693
-23.834519,600,13153.860849
9.991624,600,13162.636383
6.212794,600,13165.333455
9.458096,600,13168.039672
-22.744603,600,13176.60346
10.054605,107,13177.043036
-0.559626,600,13179.605508
-6.822785,600,13182.229118
-29.622232,600,13184.843994
9.957324,600,13193.410959
-18.200449,600,13195.969877
-37.183823,136,13196.501818
11.214151,600,13199.132516
9.618534,106,13199.610507
8.944994,600,13208.197967
-10.601926,600,13210.836216
9.620652,600,13213.400566
-48.816198,67,13213.703762
9.995577,600,13222.382738
-65.438871,600,13224.989075
15.185979,600,13227.59089
8.815202,600,13236.04215
9.122857,600,13238.688493
-15.016957,600,13241.209591
-8.217351,144,13241.87836
-5.321997,39,13242.044737
-28.425262,600,13250.572406
-93.828795,54,13250.800486
1.02807,600,13253.560331
-35.72544,600,13256.139245
8.525137,600,13258.71706
13.881519,600,13267.239901
-16.472643,600,13269.809939
8.493963,600,13272.34632
1.173216,600,13280.819173
10.13654,600,13283.465034
7.713949,600,13286.028181
2.988734,11,13286.078032
10.216052,600,13294.836247
13.335389,600,13297.386261
14.948071,600,13299.91227
-36.974326,600,13302.517786
-32.739981,600,13311.0398
12.49898,600,13313.594378
12.005188,600,13316.168401
13.013852,600,13324.580278
-53.228519,600,13327.181774
11.842708,600,13329.741991
-9.084317,600,13332.335195
-90.357612,53,13332.564107
6.795129,58,13332.852922
3.418904,600,13341.268843
-29.582103,600,13343.971538
-17.818544,600,13346.644702
12.857154,111,13347.165699
-8.909878,600,13355.924741
-39.377479,600,13358.516302
-20.210119,600,13361.072561
1.590779,19,13361.152526
