#{"t_start": 1736027873.4806192, "env_id": "None"}
r,l,t
593.022881,600,7.224325
82.046913,273,8.612634
568.898251,600,11.67564
95.191295,271,12.993777
139.34278,157,13.762223
210.616178,288,21.231642
106.724494,142,22.011385
579.152736,600,25.171544
257.289403,354,27.095798
127.522412,204,28.233539
139.513645,245,29.604827
125.849213,146,30.393353
107.319652,161,31.250134
302.698658,600,40.370037
123.963038,149,41.159196
123.259117,149,41.96185
293.235032,383,44.023713
149.897275,177,44.975469
544.450428,600,48.086356
163.757391,273,55.620675
76.038588,144,56.353166
127.096271,141,57.077862
104.022743,177,57.996562
159.317093,246,59.27949
558.251176,600,62.414535
423.76738,568,71.156355
127.253297,170,72.022011
261.554796,329,73.730231
119.910156,137,74.445933
552.814819,600,77.566165
524.084509,600,80.671399
217.170353,275,88.470456
585.514181,600,91.711048
120.417631,153,92.537349
164.17036,224,93.691167
115.894391,131,94.363309
571.671931,600,97.52722
120.949525,148,98.352501
81.054396,244,105.588809
122.053552,135,106.253833
173.553511,225,107.436765
106.373798,197,108.494656
125.797661,146,109.289941
561.522468,600,112.54433
121.393016,156,113.391024
243.168442,295,114.963471
100.84466,600,124.33099
162.608771,187,125.408592
285.616893,325,127.164363
105.421189,132,127.854923
443.587019,600,131.016733
167.335183,238,132.308527
71.321263,150,138.99869
92.153012,143,139.787863
124.32809,143,140.587778
105.108683,124,141.33616
96.070848,190,142.371487
108.670235,235,143.69767
517.667767,600,146.812376
552.96847,600,156.337842
152.455207,600,159.628701
589.554628,600,162.904069
565.128793,600,166.20075
185.18677,253,173.710795
102.499949,126,174.402064
104.64441,160,175.256041
275.669911,333,177.046841
196.535757,311,178.655762
585.444169,600,181.844367
132.324691,170,182.729721
84.464309,194,183.772472
168.448415,240,190.877476
140.48286,178,191.862986
69.58487,141,192.609673
525.481996,600,196.169637
232.786636,255,197.489054
563.662571,600,200.589514
140.81364,179,207.388371
576.320738,600,210.533236
118.19989,109,211.110093
136.546893,206,212.217452
181.342591,278,213.662925
206.197548,280,215.108031
263.969006,305,216.719143
236.007271,329,224.175228
117.981594,137,224.940643
97.010968,142,225.702675
140.977748,181,226.697226
565.927782,600,229.967192
125.105772,146,230.752274
125.510357,158,231.611735
144.068654,190,232.627637
287.573444,353,234.593961
588.975246,600,243.6661
501.455418,600,247.018996
70.792426,121,247.676814
146.861312,227,248.842451
96.128611,141,249.613329
117.730924,194,250.623266
152.179725,241,258.023357
138.265073,164,258.905831
108.780652,110,259.530025
89.771322,162,260.361786
91.517621,148,261.153049
180.303953,232,262.460968
248.252007,301,263.959301
144.193375,210,265.118458
113.610399,344,266.908524
73.976285,197,267.922025
270.311775,327,275.681305
203.137308,239,276.951309
322.001076,394,279.226702
585.71731,600,282.434196
215.374517,329,284.197392
570.722341,600,293.1699
86.427159,156,293.968192
191.112312,222,295.105412
142.760566,172,296.005271
49.141836,138,296.741273
271.605085,600,299.900396
100.004131,149,300.682902
98.202163,120,301.311693
98.723055,118,301.970842
92.835407,164,308.806275
591.892995,600,312.032861
80.748968,126,312.716186
562.271728,600,315.930823
125.714523,168,316.847865
100.123828,141,317.593836
565.060334,600,326.571808
133.117022,166,327.476171
474.908316,600,330.599149
177.344527,214,331.694756
102.631199,116,332.279509
97.558283,105,332.841938
568.786949,600,342.001471
506.948924,600,345.279627
162.376894,224,346.467756
141.590517,196,347.514837
136.152299,173,348.425751
115.99247,148,349.184907
145.919594,194,350.208402
63.517188,133,350.938648
81.158505,134,351.617105
94.700122,123,352.282301
46.281858,159,359.148993
588.400941,600,362.32603
402.740106,462,364.722231
158.870901,226,365.913448
102.826515,127,366.598323
111.251491,125,367.256787
152.58468,217,368.35137
50.657089,201,369.389745
466.344701,600,378.625719
204.757508,306,380.193179
70.694804,145,380.980357
188.557208,230,382.224321
84.502001,162,383.072881
540.368557,600,386.136057
157.094298,215,393.478777
95.029332,113,394.118803
87.23942,130,394.787988
190.409802,266,396.141945
67.963558,127,396.813774
238.472675,316,398.502158
34.646239,600,401.752112
85.091718,168,402.626728
162.112166,213,409.647152
102.490735,123,410.288057
548.392708,600,413.507384
564.655592,600,416.683843
252.279571,354,418.586024
219.43012,272,420.009827
99.278109,158,426.75855
153.818286,191,427.749002
186.322279,242,428.995039
100.51425,142,429.739807
422.873824,600,432.908047
52.824098,119,433.535387
232.828578,297,435.06374
91.742206,137,435.801963
56.635964,201,442.636403
196.587762,289,444.266427
113.018268,114,445.010014
94.705915,129,445.767318
78.350543,93,446.278971
95.53549,114,446.876783
173.583092,207,447.94923
143.72859,179,448.913018
141.53916,171,449.804008
103.753045,216,450.966197
576.546409,600,460.012604
43.433064,114,460.625648
105.079777,150,461.437626
82.127621,114,462.054921
97.520045,122,462.689955
127.826508,244,463.946312
94.241911,149,464.715316
81.036403,122,465.347143
134.055536,190,466.33437
95.040676,117,466.956241
565.920772,600,470.134776
235.769914,278,477.503353
573.640612,600,480.615832
213.719719,255,482.162818
377.374527,415,484.534103
219.500178,279,486.016607
142.244128,188,487.05995
192.870343,317,494.889264
355.193169,600,498.040517
92.614408,105,498.605538
191.038029,271,500.059479
142.611183,181,501.074217
90.609175,95,501.609099
81.50068,100,502.166447
229.666738,294,503.774029
180.9667,230,511.172414
129.968074,209,512.280863
184.736041,234,513.504362
102.859856,117,514.128098
132.896109,162,514.987972
80.330147,109,515.589084
350.39835,435,517.845446
199.941529,270,519.250078
186.107899,217,520.3639
126.351095,246,527.440266
55.728677,107,528.023429
487.238166,600,531.326497
76.770804,103,531.952977
129.036828,171,532.864831
215.663098,253,534.162663
90.844423,101,534.730977
54.135777,121,535.363298
92.425048,124,536.01141
76.789024,121,536.642143
188.586299,241,537.951839
588.972621,600,547.102165
101.271001,129,547.788555
50.94685,108,548.35915
148.508426,208,549.463104
107.505793,112,550.073295
57.371989,120,550.850878
333.866735,379,553.040276
89.443757,123,553.71008
211.089502,262,555.090232
71.152397,175,562.094408
234.3459,314,563.764829
76.234676,101,564.29299
162.698502,188,565.273887
510.785212,600,568.514366
130.345289,166,569.367541
182.179775,266,570.798947
114.916914,195,571.87018
501.572739,600,580.838212
132.661171,205,581.902811
265.464153,323,583.573751
69.14533,95,584.075346
148.917959,192,585.10069
121.777697,227,586.328784
200.325274,235,587.542086
507.977798,600,596.99789
95.728752,130,597.697815
152.017583,230,598.97172
232.555662,282,600.530855
58.410205,111,601.125017
124.465545,159,601.957335
79.968103,170,602.857438
147.406672,176,603.798274
109.057788,154,604.652862
94.255021,112,605.275172
91.344496,126,605.927287
542.920397,600,615.219209
86.112039,91,615.669426
111.023994,192,616.687391
86.218252,134,617.438991
58.433653,117,618.084775
236.569348,302,619.647569
139.571341,230,620.852462
78.8037,128,621.508344
114.813369,144,622.255347
124.000697,171,623.151434
104.777811,165,630.453537
82.080614,166,631.334447
47.04072,116,631.948166
183.127337,222,633.132094
151.253648,170,634.064837
122.236448,164,634.927956
104.662169,143,635.67727
77.314291,96,636.192271
104.56798,112,636.783563
122.925164,151,637.578313
554.042442,600,646.813115
104.457067,179,647.804147
137.868069,188,648.774045
68.972672,504,651.451986
188.408416,223,652.637427
109.813543,145,653.424536
62.5243,124,654.059503
30.69757,107,654.602705
79.592737,98,655.124555
111.786259,138,655.870881
80.694176,114,656.497078
552.595153,600,665.529235
154.522964,223,666.72097
474.074507,600,669.92605
140.430231,173,670.845921
88.554379,96,671.339597
160.111739,218,672.47874
101.618591,108,673.020231
75.131246,98,673.522139
79.545439,92,674.037868
83.309354,113,680.561587
100.119853,98,681.088561
72.154273,111,681.721216
131.646023,193,682.719777
147.18751,198,683.793608
165.884831,307,685.662114
74.907328,134,686.475066
89.154633,172,687.383407
126.595827,283,688.831154
133.612717,169,689.754966
144.575742,215,690.965604
140.975807,241,698.198428
171.74009,273,699.689119
586.884437,600,703.019961
51.921153,110,703.604059
43.148246,112,704.193804
90.082633,88,704.661036
216.668359,310,706.2551
77.938148,123,706.915371
56.396396,96,707.407016
88.467647,99,707.963486
149.37473,258,715.438141
86.065294,84,715.89045
271.477144,318,717.589458
75.445366,103,718.160232
81.128203,110,718.804723
115.249807,162,719.707856
84.120836,102,720.322988
65.728782,132,721.090747
195.498395,257,722.511706
82.649657,102,723.092026
130.873143,167,723.952892
64.318721,158,724.760774
573.990058,600,733.846653
71.080238,251,735.525143
203.522369,277,737.053132
103.636856,124,737.731043
122.345284,147,738.499574
282.861184,391,740.646134
114.996905,150,741.413396
537.07127,600,750.525131
52.581612,98,751.098122
139.332553,600,754.527873
394.795488,419,756.756965
223.210544,282,758.270485
25.703776,211,759.366912
140.053676,159,765.512975
90.420808,132,766.306878
132.251428,166,767.382605
66.065706,600,770.675356
71.998597,134,771.356942
231.872366,385,773.403564
87.394204,93,773.885857
115.527568,150,774.708827
126.115172,158,775.570867
63.353158,109,776.137049
33.360584,101,776.672713
88.04549,98,783.127032
92.710897,97,783.631877
98.819497,157,784.501994
39.608192,108,785.074911
524.706819,600,788.330572
192.013516,222,789.529887
80.768712,124,790.219909
78.932173,187,791.253914
35.197901,87,791.739139
84.301386,138,792.512789
115.130161,212,793.655204
553.580636,600,802.746273
73.173537,102,803.289534
172.844358,231,804.523307
120.918122,178,805.469102
77.387004,110,806.054663
118.866314,174,806.992716
257.604755,335,808.7351
191.671627,265,810.128505
51.812636,99,816.684578
62.06826,183,817.663742
568.368456,600,820.84478
66.603595,132,821.534556
507.682641,600,824.821288
126.896593,241,826.065526
81.7899,93,826.583583
79.213036,121,827.20865
50.364754,109,833.495845
79.775074,135,834.243675
116.236703,162,835.141961
70.891984,166,836.069067
83.020333,85,836.508217
47.749665,600,839.736712
116.958379,162,840.578387
52.807846,105,841.121561
129.069338,192,842.168305
293.323524,396,844.281444
84.259175,88,850.730366
122.588296,159,851.643657
60.073598,125,852.327608
52.941912,144,853.075164
84.157239,99,853.613228
115.044824,151,854.424795
424.793185,600,857.72546
172.311193,225,858.96708
115.073415,218,860.182011
71.014465,105,860.773136
117.383187,188,867.623942
79.11567,91,868.086234
203.029601,249,869.393654
85.033396,158,870.262311
511.164397,600,873.44494
92.557051,133,874.20669
154.252317,218,875.337291
72.212536,114,875.924282
85.795072,175,876.813777
182.563095,280,884.151662
93.39599,110,884.741298
73.49517,99,885.248802
28.21775,95,885.767546
159.230181,600,889.016487
326.19759,600,892.282575
93.892595,148,893.074567
563.754029,600,902.021889
46.133324,120,902.643462
84.32755,107,903.214818
508.426998,600,906.486135
272.263235,326,908.161505
433.010804,600,911.353514
132.933142,169,918.056145
445.832125,600,921.246306
67.708814,106,921.807622
141.149667,189,922.77806
185.113635,238,923.998511
83.650676,107,924.542103
161.467264,210,925.666323
98.206108,115,926.283001
84.960385,125,926.963277
582.252299,600,936.306446
96.506529,149,937.145687
71.89093,144,937.911987
88.166556,140,938.643803
123.681971,291,940.19617
70.475777,118,940.849813
73.077339,120,941.515987
174.457262,204,942.689387
85.129559,112,943.334916
102.028673,126,944.027203
563.187757,600,953.046972
79.866672,98,953.554815
71.564296,148,954.331181
9.954842,91,954.82115
68.024014,132,955.544584
83.099989,133,956.287039
94.615143,600,959.490683
133.853039,252,960.83785
38.371453,95,961.34093
528.351938,582,970.488837
56.97444,207,971.609635
555.394772,600,974.734981
114.18067,156,975.599641
75.990372,88,976.084039
40.281765,158,976.892634
546.296233,600,986.308373
40.799078,86,986.845859
100.335463,114,987.461267
509.313588,600,990.715864
185.945966,267,992.364867
35.394822,150,993.28668
184.690048,423,995.693087
156.102132,222,997.014825
89.997431,84,1003.371713
133.132603,172,1004.478096
76.0905,95,1005.150737
57.8142,103,1005.843965
134.566728,173,1006.938478
70.928598,89,1007.424517
576.377908,600,1010.641387
148.947638,216,1011.790573
75.107826,129,1012.475819
73.297352,92,1012.953714
375.55436,422,1021.439867
114.687068,211,1022.701597
309.179375,332,1024.474265
30.743389,103,1024.990376
187.499548,208,1026.099483
41.054134,600,1029.437001
163.056319,184,1030.422144
78.400829,92,1030.913976
159.447556,251,1038.031934
194.677526,238,1039.265707
61.310588,284,1040.724363
126.257736,185,1041.677153
187.357206,267,1043.094897
587.555741,600,1046.310134
146.209445,281,1047.827913
144.506883,181,1054.799898
82.454705,114,1055.397163
70.110419,92,1055.873572
161.902686,251,1057.206897
83.598226,108,1057.783383
79.163572,92,1058.307201
189.180883,226,1059.48768
88.334107,122,1060.140555
57.889299,99,1060.662634
122.19584,173,1061.586676
169.367477,251,1062.929749
94.991406,178,1063.894382
140.16139,172,1064.823752
482.986387,600,1074.017737
199.224431,265,1075.491857
238.446914,293,1077.062556
188.128375,229,1078.237621
123.430801,215,1079.495779
25.693974,94,1080.091205
99.565334,141,1080.832171
180.491577,210,1081.935834
89.553983,92,1082.45115
76.09487,112,1089.070955
181.017865,250,1090.452921
128.190646,250,1091.807136
188.55555,217,1092.957878
125.155353,178,1093.878115
74.701285,150,1094.70276
64.898134,104,1095.290352
224.394685,289,1097.020665
34.519,93,1097.596476
42.131323,89,1098.05326
36.450793,99,1098.576083
77.678685,181,1099.542034
105.280596,145,1106.120473
374.138126,390,1108.213349
59.691926,82,1108.632757
151.870525,231,1109.829513
97.478088,190,1110.862865
87.073366,111,1111.505392
305.097359,600,1114.684973
68.648218,232,1115.921174
152.649884,204,1123.086898
83.820354,94,1123.598011
65.072757,105,1124.18304
80.506396,228,1125.401122
104.792329,157,1126.209028
574.228819,600,1129.440274
72.86517,90,1129.923728
469.34114,600,1133.217997
74.039131,127,1133.989182
16.598775,176,1140.813835
370.194625,600,1143.978714
69.292704,137,1144.725342
116.247432,166,1145.657158
493.668498,600,1148.972373
164.460989,204,1150.171907
325.107919,473,1158.912718
113.144296,273,1160.348123
44.559549,111,1160.940457
111.383883,262,1162.352759
152.749898,253,1163.673627
103.704175,194,1164.719232
67.319029,112,1165.301363
130.939754,191,1166.374266
77.919052,101,1166.913199
155.228596,208,1167.974342
87.018634,157,1174.705512
303.35196,349,1176.565981
54.123127,131,1177.285069
84.521846,101,1177.828894
138.438832,169,1178.701246
566.646549,600,1182.10255
49.069629,102,1182.619463
75.40918,113,1183.185665
95.464662,125,1183.824654
66.320405,97,1184.359683
133.155907,211,1191.439988
167.345199,244,1192.762013
71.363543,100,1193.334928
140.24326,152,1194.208142
100.968467,141,1194.939931
78.619067,92,1195.438082
75.899916,83,1195.935886
61.012238,132,1196.747358
84.88409,80,1197.220121
119.845844,156,1198.186517
87.869236,117,1198.874865
78.879384,98,1199.372457
-9.863513,107,1199.923339
177.38709,269,1201.313958
34.099681,84,1201.7673
161.862039,283,1209.593057
136.285176,217,1210.892743
557.306148,600,1214.194927
41.933857,90,1214.688047
175.399582,213,1215.848982
553.623846,600,1219.107656
49.238218,91,1219.609638
41.403788,79,1220.046624
86.346468,600,1229.518728
133.703531,161,1230.388739
71.760151,144,1231.141009
44.357654,206,1232.219552
77.307668,93,1232.722138
116.703694,177,1233.655492
85.701353,86,1234.112874
139.079816,175,1235.067406
470.967917,600,1244.076852
69.744221,89,1244.60883
82.489514,93,1245.156766
207.76943,271,1246.685053
69.145277,170,1247.619136
523.200652,600,1250.900185
76.439929,107,1251.467104
-20.744241,106,1252.039139
64.559668,84,1252.483971
34.170013,99,1253.006966
36.092573,106,1253.574229
86.799445,101,1254.120053
176.577964,230,1261.375608
55.064371,300,1263.08347
44.568786,102,1263.730346
125.026405,145,1264.686466
71.266605,94,1265.294904
147.862879,183,1266.344258
87.596729,176,1267.2414
68.085575,113,1267.801789
112.275101,202,1268.838836
-27.237404,116,1269.450915
113.286899,181,1270.416104
51.185085,109,1270.995852
117.485621,153,1277.951757
80.124397,124,1278.638702
330.091164,587,1281.874564
78.271698,105,1282.468534
171.241927,305,1284.119607
52.152978,88,1284.591566
190.118537,248,1285.953766
190.750793,235,1287.199615
179.673098,239,1288.546385
134.698335,170,1295.644787
150.824192,600,1299.109357
171.020854,237,1300.383603
31.49754,98,1300.928312
151.490842,176,1301.921452
140.91189,253,1303.342442
127.493795,164,1304.215693
191.344407,247,1305.514718
79.354406,143,1306.320841
75.227917,88,1312.552788
114.938367,178,1313.493462
153.647201,200,1314.536753
41.917791,89,1314.990044
31.5304,117,1315.60895
298.561612,437,1318.156619
198.01687,231,1319.494551
78.589632,103,1320.069363
157.817459,218,1321.344689
69.646868,498,1330.039789
202.572511,600,1333.245039
552.288957,600,1336.785755
145.923209,201,1338.011733
84.339296,100,1338.534201
74.214156,85,1338.985861
158.409526,241,1340.42964
548.166647,600,1349.806782
96.787168,101,1350.403731
70.394432,155,1351.282207
367.36502,600,1354.838164
95.824615,117,1355.581548
356.97215,433,1357.980367
49.061759,84,1358.404387
95.044008,109,1358.996122
158.439493,238,1366.079918
38.379357,90,1366.545011
520.47891,600,1369.728623
551.62493,600,1372.942843
496.56137,600,1382.03242
83.534797,135,1382.724062
35.712929,112,1383.353515
61.022572,126,1384.046732
142.299675,198,1385.091101
49.415094,151,1385.898547
296.218851,430,1388.238172
552.063047,600,1391.361893
123.79958,167,1392.246587
126.229915,151,1399.039875
59.292967,104,1399.624773
43.839056,94,1400.162798
175.743894,250,1401.606354
48.764852,94,1402.154248
37.05958,143,1402.952831
45.568815,351,1404.907341
9.356924,175,1405.866188
92.20986,113,1406.46995
43.592714,112,1407.06245
4.568213,88,1407.540331
73.070811,126,1408.230472
107.330726,190,1409.2279
85.972072,109,1409.788688
1.883362,600,1419.394575
75.654636,115,1420.130746
522.835242,600,1423.462785
75.010949,94,1423.992541
147.852431,221,1425.211311
138.711627,199,1426.332679
148.212637,199,1427.43418
66.952977,91,1434.187316
397.309486,569,1437.160486
82.844896,118,1437.799367
120.346916,190,1438.865252
120.400074,159,1439.772789
115.19235,155,1440.639866
123.298421,237,1441.975802
120.151436,171,1442.856596
87.283289,137,1443.592476
53.747901,91,1444.091003
109.293093,181,1450.954377
76.258217,108,1451.52233
161.069918,196,1452.576457
200.024013,600,1456.001081
174.78597,242,1457.487638
474.94523,569,1460.580642
85.962766,88,1461.038978
158.000906,260,1468.335322
67.345604,148,1469.18787
51.354475,231,1470.421608
63.400788,118,1471.012834
128.19,166,1471.88886
17.832708,213,1473.020015
257.014377,344,1475.006071
154.780969,232,1476.274531
71.89661,119,1476.91507
74.304545,89,1477.396563
583.325364,600,1486.811398
84.892617,135,1487.546564
53.460975,105,1488.091932
532.380192,600,1491.309801
90.477937,226,1492.570027
85.449385,183,1493.720362
391.167985,600,1503.266237
65.185816,92,1503.778512
65.168879,91,1504.24373
72.5765,91,1504.727451
79.790135,84,1505.17038
516.984536,600,1508.473323
53.715934,118,1509.147531
122.818726,144,1509.915302
89.010045,109,1510.511726
174.266342,214,1511.663593
88.634296,109,1512.271933
18.103752,138,1513.008782
48.383692,87,1513.502469
210.735679,241,1520.773323
178.681817,260,1522.310587
146.302576,241,1523.632211
128.92206,217,1524.875574
463.217036,600,1528.138283
53.576246,199,1529.349107
152.480678,252,1530.797628
77.097261,93,1531.291167
197.400587,288,1538.593863
477.530425,600,1541.677488
65.300189,149,1542.489529
18.567422,600,1546.218276
98.968722,145,1546.965623
538.386985,600,1556.02185
112.558387,230,1557.224343
59.618837,111,1557.828904
49.643571,125,1558.493297
143.418294,212,1559.678975
71.687136,86,1560.200936
68.096021,99,1560.74542
62.592826,153,1561.55385
221.315263,321,1563.399688
145.338314,265,1564.861367
463.037532,600,1574.04032
89.898857,116,1574.68099
102.339155,142,1575.412022
544.406675,600,1578.609135
507.38071,600,1581.95875
208.527937,313,1590.101198
40.37838,85,1590.568374
-10.014723,91,1591.099746
50.956837,86,1591.572017
78.430477,105,1592.140297
66.235883,86,1592.610391
145.505841,228,1593.919567
151.008339,183,1595.015981
209.020488,600,1598.177885
135.75052,164,1599.085054
73.851482,88,1599.609751
557.60293,600,1608.792886
72.09822,110,1609.47138
73.642878,111,1610.122066
100.524311,134,1610.869457
57.308876,142,1611.615805
79.343177,86,1612.102228
517.656279,600,1615.411496
327.525049,355,1617.327572
110.643405,149,1624.060595
63.043251,84,1624.536412
87.935011,202,1625.659199
70.891094,90,1626.130691
172.453518,223,1627.411572
81.367549,144,1628.277397
71.859287,142,1629.112515
91.627049,118,1629.814279
77.030239,220,1631.115895
84.805787,102,1631.624316
109.202486,160,1632.42546
137.85565,190,1633.423164
170.929479,232,1634.584447
28.076082,85,1635.014592
97.57696,374,1643.090873
106.266008,600,1646.844119
58.364021,111,1647.461098
97.988379,164,1648.340536
150.542731,221,1649.545271
60.135844,108,1650.213306
86.619329,98,1650.759562
441.622364,600,1660.349166
83.741073,104,1660.894771
394.683164,551,1663.91774
67.596299,89,1664.424529
65.344093,121,1665.067063
62.949004,158,1665.970853
66.650201,84,1666.432272
88.726591,116,1667.052483
104.890916,179,1668.024203
71.027712,94,1668.547846
117.336754,600,1677.909079
136.903349,212,1678.98443
75.080166,88,1679.44216
99.817712,144,1680.233601
135.880704,182,1681.202985
108.704132,164,1682.049256
67.693263,82,1682.47976
68.511906,130,1683.201211
127.031631,174,1684.164444
181.362232,226,1685.443555
89.23863,116,1686.084036
32.02333,600,1695.210637
47.076645,86,1695.691294
90.226703,122,1696.374045
220.682358,290,1698.06895
143.552457,164,1698.965079
72.287116,106,1699.499016
184.752592,390,1701.602531
148.996881,215,1702.878763
56.292085,93,1703.461874
108.183864,134,1704.223138
18.442166,89,1704.697401
108.345516,129,1711.350403
160.570278,260,1712.785552
86.094191,95,1713.262017
41.20142,235,1714.495624
125.263114,327,1716.321577
-5.578817,119,1716.994063
47.198138,103,1717.508244
72.488331,106,1718.083743
97.119364,156,1718.874515
139.083908,171,1719.765806
76.053525,90,1720.235958
160.745075,220,1721.420718
177.293978,225,1728.520772
140.794852,230,1729.793627
374.359053,600,1733.033031
41.146847,96,1733.564205
85.974481,114,1734.177277
192.274283,312,1735.844614
45.160206,128,1736.58941
22.624251,85,1737.066174
118.818311,146,1737.956407
143.868012,207,1745.120668
105.493741,182,1746.073315
153.565099,232,1747.293766
217.773595,252,1748.615205
117.307358,183,1749.603729
48.947023,600,1752.866287
118.056811,141,1753.587147
72.815996,104,1754.137264
48.678086,97,1754.65797
549.751654,600,1763.772059
80.187359,100,1764.312682
130.623297,202,1765.342803
496.165893,600,1768.433709
100.828278,162,1769.242818
56.326174,141,1769.993286
32.341378,109,1770.589284
92.901287,128,1771.233798
238.963667,335,1778.919516
68.119412,122,1779.630227
63.755985,168,1780.692393
69.339549,162,1781.701355
72.219373,172,1782.580189
155.959058,215,1783.749899
45.945431,252,1785.227992
175.996348,210,1786.43946
107.984651,146,1787.258824
121.070148,145,1788.008387
478.921374,600,1797.202203
60.887636,115,1797.83773
424.503212,600,1801.093683
81.256311,76,1801.495243
467.63938,600,1804.665349
41.764206,108,1805.249284
273.307585,339,1813.121789
186.90788,245,1814.390302
125.408198,247,1815.649861
82.367455,88,1816.086786
78.306037,90,1816.542104
87.693282,187,1817.535995
82.69321,139,1818.280177
176.718203,292,1819.740317
110.251041,151,1820.644924
68.857762,100,1821.301251
109.353395,195,1822.482368
37.419678,90,1822.960027
107.820519,130,1823.668828
69.399559,141,1830.459237
83.244181,84,1830.906444
103.387948,142,1831.692323
47.901011,90,1832.189883
109.472042,225,1833.329299
15.561535,218,1834.503858
60.956725,118,1835.113017
125.226431,233,1836.291476
68.271849,91,1836.776629
158.255761,221,1837.997097
111.716205,226,1839.539399
73.18382,126,1840.354978
70.926283,89,1840.915622
71.055889,96,1841.423365
31.949519,94,1847.849502
147.466634,197,1848.831678
193.34502,249,1850.1171
350.197573,530,1852.94655
97.909479,155,1853.867601
49.738279,106,1854.476363
104.437151,121,1855.221185
74.845892,138,1856.050551
159.520962,187,1857.168404
175.21847,215,1858.283318
192.29673,213,1865.210548
98.349229,125,1865.896609
556.475879,600,1868.907587
146.52807,267,1870.587344
257.502815,600,1873.879297
61.893419,140,1874.643591
578.126446,600,1883.375241
142.679352,178,1884.299842
143.151193,198,1885.370603
112.393699,167,1886.24681
146.303046,236,1887.505584
120.060442,166,1888.376073
120.245322,204,1889.428949
146.884476,188,1890.387945
43.306948,86,1890.808837
71.917187,107,1891.365048
78.434518,102,1896.933923
64.38012,98,1897.462343
73.190837,76,1897.875259
106.347417,191,1898.910805
51.278408,109,1899.500184
242.872772,297,1901.053016
72.595103,138,1901.859456
36.271599,80,1902.319386
351.851817,385,1904.38334
85.829054,120,1905.056666
147.671062,310,1906.762038
18.395357,81,1907.268241
98.997368,223,1914.538686
83.436068,89,1915.114996
452.410277,600,1918.699284
147.842131,191,1919.712976
45.210888,103,1920.264014
80.710173,96,1920.749108
79.20093,78,1921.153983
172.867726,238,1922.403553
543.898948,600,1931.594229
129.351255,221,1932.737169
73.237892,135,1933.411813
39.085803,600,1936.560445
81.844851,92,1937.033873
72.455606,84,1937.474713
210.929513,252,1938.816134
549.503654,600,1942.048652
187.291378,272,1949.41359
80.315946,142,1950.23246
63.512046,169,1951.143881
569.283635,600,1954.442047
568.902523,600,1957.707107
532.652388,600,1966.887376
128.091801,160,1967.962188
546.138815,600,1971.306928
346.981286,600,1974.829624
44.006634,97,1975.337022
100.261064,148,1976.089646
543.684791,600,1985.076725
201.768431,312,1986.970067
29.647594,92,1987.600483
118.115279,175,1988.899956
37.581886,140,1989.777522
44.130653,161,1990.700794
590.037191,600,1994.557529
142.01724,210,2001.834385
58.800834,195,2003.043906
47.694107,115,2003.827068
45.120508,82,2004.390996
106.043832,176,2005.485919
86.947933,600,2008.989583
227.351283,295,2010.780286
169.16157,230,2012.13648
75.45025,95,2012.687413
74.850068,178,2019.882625
106.291956,125,2020.624274
66.989029,124,2021.334243
81.513938,113,2021.965019
475.731532,600,2025.432348
83.32092,151,2026.285033
75.184982,96,2026.874352
509.952896,600,2030.314755
407.342648,600,2039.875409
118.714675,147,2040.680897
122.007803,463,2043.378313
66.006209,92,2043.882146
100.625992,111,2044.597582
140.367488,184,2045.732744
416.949704,600,2049.121303
45.668673,90,2055.75512
246.091246,411,2058.181498
38.768003,88,2058.760112
139.277671,172,2059.877008
51.27789,600,2063.823368
177.943223,221,2065.081918
48.385031,92,2065.642118
-4.510831,544,2074.811158
76.200564,120,2075.471776
147.816263,204,2076.716392
450.927359,515,2079.710838
120.355014,247,2081.179486
37.917798,85,2081.672978
106.982509,147,2082.480742
202.915546,241,2083.88682
44.954698,80,2084.402263
173.61599,216,2085.68597
70.675591,106,2092.190775
539.371031,600,2096.102211
62.609781,96,2096.746016
109.206622,600,2100.76018
139.392645,600,2104.357058
74.013093,121,2105.01336
64.592393,126,2111.633316
81.354547,84,2112.113626
72.758501,117,2112.821295
105.686914,135,2113.637944
40.764968,90,2114.155669
77.118447,294,2115.935888
163.112273,205,2117.235743
159.269408,191,2118.445673
61.485655,117,2119.200342
79.994376,202,2120.369031
100.424848,282,2122.01745
102.843514,586,2131.089402
47.662459,97,2131.662356
111.884012,190,2132.780665
156.321163,231,2134.039594
68.9201,114,2134.672139
188.229611,232,2135.965746
291.61477,353,2137.903657
195.812208,232,2139.289149
126.857991,141,2140.255848
99.309601,182,2147.502382
55.229443,120,2148.192109
74.936265,84,2148.68509
48.962899,104,2149.254503
182.874178,229,2150.547793
109.164471,152,2151.449891
225.524463,264,2153.037269
71.452424,103,2153.702248
69.797031,104,2154.359525
165.931111,211,2155.538267
41.71788,87,2156.012949
75.067346,114,2156.695719
158.313921,476,2165.588825
108.052856,139,2166.359368
72.946356,102,2166.92917
85.941508,81,2167.376355
79.463992,125,2168.101512
86.211055,135,2168.863688
72.09757,110,2169.5001
537.63112,600,2173.241105
105.170265,108,2173.879966
281.44671,351,2176.208557
106.347016,147,2177.138186
99.733623,206,2184.227547
36.83564,92,2184.750729
65.4037,202,2185.963108
49.501017,115,2186.619737
78.905922,75,2187.016382
69.550952,104,2187.601777
101.09826,600,2191.372204
5.02981,135,2192.187274
132.01043,234,2193.535216
177.373231,224,2194.819089
96.158907,91,2195.313508
70.719293,87,2201.814867
74.785607,124,2202.541456
169.393096,198,2203.768021
91.084442,131,2204.589323
67.982681,123,2205.334933
68.322543,85,2205.815637
95.067512,131,2206.557216
110.09838,180,2207.656408
133.122747,266,2209.410043
119.976931,151,2210.386837
68.49349,142,2211.222861
144.328305,192,2212.261054
-9.58805,96,2212.77645
159.834484,239,2219.970319
67.925869,86,2220.509402
-9.402539,600,2224.045872
141.855489,180,2225.070315
153.531239,236,2226.420598
42.521164,140,2227.205837
62.377806,84,2227.726619
203.640746,277,2229.471144
120.099536,192,2230.533403
107.375644,195,2231.602329
84.967587,132,2238.262513
79.143172,600,2241.574867
99.292431,199,2242.722416
59.283416,110,2243.375223
572.00128,600,2246.838065
76.869288,98,2247.393726
30.036091,225,2248.698913
133.05878,348,2256.730677
540.032724,600,2260.377891
59.307796,106,2261.027169
122.540217,181,2262.006286
525.226286,600,2265.482552
34.313705,82,2265.955227
78.665441,83,2266.43771
55.065708,116,2267.097514
39.281507,83,2273.452671
47.205227,600,2276.821093
155.7375,206,2278.174444
94.507191,101,2278.835821
55.936295,122,2279.602044
84.676744,106,2280.249831
199.532655,237,2281.577036
80.389876,96,2282.143737
136.09383,201,2283.344043
73.290785,100,2283.901737
99.828978,187,2284.970917
70.143948,122,2291.561394
78.591643,152,2292.424209
56.061162,105,2293.012471
67.83682,102,2293.573013
29.206909,323,2295.369656
127.270174,151,2296.222751
58.912354,80,2296.675925
155.568692,236,2297.940692
33.936581,85,2298.39876
216.698453,276,2300.088864
184.380675,233,2301.373684
110.660663,154,2302.418257
308.12565,600,2311.882067
188.489634,600,2315.459977
81.856081,86,2316.005771
166.291413,223,2317.357904
156.325249,600,2326.741309
148.867726,166,2327.633432
162.004727,263,2329.133215
54.408963,90,2329.661052
39.71944,81,2330.152465
490.057393,600,2333.656855
178.808297,201,2334.80267
41.28808,87,2335.346658
182.619396,233,2336.842029
107.356336,131,2337.6838
51.363068,121,2338.488411
82.658068,157,2345.471939
72.038884,97,2346.03248
144.796419,217,2347.265722
29.286981,83,2347.740761
162.623596,238,2349.070952
26.053007,82,2349.557392
36.623481,133,2350.316314
436.771273,600,2353.885773
133.519065,163,2354.965565
44.831075,140,2355.926271
72.316734,130,2356.784884
26.363431,188,2364.051466
110.354431,265,2365.579707
71.432261,120,2366.275501
27.316671,600,2369.796367
112.628854,141,2370.658833
35.352938,100,2371.407039
86.864065,91,2372.034616
101.868452,154,2373.053052
148.847031,280,2374.604252
34.025907,82,2375.071731
590.3367,600,2384.329212
136.179578,167,2385.397256
518.632472,600,2388.696433
73.809885,180,2389.81141
118.713091,157,2390.647481
79.116341,116,2391.27813
115.95956,169,2392.190811
83.001392,96,2392.709492
36.8376,600,2402.308185
181.803133,265,2403.611105
55.814535,91,2404.102068
97.476488,117,2404.720331
243.596438,301,2406.377634
111.712187,172,2407.302031
69.10216,116,2407.971101
54.165482,133,2408.82643
121.751828,156,2409.672789
77.018279,91,2410.176491
153.945549,359,2417.956854
371.768916,600,2421.22788
73.940298,112,2421.915387
118.557442,170,2423.005884
89.543743,206,2424.21783
94.885118,133,2424.911899
230.472678,241,2426.170008
75.618429,140,2426.89771
543.181159,600,2435.769462
77.597429,89,2436.211237
568.014663,600,2439.451024
121.179842,158,2440.318722
81.148164,104,2440.867965
173.157958,220,2442.000063
164.143023,200,2443.077194
537.204877,600,2452.326562
76.184423,115,2452.937468
186.007494,236,2454.178043
310.428569,358,2456.188794
100.838253,149,2457.112291
42.668076,83,2457.605677
124.367225,218,2458.899012
152.716662,212,2459.962135
39.696842,100,2460.485997
586.306845,600,2470.003865
56.679002,135,2470.70911
72.634851,79,2471.133537
141.98567,184,2472.147823
28.044762,192,2473.202207
50.290704,92,2473.670315
182.243105,314,2475.747568
4.0006,600,2479.084014
108.690179,140,2485.838897
127.430565,212,2487.03824
23.256045,190,2488.048358
61.522822,103,2488.591691
142.250531,307,2490.241054
170.362269,213,2491.522849
468.425867,600,2494.821811
143.757328,205,2496.058605
563.625798,600,2505.209136
38.667116,108,2505.784298
28.53052,600,2508.985249
131.691803,600,2512.422606
106.004334,161,2513.291833
61.786803,84,2513.706582
34.398157,87,2520.187993
125.668077,170,2521.205085
65.012473,92,2521.758968
114.06099,126,2522.470648
81.0085,119,2523.124701
75.570175,94,2523.616436
76.111278,103,2524.168752
170.353196,284,2525.670367
120.089766,173,2526.59885
182.878592,237,2527.889368
30.387523,100,2528.417519
74.208545,113,2529.02821
28.135887,271,2530.516485
76.344034,82,2530.967756
71.481057,107,2537.357661
356.142717,600,2540.503573
31.348602,600,2543.675922
58.654096,95,2544.236956
204.537554,260,2545.593418
80.993249,121,2546.252771
58.183609,112,2546.823399
180.487036,284,2554.276507
85.644498,80,2554.694458
81.755896,94,2555.216883
33.249428,87,2555.684614
54.219378,111,2556.25865
89.654366,150,2557.055718
83.847322,93,2557.557429
24.518018,377,2559.675606
76.148207,109,2560.317543
34.768505,81,2560.76952
95.543952,151,2561.643254
243.176947,305,2563.270096
130.495898,183,2564.240969
57.913388,113,2564.850959
96.037165,112,2571.263858
76.859696,91,2571.742612
74.144381,600,2575.137688
75.516558,92,2575.633973
76.903797,110,2576.20141
139.548773,177,2577.172447
573.829105,600,2580.597654
495.02272,600,2589.785183
555.0714,600,2593.576474
119.685409,181,2594.522609
38.170961,86,2594.972208
57.24803,600,2598.202315
69.198457,82,2598.632237
135.765007,313,2606.25192
572.979613,600,2609.534976
155.349994,209,2610.630723
39.72171,81,2611.05793
65.170263,192,2612.082073
40.582184,265,2613.481633
186.561232,207,2614.536327
39.848184,125,2615.175631
80.785471,112,2615.766753
144.784407,296,2623.130954
71.039019,78,2623.606742
67.183742,109,2624.219011
482.618203,600,2627.513492
113.968998,141,2628.236262
67.934443,103,2628.757757
82.76877,92,2629.239735
74.428033,207,2630.40143
81.045043,79,2630.851039
18.601548,88,2631.376996
59.732176,164,2632.348891
257.510459,322,2640.093472
37.244114,134,2640.797037
69.249136,81,2641.229729
117.669579,163,2642.085905
127.192163,147,2642.885756
79.028703,127,2643.569232
168.542573,283,2645.059815
387.229353,600,2648.275817
483.387877,600,2657.309525
66.403735,120,2657.944506
85.500075,181,2658.919694
109.88051,600,2662.297044
164.13867,214,2663.485789
153.705245,246,2664.813001
31.182042,87,2665.320741
66.170702,84,2665.777462
161.390885,224,2667.001701
90.161622,232,2674.1876
37.565629,600,2677.420143
82.199964,115,2678.055117
126.988974,150,2678.862368
42.4488,91,2679.372678
191.410712,244,2680.778937
63.270207,115,2681.455069
101.458086,142,2682.193132
78.434315,113,2682.813998
77.815137,108,2683.448499
34.801284,79,2683.902967
72.95517,103,2684.489197
64.309828,102,2690.875263
55.639085,109,2691.436216
99.860518,182,2692.43407
77.036758,84,2692.890484
33.58966,95,2693.412671
461.037279,600,2696.776727
120.471752,203,2697.95491
217.525735,250,2699.359891
78.764365,93,2699.880462
130.235472,163,2700.759004
58.639048,108,2701.371258
84.171405,197,2708.477473
94.958009,103,2709.006088
40.321105,93,2709.495514
168.2307,258,2710.869615
256.831336,338,2712.855186
75.59065,135,2713.590385
79.09189,100,2714.213952
156.502846,187,2715.496198
117.841504,166,2716.487219
54.281142,101,2717.084548
86.06675,124,2717.779113
86.421987,117,2718.398362
41.812929,127,2719.103965
224.39631,248,2725.783118
168.692677,222,2726.997382
99.448773,187,2728.035142
469.329414,600,2731.53074
62.294092,102,2732.166218
93.028766,600,2735.469072
85.059021,95,2735.985723
44.776033,143,2742.108027
143.708282,193,2743.18252
35.771521,82,2743.642876
39.798743,82,2744.095906
49.229665,85,2744.54427
143.476521,230,2745.797818
29.932402,93,2746.290032
159.872484,197,2747.369508
19.67856,132,2748.238043
102.128366,138,2749.185261
74.110631,172,2750.19334
38.051842,87,2750.65938
106.739883,138,2751.448635
130.187562,170,2752.361408
146.981167,490,2760.955655
129.084007,186,2762.01983
60.707243,88,2762.474491
99.982525,212,2763.632128
52.329087,85,2764.088512
274.003622,365,2766.117177
10.037275,100,2766.681021
105.950267,118,2767.35673
115.91309,212,2768.498121
138.505482,204,2769.587403
73.938721,148,2770.358447
157.274714,214,2777.366969
147.23051,600,2780.607652
154.620757,309,2782.313181
40.002643,126,2782.984573
77.18125,108,2783.561586
75.559461,135,2784.355357
101.285404,141,2785.090098
22.752002,154,2785.884917
138.846297,170,2786.789131
57.407132,105,2787.411767
69.818864,101,2793.933321
66.74819,89,2794.491394
182.805272,213,2795.851176
28.490715,83,2796.341426
60.017816,91,2796.840487
593.385556,600,2800.035729
177.956977,209,2801.117311
63.438572,81,2801.542475
116.38644,206,2802.824813
76.491273,122,2803.590971
75.668491,95,2804.066739
159.393055,185,2805.043372
208.127672,272,2812.405451
77.152832,137,2813.139162
586.338038,600,2816.425754
150.025419,190,2817.454816
75.381566,93,2817.959374
83.032186,106,2818.524886
103.473424,215,2819.77365
164.853561,216,2820.922182
71.608586,89,2821.380071
68.30724,245,2828.645051
139.660377,217,2829.889044
1.933367,600,2833.113276
70.892135,75,2833.502815
165.749773,600,2836.918229
72.118228,94,2837.406551
85.670865,93,2837.945773
36.256593,103,2838.484295
123.088312,146,2839.281463
528.335565,600,2848.142054
48.937784,121,2848.769132
74.305723,104,2849.332703
73.07944,109,2849.901448
52.135603,119,2850.50925
146.744523,600,2853.84071
93.765971,109,2854.434195
38.888904,98,2855.019894
39.881494,128,2855.715416
58.8929,98,2862.015629
42.758273,140,2862.760941
130.536572,176,2863.749715
71.001583,105,2864.353672
96.534201,130,2865.027208
72.423423,100,2865.607927
69.978423,124,2866.322571
195.343252,226,2867.588593
49.174637,106,2868.138926
80.673072,147,2868.951394
88.44059,178,2869.887461
46.826545,107,2870.482947
76.799967,88,2870.940032
189.844854,248,2872.22697
108.322863,168,2878.888918
33.589253,141,2879.627628
77.755414,90,2880.121519
113.234279,188,2881.111441
290.691549,371,2883.203765
141.074617,211,2884.353963
167.227743,204,2885.530147
67.194508,121,2886.175692
371.190618,600,2889.429101
142.244671,182,2896.275835
61.627469,136,2897.026114
60.517111,148,2897.813548
194.815266,263,2899.213968
75.989234,406,2901.373987
94.205361,125,2902.062655
36.835665,79,2902.488505
102.039318,123,2903.171803
136.855053,190,2904.164164
159.232237,185,2905.096842
72.853017,95,2905.569657
82.531207,171,2906.506064
85.931262,146,2913.231622
22.271643,202,2914.360101
132.851197,600,2917.801908
77.555379,87,2918.383863
155.628038,311,2920.3076
51.758646,137,2921.009769
32.526771,89,2921.478728
71.929989,85,2921.901585
569.996218,600,2930.902135
67.127271,100,2931.442055
18.339558,302,2933.021052
58.15746,158,2933.87755
150.223046,272,2935.359081
200.868209,272,2937.024623
40.900393,112,2937.713072
125.955792,146,2938.475589
179.495516,260,2939.868537
121.762679,254,2941.190385
26.682108,139,2948.066038
222.038299,268,2949.592146
305.812183,600,2952.881918
78.803677,97,2953.43399
20.754273,83,2953.912596
77.767864,87,2954.431943
153.439663,192,2955.617418
64.973534,96,2956.208413
561.267677,600,2965.635302
140.137069,179,2966.610523
52.342774,92,2967.089627
34.20756,84,2967.588726
112.117575,161,2968.462969
93.798528,102,2969.000704
62.982872,118,2969.628607
81.561804,140,2970.352673
57.479786,96,2970.858443
39.391029,100,2971.386871
130.093885,237,2972.663203
56.205375,152,2973.491645
84.255593,97,2973.999818
48.297737,86,2974.438948
132.071109,176,2975.351611
68.469835,91,2975.824213
69.77183,137,2982.717798
78.988753,94,2983.215501
113.715144,481,2985.851121
70.16396,150,2986.702598
62.013008,92,2987.209876
67.75788,95,2987.727008
596.658401,600,2990.957247
72.303247,92,2991.428044
75.761461,132,2992.134419
10.897047,147,2992.915965
197.041183,233,3000.028884
65.060815,110,3000.649902
220.403546,280,3002.196248
39.563854,117,3002.836969
34.643406,146,3003.608851
497.608397,600,3006.726824
482.270879,565,3009.73235
105.59547,145,3016.572443
135.667966,293,3018.145025
2.804029,196,3019.173898
158.546286,199,3020.234214
51.38921,144,3021.053075
124.304527,216,3022.314585
64.893243,85,3022.793994
68.542867,100,3023.306329
72.64199,88,3023.760609
128.79744,206,3024.880262
535.142108,600,3034.113845
43.952954,143,3034.879995
162.376919,233,3036.215901
548.316466,600,3039.381043
78.232619,97,3040.034774
36.069674,134,3040.906635
71.533534,208,3042.205083
74.762199,105,3042.728619
96.443924,164,3043.565091
107.054782,156,3044.418593
74.540434,81,3050.801326
301.19957,600,3054.033462
82.270703,98,3054.591359
57.166429,87,3055.047834
51.054033,157,3055.902253
67.934955,125,3056.598593
570.215771,600,3060.194026
128.380509,204,3061.230672
34.836384,83,3061.656538
265.149892,287,3069.177747
128.06406,182,3070.171301
70.052469,87,3070.623142
73.438787,113,3071.209089
200.792505,316,3072.862648
174.196609,234,3074.1034
66.271401,81,3074.54768
50.224616,141,3075.334773
68.726356,124,3076.06174
194.567638,299,3077.758309
25.232849,225,3079.06476
214.183769,305,3086.606889
20.126358,80,3087.053961
251.504692,600,3090.245553
563.789012,600,3093.54973
71.908546,156,3094.450566
115.591266,167,3095.348422
64.007406,89,3095.804901
80.14492,100,3102.381554
226.214377,311,3104.018682
81.37134,156,3104.952138
62.153502,100,3105.563079
49.139455,94,3106.128301
77.02278,99,3106.755528
115.489038,169,3107.678638
102.520101,154,3108.489758
74.776829,126,3109.167573
1.636498,124,3109.846795
426.170976,480,3112.490799
67.26289,134,3113.256458
77.653263,94,3119.682339
159.713981,225,3120.980351
75.727632,82,3121.428371
71.807943,94,3121.966771
31.001078,120,3122.597793
154.07972,212,3123.699673
92.155033,122,3124.336097
111.289921,216,3125.486316
45.519723,102,3126.066558
47.229014,84,3126.551651
152.001713,182,3127.667493
30.083204,96,3128.180024
581.279599,600,3137.127826
72.835427,83,3137.581656
171.19615,290,3139.119039
42.881238,88,3139.582105
81.339415,90,3140.030479
61.866955,102,3140.556999
64.83865,142,3141.29873
108.534172,156,3142.0926
49.466651,209,3143.177031
36.527958,175,3144.099759
84.266814,114,3144.685566
76.728482,116,3145.276618
66.843424,119,3145.88794
168.22008,240,3147.180987
120.59642,152,3153.892572
63.408032,115,3154.613735
66.648926,117,3155.347745
100.360609,600,3158.579411
46.248749,143,3159.39346
152.217724,203,3160.500473
202.513036,304,3162.093618
117.055494,215,3163.241205
196.489317,269,3170.712642
10.519646,85,3171.134481
187.720198,218,3172.299452
59.68784,97,3172.81954
100.791476,110,3173.388362
113.940908,143,3174.153392
98.24484,170,3175.054721
117.397541,169,3175.963898
76.627039,96,3176.485673
107.201257,186,3177.436288
96.659704,191,3178.449477
78.225008,112,3179.068796
202.620371,292,3180.741511
508.561196,600,3190.054145
69.738397,71,3190.435735
70.853313,113,3191.044291
561.045784,600,3194.385538
11.806788,88,3194.92822
31.882909,123,3195.697004
72.968246,128,3196.432453
75.379957,121,3197.056263
62.364393,71,3197.411613
37.512715,106,3197.986706
521.965821,600,3206.941062
200.208488,229,3208.137625
69.425274,94,3208.63764
84.284571,100,3209.157655
141.089774,162,3210.038274
63.313953,121,3210.720912
73.071343,97,3211.261809
28.785358,76,3211.665226
445.131961,546,3214.540627
82.57901,97,3215.070998
128.494112,172,3221.935
67.959868,87,3222.408515
494.258765,592,3225.606785
99.798492,121,3226.223189
61.401993,113,3226.838745
93.419669,200,3227.868817
55.874835,87,3228.326631
31.121114,320,3230.434291
486.384015,600,3239.71882
68.651941,93,3240.232075
566.114634,600,3243.460242
152.549246,210,3244.72849
157.470903,192,3245.920559
72.435673,170,3246.841269
97.194051,129,3247.497985
141.524161,207,3248.534436
159.15783,238,3249.890985
83.118622,89,3256.453938
74.014353,97,3257.061019
-11.720705,103,3257.576411
109.135482,149,3258.356083
66.285771,86,3258.820072
180.944053,249,3260.196593
70.369804,98,3260.684385
81.967257,85,3261.165451
57.34702,132,3261.972438
174.371098,235,3263.370131
130.656028,214,3264.500493
71.556581,84,3264.965933
65.862566,72,3265.354676
67.510762,109,3265.971942
61.506557,93,3266.477035
171.559019,600,3275.659534
539.301427,600,3278.862023
92.865002,252,3280.272734
119.294638,137,3281.034586
176.310145,248,3282.381549
115.764755,148,3283.19088
182.482143,261,3284.612742
110.329866,176,3291.606236
104.414873,158,3292.421799
61.06928,75,3292.803979
558.621109,600,3295.998183
63.352212,136,3296.748989
44.209104,116,3297.365883
154.046666,216,3298.557234
43.287475,600,3307.881508
144.153214,188,3308.855809
140.165779,196,3309.906266
72.604176,225,3311.143126
68.022018,90,3311.598625
403.893959,600,3314.827326
133.579216,198,3315.925636
64.192766,114,3316.593226
55.429006,115,3317.311095
111.136157,139,3318.153702
171.55921,240,3325.515016
79.533765,93,3326.098248
152.693457,600,3329.56434
481.713443,600,3333.043678
71.255954,87,3333.575882
44.133381,93,3334.106446
99.652177,600,3343.179334
63.679021,98,3343.722427
79.818517,134,3344.468238
72.888059,126,3345.121484
211.996304,600,3348.640251
43.399543,81,3349.084667
163.091514,235,3350.354813
70.095453,80,3350.775706
102.413165,600,3360.13781
78.151128,88,3360.59933
44.062926,109,3361.174648
60.212814,95,3361.666474
83.411244,600,3364.845194
46.072574,246,3366.124264
194.377393,264,3367.496975
99.311939,124,3368.168262
448.156533,600,3377.195446
194.657301,229,3378.431975
41.427891,90,3379.003751
74.311316,82,3379.499511
66.490983,127,3380.282714
259.932276,298,3381.918472
69.202698,81,3382.374076
450.612622,498,3385.37433
55.304015,102,3385.976701
58.453752,102,3386.59236
104.312507,126,3387.326522
183.980759,269,3394.66713
489.139645,600,3398.113296
136.506307,600,3401.734982
71.494274,102,3402.292072
244.927836,317,3404.115811
58.211998,77,3404.545622
572.59281,600,3414.103562
96.164944,177,3415.241503
47.289823,106,3415.917624
64.582425,77,3416.441358
66.198384,92,3416.967833
64.664139,117,3417.666506
511.119782,600,3421.407436
165.284045,204,3422.655589
113.702132,183,3423.745293
156.516267,183,3424.946151
-17.44096,193,3432.302161
269.958096,386,3434.524301
83.115611,117,3435.187135
18.190856,92,3435.721007
91.193149,95,3436.296337
-20.470741,77,3436.761262
151.952429,227,3438.057851
85.137533,94,3438.580808
-4.951771,600,3442.000287
258.885611,376,3450.142462
69.031937,84,3450.649894
35.472253,146,3451.496664
26.934737,76,3451.923867
71.681561,93,3452.450734
65.335526,102,3453.044487
42.606138,600,3456.451603
43.707326,69,3456.837036
123.133616,174,3457.806915
102.262749,134,3458.537589
77.883286,105,3459.129882
52.638296,175,3460.173631
94.552888,111,3466.685905
61.842143,95,3467.323396
124.685362,600,3470.759031
24.750865,100,3471.338995
34.777566,600,3474.996792
33.388092,84,3475.530586
74.525473,87,3476.106507
417.706914,600,3485.885614
96.550092,600,3489.42579
73.30676,97,3489.990334
51.237324,259,3491.442109
39.126985,240,3492.836203
230.075381,259,3494.26596
211.692454,281,3495.869781
551.493058,600,3505.579546
37.54012,77,3506.058975
129.494226,172,3507.08079
36.158177,86,3507.570162
54.875255,98,3508.130163
91.501657,162,3509.098129
114.548838,134,3509.888515
485.667763,600,3513.445441
313.747196,352,3521.283067
68.740127,85,3521.821798
73.207567,135,3522.72221
87.041695,189,3523.922228
210.343237,281,3525.486098
167.993899,237,3526.772843
103.47794,180,3527.764414
236.487684,373,3529.896829
199.392198,249,3531.446057
66.697106,81,3531.985711
132.971048,479,3539.957403
41.227391,102,3540.555028
109.669819,173,3541.552693
148.563053,219,3542.772663
31.769669,106,3543.40029
76.864563,90,3543.963958
87.885413,343,3546.087919
117.373081,139,3546.888953
162.731871,234,3548.220746
114.221401,279,3549.984612
40.051224,90,3556.248046
557.046082,600,3559.969673
92.136145,149,3560.828949
190.632674,214,3562.018758
46.068472,115,3562.656675
72.407042,192,3563.825493
32.129567,75,3564.279164
115.298682,165,3565.268836
135.189306,200,3566.389119
76.832049,79,3566.846471
79.360146,112,3567.509411
198.171677,229,3574.870003
99.047069,600,3578.513453
186.545306,234,3579.953458
80.544187,132,3580.796474
119.617446,145,3581.669417
55.442005,600,3585.104036
61.049012,113,3585.757352
171.003967,205,3593.21263
132.410935,181,3594.39707
149.19186,600,3598.085192
27.316806,114,3598.765024
104.486783,205,3599.923775
147.797527,600,3603.462675
519.324247,575,3613.100611
55.487845,132,3613.857675
43.508047,89,3614.369252
109.124138,387,3616.765132
49.857785,84,3617.25564
118.13081,196,3618.397635
105.894069,169,3619.414288
80.568529,79,3619.864672
44.541282,77,3620.29601
68.26972,131,3621.04878
573.513468,600,3630.447562
44.879926,112,3631.089849
552.654306,600,3634.72174
25.616258,122,3635.446335
81.651128,206,3636.699196
81.683853,136,3637.51293
526.889075,600,3640.949236
92.677602,239,3648.66133
67.017234,117,3649.357424
72.129304,95,3649.919452
585.042115,600,3653.475373
478.492526,600,3656.983087
55.02367,86,3657.509889
33.534572,78,3657.982073
50.285399,255,3659.514305
101.030792,160,3666.634605
81.059904,600,3670.362149
-9.76441,174,3671.499167
107.957938,139,3672.333286
-0.795189,81,3672.799464
68.828782,86,3673.296831
113.586795,145,3674.206589
62.317023,114,3674.924274
324.952462,424,3677.430116
31.899521,107,3678.071074
105.625692,136,3685.316781
196.118289,234,3686.667179
166.887822,236,3688.053853
260.563044,295,3689.820865
98.543348,146,3690.712077
63.024359,82,3691.22438
53.719326,104,3691.907807
157.161158,561,3695.217092
146.579807,180,3696.317938
73.69404,101,3696.913304
57.179436,138,3704.270555
50.005672,206,3705.533735
66.069989,102,3706.179538
47.332147,91,3706.745019
135.082515,178,3707.868121
39.501201,167,3708.94967
75.424818,121,3709.81241
125.261253,174,3711.035638
60.270031,83,3711.589988
54.222721,152,3712.486383
80.475234,91,3713.033218
1.505429,129,3713.788605
245.036717,302,3715.628843
72.011496,90,3716.175591
520.571815,600,3726.092844
107.650001,166,3727.066494
520.284499,600,3730.596591
63.474578,127,3731.361687
87.697224,104,3731.975631
51.07341,124,3732.73937
80.68398,104,3733.363039
36.422301,79,3733.824593
58.420804,123,3734.568026
165.907893,235,3742.398309
168.515361,218,3743.69516
68.568752,77,3744.149099
169.343519,225,3745.473482
252.792462,316,3747.29573
65.082517,108,3747.956475
33.805885,78,3748.425132
47.437439,85,3748.974675
60.078739,81,3749.462908
504.011347,600,3753.502604
152.707062,263,3761.444431
46.23331,95,3762.03495
31.10365,82,3762.517866
112.624101,145,3763.398108
35.376903,86,3763.927955
102.401765,121,3764.668614
36.171915,85,3765.179445
71.925773,92,3765.749278
388.17806,482,3768.607965
69.656767,111,3769.245066
112.43416,199,3770.44609
117.580609,160,3771.442476
325.364319,600,3781.954053
35.306868,153,3782.914953
33.837259,600,3786.921563
582.401361,600,3790.485327
103.370795,147,3791.388892
112.405617,413,3800.765787
183.774822,239,3802.177348
59.520755,137,3803.053183
558.709235,600,3806.771314
69.141818,127,3807.556396
58.210418,242,3809.161814
60.280705,139,3810.04826
55.724144,81,3810.541504
526.828764,600,3820.794863
50.693603,115,3821.505223
28.342519,134,3822.330218
74.821021,104,3822.990076
72.157741,113,3823.67246
148.177834,215,3824.9364
102.008931,144,3825.791078
25.428002,86,3826.331001
154.231149,181,3827.400516
81.970222,147,3828.26677
160.893044,235,3829.692294
25.880631,77,3830.169634
558.53969,600,3840.18969
79.197848,104,3840.847388
16.214873,79,3841.338606
71.331433,72,3841.778654
-9.636134,154,3842.702626
65.273436,95,3843.290112
83.941032,217,3844.636801
51.378924,113,3845.333855
70.302434,93,3845.93606
123.020135,148,3846.822476
104.02858,152,3847.723219
367.098064,421,3856.817128
66.429341,98,3857.402629
281.231273,600,3861.232706
540.547296,600,3865.06035
544.173129,600,3869.059839
34.20194,90,3869.623291
124.454736,160,3877.23645
83.509231,145,3878.123201
37.094957,88,3878.666123
88.825537,176,3879.74017
62.205061,231,3881.120386
181.801157,223,3882.464629
59.208879,96,3883.059629
101.651025,194,3884.210183
240.082233,303,3886.065087
102.809016,600,3896.34034
138.061769,184,3897.469095
74.4058,108,3898.121181
52.776156,115,3898.84574
257.093841,353,3900.974256
451.139549,600,3904.567007
11.363294,118,3905.301935
60.703945,111,3905.957356
157.543612,189,3907.06329
141.6336,248,3914.862302
63.422693,81,3915.38397
111.380262,143,3916.274413
47.309633,112,3916.98178
80.449398,104,3917.618689
178.046781,600,3921.569837
217.495426,288,3923.274317
74.511626,76,3923.721243
57.428077,89,3924.244493
47.433925,150,3925.185899
145.702489,186,3926.326288
56.845198,133,3933.504971
90.372287,176,3934.643683
66.905568,95,3935.277465
103.697224,217,3936.799727
123.874774,176,3938.084775
70.894686,94,3938.790951
123.723798,180,3939.929149
132.100458,170,3940.954213
111.074816,600,3944.631015
70.184071,121,3945.372594
69.264673,78,3945.842118
126.312987,171,3953.550201
98.770595,173,3954.668722
62.439658,104,3955.304826
61.769722,82,3955.800655
70.555488,107,3956.439509
56.840509,133,3957.247329
214.839089,269,3958.860888
566.067012,600,3962.672259
85.415485,149,3963.610549
154.416571,188,3964.804388
42.143405,105,3965.453259
137.058178,187,3973.004378
167.472913,228,3974.42141
44.315574,600,3978.336059
576.767592,600,3982.118852
59.377001,74,3982.608266
585.398297,600,3992.987655
-11.900166,84,3993.511439
190.490845,600,3997.10072
90.345725,110,3997.768083
67.712609,111,3998.477075
33.989578,88,3999.041575
43.972285,77,3999.50875
68.87848,83,3999.990645
115.533683,155,4000.938251
58.896216,91,4001.484421
66.125168,83,4001.981484
169.632463,236,4003.411689
70.793708,175,4010.912213
556.665041,600,4014.610847
87.981415,122,4015.364452
96.134984,168,4016.404268
70.338982,81,4016.919183
162.44302,240,4018.416988
40.979451,97,4018.999346
57.362249,149,4019.900302
74.271645,146,4020.840457
93.585319,125,4021.617561
198.998152,261,4023.464636
141.309836,316,4032.052263
138.682466,162,4033.182585
57.836112,118,4034.026946
73.068022,88,4034.608007
78.728535,89,4035.148322
24.196882,82,4035.650428
584.263005,600,4039.47014
162.608591,197,4040.815188
50.114494,165,4041.906549
75.02561,110,4042.544117
72.043214,166,4050.046045
117.681932,177,4051.165324
71.595385,75,4051.671179
109.257169,137,4052.536341
36.891593,83,4053.03879
60.286278,89,4053.568197
19.783987,173,4054.579414
143.928739,177,4055.667825
542.634854,600,4059.475528
17.922427,82,4059.976913
63.16869,76,4060.432648
21.851812,77,4060.894598
146.588123,219,4062.201558
75.18873,120,4069.462216
-13.856036,188,4070.656689
65.99736,112,4071.363824
67.688265,96,4071.945758
150.920929,308,4073.80107
115.70178,184,4074.934444
68.994248,77,4075.383247
148.587757,190,4076.522686
58.517612,114,4077.214362
129.856221,165,4078.232166
36.319691,97,4078.847014
43.110151,111,4079.513674
127.740911,183,4080.637753
4.326141,98,4081.230068
587.912791,600,4091.068305
498.068827,600,4094.782146
69.829311,171,4095.87103
539.709901,600,4099.545761
151.934061,190,4107.214483
114.335449,153,4108.189661
112.609074,160,4109.208405
57.602408,115,4109.922544
25.684569,78,4110.422009
53.345131,98,4111.024933
169.459796,238,4112.422174
243.375077,331,4114.440032
69.705174,101,4115.08393
65.803302,94,4115.696481
123.282526,193,4116.894873
77.249113,207,4118.163956
20.716737,82,4118.679218
14.75667,95,4119.262523
33.263932,88,4126.248369
100.162166,270,4127.901315
70.447422,78,4128.361482
87.951029,89,4128.906435
142.134006,197,4130.128901
538.242184,600,4133.826842
64.696384,94,4134.414917
45.696052,108,4135.070378
62.865462,77,4135.548051
27.434888,85,4136.055258
509.364497,600,4146.363769
46.053978,91,4146.927646
121.561479,199,4148.182873
75.592726,73,4148.647153
126.456099,192,4149.8401
47.727544,174,4150.947952
68.81794,103,4151.593433
37.746147,79,4152.081375
161.834804,189,4153.275075
87.407526,221,4154.659904
299.860423,334,4156.741587
43.088282,74,4157.205264
62.484556,92,4157.787964
116.972662,179,4165.253127
49.93277,141,4166.131528
48.171973,113,4166.848535
49.186881,161,4167.848583
39.353772,83,4168.36311
574.391321,600,4172.0554
53.296016,128,4172.864609
483.202224,600,4176.609777
23.834511,83,4177.125969
151.553875,192,4184.929651
113.591381,138,4185.827875
39.659852,87,4186.376592
145.940319,172,4187.440105
200.134626,600,4191.305185
63.437128,75,4191.762661
66.93527,94,4192.333503
88.95861,99,4192.947633
208.717034,253,4194.507418
62.135379,122,4195.25988
83.304707,117,4195.9941
66.122374,91,4196.560397
110.534104,165,4204.360865
154.113426,193,4205.596257
72.39837,96,4206.211763
140.483726,199,4207.464786
70.991426,74,4207.926281
164.051305,201,4209.130501
73.098225,104,4209.808114
151.900362,218,4211.171129
148.411103,185,4212.314514
35.934064,122,4213.054108
54.768112,96,4213.63395
38.86016,86,4214.137692
88.805813,120,4214.858893
25.629932,191,4216.015427
586.539662,600,4226.283363
76.172478,89,4226.836965
140.750852,194,4228.027039
71.289244,71,4228.454911
169.615554,228,4229.870198
35.297055,87,4230.45075
69.242106,106,4231.078114
84.291511,142,4231.918015
57.726703,67,4232.317414
29.890563,82,4232.813117
43.977568,136,4233.652834
59.433611,98,4234.29577
77.648236,118,4235.066181
162.108484,600,4245.556772
304.709289,382,4247.967618
51.432365,125,4248.737784
112.47953,168,4249.758734
104.894506,161,4250.73734
141.028113,196,4251.931326
168.294783,193,4253.109221
66.532516,111,4253.785518
54.532135,104,4254.418839
74.039589,153,4261.936326
87.576927,133,4262.817279
45.798882,132,4263.710246
556.379235,600,4267.467432
80.213299,107,4268.111503
102.548971,116,4268.843985
83.397515,83,4269.3519
338.880265,600,4273.147022
52.281271,105,4273.788362
135.187526,173,4281.464483
60.633575,96,4282.042282
66.988229,100,4282.641935
265.663747,311,4284.531848
179.46381,248,4286.087476
103.54144,135,4286.918321
33.102809,75,4287.385898
160.105516,217,4288.677406
63.76551,86,4289.214598
587.418108,600,4292.982784
74.382114,79,4300.194806
106.362651,166,4301.197077
87.109706,111,4301.874501
123.745794,202,4303.118902
67.92021,81,4303.628931
44.691719,83,4304.127839
189.106666,420,4306.678718
97.378664,189,4307.80893
151.861563,208,4309.106109
37.473829,95,4309.677982
79.951497,87,4310.211456
39.543058,78,4310.687146
189.428488,225,4312.059468
70.700121,193,4320.050969
87.529423,95,4320.688967
64.026268,82,4321.253424
68.92464,103,4321.976303
133.226796,174,4323.150097
69.183083,94,4323.708782
151.704821,199,4324.920164
45.11323,89,4325.471386
425.960612,600,4329.166003
157.258435,188,4330.380539
85.087767,84,4330.961887
162.150188,188,4332.273176
30.497548,160,4339.73939
32.891365,76,4340.245869
78.001366,98,4340.911134
128.081752,176,4342.168215
25.900168,78,4342.726574
32.48851,84,4343.261782
114.754533,190,4344.410611
171.858651,309,4346.306274
119.738861,163,4347.300876
74.805726,117,4348.015478
79.020642,92,4348.581865
175.581062,312,4350.486051
69.89522,107,4351.133028
255.193256,317,4359.621488
97.691246,129,4360.505216
68.874954,115,4361.275718
74.893378,124,4362.041706
19.219697,82,4362.547289
27.397672,103,4363.167116
72.729033,78,4363.650025
61.300163,112,4364.335106
160.831246,258,4365.999187
72.149389,95,4366.592062
-9.894789,84,4367.143097
365.339633,407,4369.674875
53.266641,126,4370.452506
91.357933,138,4371.28171
79.54108,87,4378.32219
119.964052,228,4379.757133
88.283663,99,4380.402933
63.965201,99,4381.020326
64.583691,102,4381.63444
72.838292,98,4382.246098
93.131067,137,4383.249049
42.264361,84,4383.897658
63.48287,79,4384.446332
120.588919,196,4385.672447
50.798005,600,4389.626861
87.860908,115,4390.356035
78.038302,169,4398.091939
169.714653,219,4399.579122
68.006401,100,4400.242503
151.065979,233,4401.742999
62.358484,104,4402.362008
361.081605,441,4405.002787
32.86354,90,4405.519252
585.558958,600,4409.028035
53.832429,103,4409.637741
102.327057,142,4416.833384
35.005616,93,4417.396869
46.796799,96,4417.968395
63.761979,146,4418.82276
67.467457,103,4419.425792
496.07154,600,4422.966164
263.272113,332,4425.084612
64.637997,158,4426.11546
155.244524,235,4427.520993
56.516263,154,4428.400478
58.825484,323,4436.741204
41.494536,96,4437.318163
25.513961,182,4438.57931
78.599281,113,4439.340304
129.185737,164,4440.471084
56.74326,84,4440.972616
42.226897,89,4441.491646
156.609147,206,4442.704305
100.013687,159,4443.632688
76.215279,105,4444.254693
110.582262,190,4445.402705
40.98958,92,4445.96628
196.907694,317,4447.880949
49.483101,135,4454.778914
118.825014,160,4455.737013
64.338024,76,4456.200093
139.960393,199,4457.374585
134.40258,151,4458.239872
540.519629,600,4461.673947
178.712669,216,4463.029672
144.14666,172,4464.089023
259.234427,600,4473.692498
96.288346,149,4474.577913
412.428422,600,4478.299772
-13.649451,136,4479.18691
58.970283,101,4479.825651
130.208189,160,4480.759592
68.970957,82,4481.302094
49.023738,170,4482.366279
132.642506,193,4483.611355
182.335197,219,4484.872903
287.668003,600,4494.716371
59.656624,92,4495.296843
13.782484,114,4496.014707
45.252879,102,4496.654983
104.047894,600,4500.214806
90.040056,140,4501.04963
73.972273,104,4501.663665
38.015122,108,4502.344019
50.80521,83,4502.881387
12.680297,159,4510.068324
569.704704,600,4513.603845
398.004816,589,4517.020903
121.363895,172,4518.056817
541.911355,600,4521.671289
57.233718,142,4528.721927
86.840699,112,4529.428338
184.265815,212,4530.705816
70.957552,130,4531.422714
60.833178,94,4531.94085
65.132578,83,4532.415658
12.68486,181,4533.443842
77.198146,82,4533.9381
576.727414,600,4537.410834
10.358884,600,4547.423914
572.754405,600,4550.982464
40.727538,79,4551.442773
104.337872,173,4552.457066
63.902107,113,4553.13829
99.550673,120,4553.821863
135.156856,174,4554.860675
34.035806,132,4555.615711
146.060372,208,4556.835261
19.487672,81,4557.294269
54.700808,101,4557.870561
72.465002,110,4558.554641
70.314629,102,4565.36319
74.572377,111,4565.995392
64.177466,87,4566.508442
141.905266,600,4570.01256
65.782025,97,4570.614402
52.218189,88,4571.200361
70.419536,103,4571.861303
37.191034,192,4573.119014
150.71368,198,4574.263527
58.875194,131,4575.035913
121.049955,217,4576.300435
176.782185,230,4583.887124
49.23093,94,4584.422256
85.963027,161,4585.377724
59.946098,75,4585.808921
61.883034,107,4586.418885
143.10575,178,4587.451982
176.260648,600,4590.989776
551.32329,600,4594.707393
260.66314,600,4604.629168
138.739571,191,4605.794842
539.605366,600,4609.636992
59.121487,114,4610.294431
7.243761,84,4610.789599
70.755753,127,4611.550003
274.396225,294,4613.308228
101.786303,147,4614.168407
530.28174,600,4623.683423
137.651842,166,4624.74196
70.63748,100,4625.363497
53.544221,99,4626.004183
82.369165,88,4626.5495
43.409056,87,4627.043625
115.890889,245,4628.436251
25.204814,202,4629.597834
59.476253,113,4630.275317
112.030348,180,4631.295055
63.241898,145,4632.142622
236.034291,284,4640.029704
71.143177,83,4640.517976
510.141687,600,4643.964996
88.162751,106,4644.55164
34.86577,75,4645.018818
56.160167,96,4645.570732
113.646328,173,4646.581547
187.744173,279,4648.190554
365.816495,397,4650.712525
60.375617,86,4657.440352
52.393579,88,4657.938054
72.432324,82,4658.419387
71.688904,134,4659.191068
53.535084,113,4659.832429
52.079287,94,4660.35569
178.505576,208,4661.5549
91.191865,600,4665.532163
46.85656,79,4665.975003
84.774684,107,4666.58659
58.147416,80,4667.037265
114.590341,160,4667.918053
97.337295,150,4668.785935
55.165274,81,4669.255413
18.022361,81,4675.797522
117.451254,149,4676.684365
58.4344,81,4677.170545
39.091198,75,4677.629045
128.767226,200,4678.929405
77.181051,150,4679.798481
76.487533,102,4680.385339
204.261772,300,4682.170547
49.507753,600,4685.829736
78.858008,117,4686.542919
186.302538,219,4694.150468
131.879962,198,4695.288528
66.047229,89,4695.825466
90.017191,127,4696.566515
31.0884,172,4697.537062
40.10334,88,4698.041497
563.848954,600,4701.586133
51.734963,80,4702.05701
64.005776,139,4702.867872
57.297477,109,4703.467883
70.348642,102,4704.046525
13.013828,113,4704.672507
83.435353,102,4705.285972
161.496696,306,4713.347782
30.223403,114,4714.114267
124.894699,187,4715.306019
161.797109,185,4716.562574
154.532526,179,4717.765844
69.236382,96,4718.385913
42.065708,600,4721.94873
162.926947,247,4723.546577
163.119503,219,4724.834445
20.84084,81,4731.470952
76.80464,100,4732.016177
37.247912,78,4732.461571
151.759938,191,4733.57397
126.45335,188,4734.646456
7.221581,114,4735.283884
69.68356,84,4735.78215
103.488477,181,4736.950847
72.246542,160,4738.020782
51.252509,94,4738.634402
42.968658,112,4739.307247
274.252603,317,4741.318957
115.35146,161,4742.459765
112.22599,190,4743.721564
68.873357,134,4750.787528
190.222105,239,4752.214941
44.146323,136,4752.984444
184.668693,296,4754.658324
314.761906,444,4757.307567
497.82719,600,4760.997402
356.415433,388,4769.309897
7.350742,101,4769.909202
149.005228,210,4771.318329
458.849703,589,4774.865199
49.354055,122,4775.587037
93.304634,218,4776.843551
85.986366,600,4780.34433
178.636437,205,4787.829212
-23.213556,139,4788.633517
32.394499,100,4789.218534
80.685292,91,4789.733477
11.542113,138,4790.537895
14.285205,136,4791.399379
212.632136,254,4793.191735
184.882058,600,4796.920197
42.243217,86,4797.430999
132.784257,203,4798.608469
505.092258,600,4808.1338
129.256859,163,4809.061931
73.376096,100,4809.666045
73.881083,91,4810.190105
106.769829,138,4810.967011
62.679588,136,4811.739004
73.681697,174,4812.726988
65.55118,72,4813.130264
173.804319,207,4814.38949
87.547273,161,4815.322462
71.230004,140,4816.172035
83.438579,183,4817.279751
62.02745,85,4823.695687
80.386996,75,4824.141319
66.383997,88,4824.659119
46.326301,132,4825.428783
135.60182,163,4826.554855
490.212904,600,4830.275146
61.300469,600,4833.749613
58.253216,85,4834.236107
128.656146,257,4841.892547
64.685384,122,4842.598682
589.469313,600,4846.373656
40.542126,87,4846.934198
75.653191,83,4847.427322
78.252058,145,4848.304304
74.989191,86,4848.811186
137.021419,167,4849.789461
177.16336,264,4851.378775
366.69079,600,4861.208753
68.463276,85,4861.734116
160.689508,241,4863.259133
502.424813,600,4866.88197
139.325783,184,4867.939729
86.712896,102,4868.531117
51.08817,197,4869.734861
50.934451,104,4870.400508
35.853065,87,4870.965724
90.908448,189,4872.144719
62.192505,177,4879.341862
144.143358,201,4880.520267
127.145835,181,4881.564623
77.42405,144,4882.356774
149.203846,201,4883.475646
149.053247,235,4884.901046
37.966293,86,4885.431178
103.733742,157,4886.339478
50.362497,154,4887.309358
34.256772,80,4887.806088
64.17966,89,4888.378235
128.495853,171,4889.406564
69.956485,102,4889.988599
84.761935,147,4890.835875
125.779247,145,4897.705714
120.068014,200,4898.898316
82.76296,110,4899.544552
150.868707,191,4900.749726
94.484371,157,4901.721525
27.936828,76,4902.224324
29.183387,90,4902.768813
117.834695,600,4906.410891
35.210261,276,4908.074554
37.255834,194,4909.251232
109.969657,154,4916.043265
79.157767,122,4916.745202
47.294021,88,4917.241825
65.394734,110,4917.870126
122.516997,146,4918.784389
58.840301,95,4919.361563
71.537802,108,4920.029207
52.101985,86,4920.602503
287.724329,308,4922.506955
69.688512,93,4923.050683
564.449771,600,4926.734241
30.832265,174,4927.731965
66.845651,91,4934.38667
49.62475,99,4934.96346
141.309848,213,4936.288998
55.951394,95,4936.889386
482.561458,600,4940.658938
525.670893,600,4944.083809
142.753215,171,4945.073492
51.606678,600,4954.603092
7.169887,180,4955.678491
35.644546,184,4956.849694
67.53761,84,4957.36251
107.876171,600,4960.881753
593.898982,600,4964.798614
143.318862,166,4971.849892
144.096612,236,4973.484182
70.783502,88,4974.08022
15.840047,79,4974.634575
146.861652,227,4976.042089
41.540588,125,4976.72945
54.626712,112,4977.358778
33.694636,77,4977.802028
64.264149,81,4978.369496
291.28814,600,4982.201675
-12.132633,97,4982.73174
218.048456,276,4990.48926
46.63424,379,4992.854415
184.136588,219,4994.118587
596.184738,600,4997.55214
18.429994,215,4998.791067
65.750368,85,4999.263352
36.913189,223,5000.538002
84.452356,103,5001.180259
65.058128,66,5001.587016
53.60586,112,5008.249316
138.089504,210,5009.456141
78.164461,109,5010.073799
222.694453,275,5011.645907
57.84453,107,5012.272526
49.390154,86,5012.78931
114.717515,196,5013.931427
70.980493,87,5014.416523
302.553481,382,5016.595761
204.429988,228,5017.942126
68.493285,117,5018.76476
111.728573,136,5019.675492
127.807284,449,5028.226913
116.712128,149,5029.05695
176.008952,263,5030.579503
150.096849,600,5034.47485
168.541464,220,5035.762744
580.63438,600,5045.221757
41.674821,175,5046.281893
73.15001,108,5046.944691
35.977009,107,5047.624483
25.614495,103,5048.22694
338.15907,403,5050.582511
34.747427,90,5051.100297
68.986913,200,5052.443146
55.912898,97,5053.080447
248.734894,288,5054.77467
53.735379,104,5055.375452
60.370231,120,5056.071449
67.391127,86,5062.88223
148.91937,222,5064.372372
88.306428,123,5065.229311
122.661916,163,5066.302495
275.795907,329,5068.219649
331.238804,401,5070.542365
77.694756,127,5071.295017
556.069,600,5074.758681
72.496511,93,5081.452264
129.756343,187,5082.526228
51.831826,179,5083.57199
71.127707,75,5084.007632
107.504444,151,5084.904354
39.871684,103,5085.523693
234.020451,561,5088.806625
245.82279,354,5091.021603
94.195524,141,5091.882349
71.811791,137,5092.6924
58.1215,103,5093.281583
89.111608,144,5100.199952
99.467589,129,5100.949532
68.914135,103,5101.538256
63.229213,74,5101.952427
34.542136,75,5102.407924
159.541475,283,5104.303482
77.082398,91,5104.881273
112.306806,136,5105.647794
46.974492,105,5106.27674
42.527782,88,5106.881648
145.177271,209,5108.259443
78.889335,107,5108.941707
13.876104,90,5109.497841
54.906918,207,5110.728262
65.456595,64,5111.107381
35.153015,112,5111.750153
84.933743,88,5118.344088
66.82042,76,5118.788782
106.316095,170,5119.855454
77.533342,125,5120.644967
33.17452,132,5121.456917
310.022836,459,5124.131334
10.207827,105,5124.740258
59.450536,99,5125.333971
143.095405,183,5126.363626
65.987507,85,5126.839384
153.833821,183,5127.943013
44.340066,84,5128.486952
129.783988,195,5129.696037
42.301119,147,5136.694948
547.889601,600,5140.226203
60.890065,102,5140.872628
71.023191,104,5141.512914
519.591286,600,5145.093629
488.474357,600,5148.675128
32.470551,75,5155.176333
105.321699,158,5156.11477
70.610276,90,5156.643003
24.253299,85,5157.137389
57.216013,100,5157.722535
156.146278,210,5158.959356
86.588014,110,5159.620457
300.151177,354,5161.807135
64.349901,139,5162.754595
172.731475,224,5164.176586
69.827501,88,5164.701359
43.344375,92,5165.306609
73.008399,88,5165.856022
66.059593,154,5166.84621
-12.539963,120,5173.677452
488.374078,600,5177.113757
93.755355,100,5177.702196
500.80589,600,5181.215916
38.141141,80,5181.703944
175.805248,223,5183.009146
160.65419,214,5184.332564
19.347454,75,5184.86362
83.48359,125,5185.756919
41.903137,80,5192.372912
460.271805,600,5195.915909
242.02538,274,5197.755116
248.108832,285,5199.439327
96.239403,142,5200.284275
72.229166,85,5200.787451
39.948972,122,5201.501886
32.107483,89,5202.041856
119.528822,149,5202.899714
68.827787,105,5203.505411
41.232287,91,5204.05595
125.537302,271,5211.638477
391.763205,461,5214.316263
59.668026,192,5215.462994
191.707624,220,5216.74779
580.816347,600,5220.253261
159.007591,178,5221.359755
43.895181,103,5222.012813
34.944664,132,5228.909692
484.852223,600,5232.472202
94.3185,160,5233.429791
95.728077,134,5234.221031
308.586293,600,5237.735323
144.89685,201,5238.934939
151.923102,218,5240.255185
30.35439,96,5246.962536
55.321371,108,5247.639415
72.46748,74,5248.123348
31.212401,81,5248.630335
144.056379,600,5252.368295
434.352627,600,5255.757136
74.144798,93,5256.292014
48.090341,161,5257.201283
476.245457,545,5266.483869
63.629091,137,5267.314016
38.064398,81,5267.803789
41.118839,250,5269.294548
78.035283,126,5270.047259
47.285046,118,5270.737209
66.88392,138,5271.550214
45.576211,90,5272.065575
34.285618,91,5272.604016
22.705165,152,5273.509496
60.773433,190,5274.590309
135.485226,150,5275.443283
30.992428,179,5276.516456
35.821701,241,5283.954643
45.59686,127,5284.713186
88.748748,111,5285.424325
531.217877,600,5289.376334
38.104553,77,5289.858714
68.213823,79,5290.347368
582.798204,600,5293.839731
186.596986,230,5295.234645
45.946657,82,5295.709712
83.230196,153,5302.171206
81.902127,120,5302.894575
69.060891,108,5303.554787
172.013142,275,5305.12454
81.450646,126,5305.872614
52.773144,119,5306.54474
36.578067,98,5307.097556
73.728997,93,5307.625371
78.2442,226,5308.984437
40.459923,104,5309.652143
138.003907,159,5310.730795
77.454928,97,5311.370238
46.214873,98,5312.045801
72.014442,116,5312.702914
133.560491,178,5319.566189
74.391536,84,5320.076905
55.552669,118,5320.784251
62.937704,100,5321.394403
34.239459,146,5322.323901
143.108777,178,5323.324354
494.839959,600,5326.872036
71.924045,136,5327.730591
119.498994,150,5328.637326
151.506956,186,5329.708933
49.243819,73,5330.150708
61.756381,77,5330.618938
29.682808,88,5331.165518
91.050965,104,5331.801745
95.957995,215,5339.029033
52.225478,86,5339.599727
42.057278,78,5340.15764
125.978192,600,5344.168933
18.769042,133,5344.984103
113.606372,180,5346.00457
4.769308,80,5346.448637
39.374299,600,5350.241536
48.054127,159,5357.434354
254.560463,293,5359.185891
63.176447,90,5359.71205
106.227258,141,5360.517466
97.253754,105,5361.115508
7.75769,142,5361.912454
78.626513,100,5362.51002
38.257267,84,5362.969648
131.287213,180,5364.050741
-18.217691,298,5365.778047
79.095356,125,5366.487528
126.275811,600,5376.046481
295.406849,398,5378.623794
130.885792,210,5379.897769
41.066957,91,5380.433126
29.656804,280,5382.085982
99.521837,134,5382.871667
71.947662,83,5383.338459
136.113904,213,5384.533719
48.172925,110,5385.174922
65.124993,95,5385.692167
223.879362,365,5393.864449
70.196815,92,5394.416334
27.176778,112,5395.056472
125.500906,156,5395.944932
70.18506,108,5396.593287
68.236063,104,5397.230712
123.280179,183,5398.271435
13.07261,79,5398.735968
81.620904,122,5399.444001
427.618893,600,5402.997307
155.367113,181,5404.083809
59.252818,87,5404.574174
46.235915,142,5411.209901
53.59316,214,5412.420395
62.019253,110,5413.049757
205.488277,378,5415.270488
108.577062,285,5416.921974
238.215207,600,5420.376498
274.43912,349,5422.427417
517.398139,600,5431.875231
322.167943,416,5434.268884
541.531994,600,5437.7726
93.039576,113,5438.437494
57.316235,179,5439.451056
101.5686,137,5440.22339
58.547046,71,5440.621058
23.619715,93,5446.898775
76.279026,121,5447.570649
137.122396,155,5448.462234
65.481735,104,5449.05717
33.688059,600,5452.644123
30.535185,88,5453.189298
68.53623,95,5453.755099
148.816714,190,5454.868099
68.042791,140,5455.679761
565.418281,600,5465.391685
32.005862,132,5466.142361
52.555428,175,5467.115561
118.319868,173,5468.098777
29.714508,83,5468.582592
29.782027,78,5469.05303
203.047346,296,5470.763814
29.679092,88,5471.268122
412.266512,455,5473.883969
40.573393,98,5474.476399
552.189042,600,5483.889617
66.399289,116,5484.565115
71.525397,78,5485.023684
97.754323,137,5485.86667
181.471025,600,5489.554511
57.673689,99,5490.160178
68.176579,104,5490.800675
183.346386,600,5494.287557
545.131059,600,5503.951725
131.599874,159,5504.922408
32.118431,91,5505.478845
118.931046,147,5506.362026
29.280164,89,5506.876375
74.240899,99,5507.428768
49.676662,95,5507.942492
41.767152,89,5508.454206
32.432949,82,5508.933616
140.736069,186,5510.039139
40.676531,88,5510.577241
45.814962,77,5511.043128
129.597506,176,5512.089363
72.289654,95,5512.618543
547.161334,600,5522.410053
30.790201,105,5523.029313
94.432967,179,5524.045905
28.913741,98,5524.591839
143.833451,213,5525.802644
37.303432,92,5526.307702
63.717461,81,5526.755371
56.553997,78,5527.20652
55.493737,76,5527.65541
105.592812,139,5528.426181
49.897014,441,5537.232768
178.60445,212,5538.561241
62.527105,174,5539.541639
44.652835,106,5540.170409
202.017511,600,5543.657986
158.098473,196,5544.762806
121.251689,181,5545.824027
169.561958,198,5547.011852
124.06969,185,5548.136364
150.069927,179,5555.169562
61.656143,109,5555.808149
63.268502,136,5556.61393
67.441163,109,5557.269907
39.961634,91,5557.780954
252.223304,310,5559.597782
65.117766,118,5560.32953
164.180609,213,5561.808659
36.624089,86,5562.428253
46.26525,206,5563.740203
77.744547,113,5564.405119
207.981605,309,5566.16306
62.442145,98,5566.715484
65.59911,111,5567.390776
82.052587,178,5574.647205
558.314437,600,5578.227003
150.948697,179,5579.249527
69.120505,142,5580.071548
527.224531,597,5583.653597
347.101617,397,5592.150361
76.073662,104,5592.74699
87.835928,95,5593.30193
147.296409,187,5594.379267
45.208587,97,5594.920545
117.885674,147,5595.772264
83.133447,92,5596.297677
25.544474,79,5596.73187
146.066497,266,5598.271
109.850793,152,5599.14929
95.927691,112,5599.868716
124.728621,220,5601.263719
156.754307,242,5602.651347
65.661611,113,5603.331265
142.163199,213,5610.368627
61.056748,82,5610.843953
204.340939,267,5612.368327
78.055556,112,5613.014052
45.873522,103,5613.668955
107.155866,176,5614.689539
73.071661,178,5615.696578
68.788911,92,5616.181704
575.090881,600,5619.619594
120.522273,164,5620.543106
100.329474,235,5628.097931
55.097073,117,5628.824063
57.255857,83,5629.350075
86.409577,127,5630.088912
85.146554,126,5630.840371
158.468782,181,5631.856094
64.115102,94,5632.410402
41.789433,117,5633.166368
27.356947,109,5633.947446
51.418762,105,5634.685333
48.770544,600,5638.421246
124.451229,207,5639.599938
30.93171,135,5646.51551
63.141613,90,5647.040338
107.123305,217,5648.408353
69.432428,215,5649.823234
29.724637,76,5650.249524
88.252271,94,5650.810885
52.94857,105,5651.492911
105.89948,143,5652.382515
63.207598,107,5653.025046
99.55615,600,5656.659837
99.697734,185,5657.735215
118.484507,139,5658.600314
119.184821,179,5665.654504
18.980868,600,5669.233879
76.900844,99,5669.770817
518.606955,600,5673.346538
63.460433,83,5673.904686
332.273421,406,5676.553073
87.775762,132,5677.294962
139.054595,160,5684.406734
15.306645,85,5684.90962
81.822509,139,5685.734151
77.210164,128,5686.493181
39.181299,98,5687.06809
196.420467,257,5688.518791
541.750452,600,5692.06381
166.761899,225,5693.405837
46.506643,90,5693.930322
55.361637,98,5694.508215
115.312172,146,5695.370013
62.423082,91,5702.095473
63.976802,143,5702.935614
137.519786,263,5704.454576
118.479246,178,5705.496814
46.468121,86,5705.973068
91.577689,106,5706.56898
72.570092,120,5707.26106
586.429256,600,5710.699436
68.318845,164,5711.698185
54.603878,75,5712.123741
157.392873,189,5713.234126
558.287736,600,5722.81993
63.436954,97,5723.373815
27.049174,78,5723.808661
65.081784,82,5724.269878
15.736316,126,5725.031485
80.83156,93,5725.608315
63.55227,117,5726.372317
20.993463,75,5726.866601
69.537118,84,5727.425047
375.469454,447,5729.982884
229.568589,308,5731.831808
-9.264303,79,5738.486514
186.797468,233,5739.832039
38.15337,94,5740.365135
40.406341,169,5741.390495
209.822412,321,5743.420377
70.183839,189,5744.553343
82.251722,87,5745.054476
38.298841,83,5745.519109
27.380785,73,5745.965065
123.723433,152,5746.89561
72.140332,139,5747.690461
65.135084,89,5748.215998
61.083445,93,5748.809103
58.810502,108,5749.502593
137.324054,188,5756.969505
155.897333,198,5758.23108
146.270005,192,5759.395247
137.307067,239,5760.816437
69.722356,86,5761.328511
110.40241,144,5762.154856
38.982971,129,5762.888662
96.010967,600,5766.401152
149.327866,236,5767.820268
94.741083,147,5768.7102
44.724299,85,5775.193324
180.962095,273,5776.722093
327.994719,586,5780.059176
68.721999,67,5780.401505
33.343251,91,5780.87166
53.98181,85,5781.320604
135.699842,167,5782.250906
192.446151,600,5785.808479
43.101375,151,5792.615308
71.864706,103,5793.181318
64.870352,130,5793.916279
163.73564,191,5794.924897
174.857504,210,5796.052164
76.582824,85,5796.49548
66.932529,105,5797.055642
50.060046,600,5800.322725
84.521764,230,5801.580625
-7.540361,84,5802.035282
138.183404,168,5802.920044
29.898457,108,5803.543672
30.392322,98,5810.024404
61.842058,78,5810.474013
53.743907,106,5811.073113
224.901449,294,5812.722873
64.376908,90,5813.228539
81.934,116,5813.882128
53.052475,100,5814.422668
535.981064,600,5817.540954
178.197129,203,5818.621691
18.298802,78,5819.039766
108.110396,198,5820.121998
67.689741,107,5820.765963
72.882938,90,5827.530195
57.829162,89,5828.027347
80.954669,133,5828.786769
168.399699,600,5831.957125
319.307015,368,5833.972983
48.98713,109,5834.577888
75.124435,98,5835.111818
62.027167,78,5835.54028
137.683138,195,5836.61889
64.424175,128,5837.274504
66.205969,92,5837.73875
107.735655,133,5844.383271
60.105089,90,5844.889141
49.667424,115,5845.512304
68.500744,173,5846.443251
502.689235,600,5849.702898
92.744459,122,5850.355904
75.774527,80,5850.787739
114.6406,155,5851.637828
62.642903,115,5852.271355
59.32338,94,5852.789967
68.310203,69,5853.149219
57.325664,115,5853.771508
63.489862,86,5854.237155
159.158586,227,5861.440275
71.030652,116,5862.118139
134.075219,600,5865.627804
70.228875,94,5866.160164
219.359414,259,5867.563601
179.612648,211,5868.768137
78.116823,106,5869.400484
88.206445,162,5870.40702
47.392274,101,5870.959228
163.769898,192,5871.990589
295.615902,388,5880.02736
108.237606,130,5880.92
351.331983,455,5883.479678
121.003045,229,5884.762253
158.463214,195,5885.883909
123.970269,157,5886.744633
105.205627,600,5890.14081
65.441599,88,5896.645115
155.695196,171,5897.545094
262.702657,317,5899.311825
34.903231,74,5899.683776
63.836126,115,5900.253734
65.722323,173,5901.139302
47.586059,84,5901.5806
77.823439,100,5902.127364
72.187517,94,5902.621505
422.954201,600,5905.787253
4.980407,218,5906.954924
86.177127,189,5914.130258
176.025054,212,5915.297614
430.247692,600,5918.790505
63.287832,83,5919.226125
54.505851,90,5919.709372
139.717786,156,5920.5525
14.803257,168,5921.541055
159.267696,202,5922.666576
83.200347,103,5923.195975
94.65699,600,5932.366086
154.822798,204,5933.44877
109.655149,146,5934.231619
89.864175,108,5934.821189
562.212297,600,5938.140222
38.150802,212,5939.455734
69.370231,148,5940.254769
132.272544,162,5941.103912
99.656355,215,5947.806119
-13.5956,113,5948.420582
71.469918,127,5949.084294
76.902111,173,5950.057871
107.428159,171,5950.990948
5.73931,89,5951.484737
576.345788,600,5954.741946
86.213296,600,5958.047673
33.36251,82,5958.483752
42.470522,109,5965.086246
554.770627,600,5968.281931
28.969367,91,5968.788538
61.777081,90,5969.294482
69.055672,122,5969.987951
57.882015,99,5970.501353
365.134768,600,5973.657577
44.234702,101,5974.182889
56.174337,111,5974.808639
70.688207,113,5975.487846
147.42988,217,5982.877021
534.697308,600,5986.000666
159.815525,192,5986.973484
345.340744,377,5989.127322
92.223863,124,5989.855448
549.0247,600,5993.05953
56.431437,88,5999.369569
72.285869,120,6000.037135
197.434429,247,6001.405021
569.997391,600,6004.636591
553.267137,600,6008.022356
69.302175,117,6008.59351
-8.357364,80,6009.016248
536.012622,600,6018.271997
29.398242,88,6018.729074
382.734674,565,6021.779593
23.497833,107,6022.337034
81.369486,161,6023.189576
552.456993,600,6026.414917
63.647171,87,6026.871501
74.353897,80,6033.346516
175.928418,242,6034.660157
149.17135,177,6035.632042
110.110169,180,6036.588075
75.45298,80,6037.019693
34.684058,600,6040.567436
50.527568,395,6042.68562
112.816031,226,6043.874329
31.819657,81,6044.319128
75.997377,98,6050.817728
73.759554,133,6051.539033
41.41123,95,6052.036295
148.768751,274,6053.536083
-4.477338,195,6054.588129
153.335689,188,6055.604502
26.862482,79,6056.089153
79.893638,116,6056.794448
31.859443,86,6057.300818
129.479087,157,6058.277642
22.602978,77,6058.769987
15.487267,90,6059.298332
73.341663,89,6059.821344
51.875283,83,6060.280239
64.392202,172,6061.227082
39.633418,85,6061.710609
50.219473,90,6068.158195
36.008848,86,6068.610146
84.42451,128,6069.291246
60.381288,91,6069.794549
120.785801,163,6070.712069
97.699272,221,6071.90356
136.353275,198,6072.962837
203.164638,231,6074.174703
60.504995,85,6074.647694
64.305207,134,6075.386577
44.399085,236,6076.650581
134.323289,182,6077.59567
68.647931,95,6078.108661
54.730178,108,6078.705418
109.621376,175,6085.656157
44.276075,117,6086.300484
69.752057,104,6086.890662
160.76998,203,6087.9836
72.796302,104,6088.52992
69.69128,102,6089.091987
66.386621,87,6089.56443
96.199011,144,6090.335266
33.38545,72,6090.705776
124.564353,224,6091.86308
59.13242,70,6092.24053
320.04757,371,6094.230155
171.339459,233,6095.4561
125.120309,155,6102.314495
88.507577,92,6102.833806
34.039868,162,6103.830151
71.617876,95,6104.413905
145.416413,273,6105.945591
104.444616,212,6107.002759
522.245448,600,6110.258387
65.02438,99,6110.807435
73.933655,82,6111.251872
41.012619,89,6111.787939
62.899912,86,6112.282009
68.216558,93,6112.812257
164.94375,248,6120.165318
90.578455,129,6120.967713
82.262237,94,6121.557544
120.51728,160,6122.495416
85.162664,90,6123.058973
34.651374,76,6123.587046
154.23646,222,6124.920456
129.230157,600,6128.541268
60.645188,129,6129.210353
570.749683,600,6138.254827
98.758312,114,6138.869247
307.575804,359,6140.758995
153.783695,248,6142.236752
72.680294,99,6142.774814
95.447912,135,6143.471595
582.419819,600,6146.654859
87.533959,123,6147.326642
66.366149,176,6148.328715
578.558629,600,6157.654088
209.085488,245,6159.058732
75.703061,194,6160.16832
82.204602,147,6160.96783
132.491529,161,6161.835491
50.666529,91,6162.298192
401.176926,600,6165.528848
55.000294,600,6174.802879
192.697023,220,6175.960828
117.734958,164,6176.817363
13.324982,87,6177.271853
97.3407,148,6178.090853
58.944739,82,6178.509515
75.336777,109,6179.08999
126.602866,212,6180.205981
148.294534,186,6181.184244
61.414138,105,6181.756583
88.787823,83,6182.182345
34.643733,81,6188.690002
120.514754,161,6189.631501
16.049958,102,6190.282854
171.059641,199,6191.535846
155.693677,242,6192.85508
46.15722,131,6193.57816
536.425421,600,6196.751666
412.383934,493,6199.764829
34.002445,80,6200.247481
72.403873,95,6206.685854
52.602492,88,6207.136987
85.501163,162,6208.06812
579.46023,600,6211.481322
41.461533,83,6211.921179
139.701059,165,6212.811017
54.611735,94,6213.309151
154.01735,198,6214.402902
75.491061,137,6215.102991
75.137599,71,6215.479559
57.844288,155,6216.312461
72.086518,95,6216.838408
42.932974,88,6217.324643
290.034198,447,6225.873253
325.50152,600,6229.095398
66.807112,88,6229.664973
44.977262,103,6230.303962
72.565571,110,6230.97829
573.472152,600,6234.447888
73.73316,174,6241.085489
100.997989,600,6244.406959
17.204779,511,6247.268721
40.260971,83,6247.697185
66.76877,116,6248.292654
38.465328,78,6248.736555
66.308974,77,6249.167565
83.320089,194,6250.307655
83.51576,115,6250.984704
63.121434,107,6251.591845
92.425493,112,6252.199149
142.5422,188,6259.072911
85.221665,82,6259.507277
40.669132,94,6260.022868
89.604575,179,6261.175028
31.479407,80,6261.671886
68.965187,91,6262.234986
57.734908,83,6262.678033
63.010874,160,6263.52072
60.399565,106,6264.061747
30.43129,88,6264.56174
563.35622,600,6268.015611
56.613153,83,6268.481853
16.007479,88,6268.9666
178.130839,241,6276.356502
38.877115,88,6276.814929
146.870114,171,6277.702908
42.088786,83,6278.134046
68.333598,128,6278.78996
95.846617,184,6279.775861
-7.546454,101,6280.337928
94.82236,129,6281.058604
544.155498,600,6284.234347
55.80037,94,6284.775964
69.668873,75,6285.211822
126.344742,161,6286.058392
121.908198,177,6292.944051
55.370737,88,6293.393382
47.882245,106,6293.989352
136.750719,600,6297.455802
175.041542,230,6298.958707
70.480533,91,6299.469631
39.960819,81,6299.89856
162.274416,187,6300.853611
58.001398,118,6301.46568
43.784496,87,6301.945524
42.644383,97,6302.416785
87.202103,115,6302.998909
554.612839,600,6312.351114
111.875071,159,6313.239516
69.567652,69,6313.592556
161.09926,256,6314.951872
68.509071,109,6315.520329
-7.241901,81,6315.93828
142.596341,211,6317.109078
96.65312,105,6317.719686
2.173531,100,6318.287712
145.72033,195,6319.385294
45.487703,103,6319.911041
559.751555,600,6329.276173
10.564003,162,6330.24778
80.10009,230,6331.592955
76.31526,121,6332.253021
70.421082,87,6332.710886
138.497101,194,6333.799702
57.894201,125,6334.644874
94.635288,104,6335.293667
130.118576,173,6336.380769
110.892977,218,6337.644244
65.750864,130,6338.374831
185.293901,239,6345.331617
132.638512,181,6346.299978
27.022994,111,6346.91051
16.887797,133,6347.584604
133.395366,246,6348.919841
54.352535,93,6349.442209
40.720478,83,6349.907856
89.54032,110,6350.512922
65.796642,103,6351.060879
568.173035,600,6354.54263
73.803161,112,6355.239446
39.336301,81,6355.736073
158.458221,208,6362.774147
124.549161,176,6363.72618
73.053719,95,6364.268603
104.176937,166,6365.177215
129.186414,168,6366.07937
37.612929,77,6366.516111
553.747908,600,6369.714975
67.491456,146,6370.501699
62.075305,205,6371.625823
214.417636,262,6373.086094
67.228647,100,6379.58358
139.098499,278,6381.084351
72.585763,113,6381.672551
21.50996,97,6382.176492
55.555238,143,6382.910183
73.480298,94,6383.425663
171.578479,230,6384.72704
131.425091,232,6386.098677
94.938762,143,6386.959441
90.467782,234,6388.226134
38.187254,86,6388.687819
530.020659,600,6397.969394
122.805326,249,6399.489465
102.203638,154,6400.438023
62.471691,114,6401.075872
72.065128,89,6401.539417
52.269012,80,6401.997188
119.149831,189,6403.016004
40.743281,100,6403.604376
51.047715,100,6404.170516
51.199901,95,6404.654228
73.788754,100,6405.166431
134.692412,186,6406.203755
42.129985,86,6406.709578
125.994712,152,6407.593354
59.885192,104,6408.218455
399.781089,600,6417.331683
41.329481,83,6417.782284
49.540206,85,6418.235057
68.441376,101,6418.790473
0.332228,600,6422.085197
42.229316,86,6422.587544
190.84963,239,6424.014686
134.05176,194,6425.083627
50.957395,113,6431.528654
86.6483,139,6432.231741
58.07415,88,6432.709594
216.736139,600,6435.913534
25.45036,96,6436.425887
177.313655,220,6437.589889
129.420797,186,6438.561101
73.27364,67,6438.905083
38.941811,87,6439.331433
539.772127,600,6448.489772
78.004686,93,6448.985038
109.277713,375,6450.996301
47.004012,92,6451.514153
74.611015,93,6452.022728
129.506799,243,6453.310934
52.341395,116,6453.921273
560.488219,600,6457.193566
108.503689,209,6458.327682
530.019549,600,6467.298077
50.482987,162,6468.153881
131.380937,248,6469.504119
557.926085,600,6473.081339
72.64698,106,6473.720619
167.175669,188,6474.81932
52.562085,209,6475.978629
37.987897,176,6483.075565
35.527707,99,6483.633584
12.401518,567,6486.70278
71.953637,76,6487.121809
45.621861,99,6487.657497
41.390981,121,6488.405618
119.062069,175,6489.390845
188.012155,600,6492.624042
71.930532,103,6493.204078
34.294833,115,6493.840043
73.145061,78,6500.349254
68.403369,100,6500.872289
75.33439,89,6501.34909
442.016914,600,6504.610555
48.786412,266,6506.252295
145.739272,212,6507.485751
585.968374,600,6510.610474
134.515876,179,6517.751811
19.796779,191,6518.792916
67.802678,97,6519.39195
85.666185,191,6520.51887
39.596283,113,6521.196767
26.583466,102,6521.849228
51.17415,129,6522.523038
565.00665,600,6525.986127
32.201873,76,6526.494542
61.167802,141,6527.351892
172.811105,198,6528.408203
28.987065,80,6528.819788
67.212328,192,6535.836298
67.890827,99,6536.37209
137.291772,189,6537.397834
275.384146,308,6539.085394
65.438447,89,6539.557711
34.625114,74,6539.95541
98.817384,117,6540.609319
-10.83743,190,6541.601636
562.295994,600,6544.757133
223.27399,464,6553.262569
75.608651,265,6554.690311
105.358656,162,6555.538963
542.894854,600,6558.666881
75.307039,87,6559.186175
77.166171,77,6559.585674
33.601449,76,6560.028909
200.605435,291,6561.822721
183.628123,199,6562.858461
152.114414,199,6570.097829
-6.831482,386,6572.183774
51.039207,186,6573.228753
203.077097,247,6574.702734
200.28697,270,6576.313334
52.752866,249,6577.663669
89.102315,113,6578.279892
77.19369,86,6578.733127
574.775172,600,6588.0989
52.672688,123,6588.857571
175.474768,242,6590.366804
36.257525,79,6590.871755
52.794625,103,6591.387686
103.183694,186,6592.342996
104.446872,153,6593.120712
44.833162,124,6593.769253
122.307751,169,6594.629804
155.076611,192,6595.62664
110.034847,150,6596.503109
24.085507,78,6597.001199
69.242119,103,6597.615706
21.819288,81,6598.118028
32.654479,102,6604.86949
93.475127,187,6605.878207
69.476825,112,6606.510573
40.6282,127,6607.213681
225.909604,282,6608.724941
28.762774,96,6609.27686
134.885967,196,6610.371299
57.037985,78,6610.781098
131.146829,227,6611.915639
37.028569,84,6612.389307
569.19414,600,6615.832588
60.526683,155,6622.585289
10.349302,152,6623.360496
74.66137,110,6623.948222
166.857986,208,6625.081929
168.24089,211,6626.28112
12.138014,78,6626.755565
178.081148,600,6630.064067
43.313009,86,6630.531721
138.301208,245,6631.830745
76.585862,94,6632.299837
509.201013,600,6641.361535
89.839594,105,6641.944122
163.082214,239,6643.218888
229.590396,284,6644.722757
85.637869,132,6645.459022
82.486531,138,6646.233056
156.727084,600,6649.496063
113.292182,274,6656.797204
48.137495,600,6660.080342
49.95798,102,6660.646047
130.752748,149,6661.425608
42.305086,93,6661.929792
161.23267,600,6665.358392
541.452662,600,6674.722975
228.797535,281,6676.243385
114.122754,134,6676.976238
204.442605,600,6680.357861
67.302046,139,6681.111854
70.195033,107,6681.69103
74.57564,117,6682.391109
64.293279,258,6683.804857
90.459741,126,6690.665505
130.267301,201,6691.731137
549.890613,600,6695.21587
35.412925,162,6696.134298
526.464545,600,6699.657478
77.155492,94,6700.162918
94.480343,115,6700.800304
171.34652,201,6701.869829
102.091392,190,6708.721411
67.757005,211,6709.849729
51.172897,105,6710.477529
97.236232,149,6711.378673
66.810585,96,6711.988418
44.260849,79,6712.489311
62.57783,87,6713.03979
525.720918,592,6716.178555
27.146857,96,6716.679955
29.402929,78,6717.089605
70.487665,89,6717.59148
101.943255,162,6718.434921
130.448424,201,6725.6183
292.678603,409,6727.798714
90.256231,114,6728.408622
69.333342,88,6728.904152
57.572812,99,6729.435337
71.688727,93,6729.956401
125.016331,153,6730.842646
36.513252,600,6734.118932
89.49187,131,6734.81787
16.284246,83,6735.280975
539.956683,600,6744.330865
41.893652,133,6745.032131
-1.421362,133,6745.720714
60.66408,97,6746.250045
60.721942,96,6746.760135
92.651203,123,6747.413035
106.788467,600,6750.626629
303.663678,512,6753.355418
55.609481,90,6760.102839
271.081924,600,6763.498426
229.1056,380,6765.558096
170.969537,294,6767.128721
69.991575,136,6767.884525
-1.874182,82,6768.314946
63.596863,105,6768.85022
160.595761,186,6769.870115
180.162224,219,6777.116518
124.053194,167,6777.964095
183.099649,261,6779.414165
76.506521,107,6780.000756
108.014876,127,6780.66654
200.394079,289,6782.33545
1.135928,102,6782.985949
80.148043,88,6783.545179
57.424725,113,6784.125591
28.947862,83,6784.548067
565.35675,600,6787.760783
67.552753,116,6794.470702
80.714224,113,6795.128829
173.192611,234,6796.402879
55.026839,98,6796.901123
101.963094,192,6797.882267
118.358133,165,6798.762159
77.173303,74,6799.166798
63.362589,85,6799.622779
155.291533,244,6800.89857
143.037119,178,6801.822165
74.257626,147,6802.609712
178.518963,226,6803.831607
70.583796,98,6804.352248
216.836333,304,6811.979421
108.248157,208,6813.148058
154.855369,237,6814.579216
68.58845,90,6815.087545
143.740919,253,6816.411891
73.061424,279,6817.842564
61.279254,108,6818.379224
542.362391,600,6821.584951
117.923827,150,6828.14381
90.077345,128,6828.799633
162.980535,600,6832.023202
156.288824,188,6833.060579
216.105862,445,6835.431232
73.54382,83,6835.896796
65.839154,126,6836.596327
30.447767,109,6837.166626
131.771055,178,6838.116982
42.673564,86,6838.57657
105.373658,151,6845.183937
164.401074,199,6846.245741
113.74955,164,6847.135639
142.79058,180,6848.105543
65.243541,103,6848.677262
94.786603,131,6849.384768
69.766884,84,6849.85582
56.133273,104,6850.401735
191.929027,239,6851.675452
97.002922,111,6852.256318
-14.425986,250,6853.508718
53.588838,136,6854.223714
24.055202,160,6855.041027
127.829289,184,6861.941758
521.10856,600,6865.242775
82.324429,129,6866.010219
127.95004,600,6869.313722
71.821336,101,6869.835738
33.234119,77,6870.211468
29.154612,106,6870.762424
97.430944,179,6871.722598
-10.734247,116,6872.350082
482.87924,600,6881.761856
58.721309,108,6882.32313
59.573457,99,6882.844475
39.71757,600,6886.184282
88.16763,180,6887.138057
160.71788,176,6888.088542
67.652705,115,6888.726117
117.000496,240,6890.109874
64.983331,125,6896.601436
165.500478,201,6897.674561
70.920358,87,6898.159825
126.555638,250,6899.542178
398.27956,600,6902.718387
38.047407,87,6903.152098
205.643122,237,6904.401006
58.027075,88,6904.867558
42.884247,120,6905.475784
45.762215,119,6906.157415
66.923092,91,6906.64843
86.754255,90,6913.245647
41.43894,115,6913.855651
67.438624,94,6914.364377
67.24242,87,6914.87786
98.98387,257,6916.315956
47.180254,113,6916.964767
69.07544,100,6917.533365
66.630367,102,6918.101097
209.233828,277,6919.618605
140.045788,600,6922.815984
175.151589,252,6924.199548
131.852951,174,6931.082437
128.289834,168,6931.976664
118.647783,208,6933.103819
68.721954,108,6933.635359
79.159201,97,6934.152172
68.468161,204,6935.347022
79.569982,127,6936.105392
34.035192,87,6936.601776
75.484358,155,6937.416274
197.799462,600,6940.506068
190.703808,234,6947.574316
41.281343,171,6948.483345
31.781085,88,6948.971018
144.668704,213,6950.249887
92.052548,166,6951.258472
69.199797,85,6951.77103
59.471956,128,6952.555225
35.857785,75,6952.983884
380.867218,600,6956.110499
474.426741,542,6964.894025
101.262908,208,6966.044506
69.130201,94,6966.595333
45.796155,89,6967.145429
56.34806,164,6968.105965
558.5106,600,6971.299654
103.045866,175,6972.207665
130.304868,600,6981.317888
73.225142,84,6981.741836
73.596419,229,6982.930202
168.06286,251,6984.235477
170.557311,203,6985.617364
93.799278,118,6986.518677
66.520858,78,6987.066632
62.463117,121,6987.857486
115.281106,140,6988.757589
72.167289,111,6989.485686
45.168635,177,6990.43795
147.362565,201,6991.490908
156.513892,201,6992.545376
63.736577,91,6993.002728
66.257412,74,6999.264186
152.89494,199,7000.279632
15.898139,78,7000.688235
34.661654,119,7001.298922
64.525066,106,7001.862531
110.623022,600,7005.112574
35.71338,112,7005.73316
182.16871,474,7008.516692
66.522245,84,7008.994452
15.76345,254,7016.481764
30.40241,79,7016.947219
164.418864,196,7018.045346
71.021098,97,7018.565623
360.559259,396,7020.596442
158.215159,292,7022.182057
178.104131,250,7023.535182
68.564631,121,7024.162153
159.499733,214,7025.395775
139.427557,170,7026.378379
61.985911,86,7026.848587
569.26131,600,7036.326146
45.112454,105,7036.96145
132.030417,178,7037.965347
132.257176,173,7038.931335
104.578816,134,7039.694514
66.087401,105,7040.250278
24.432338,124,7040.911824
34.420799,79,7041.330252
522.136001,600,7044.441778
26.155367,164,7051.024576
38.307832,97,7051.563764
173.38332,231,7052.956641
32.21176,96,7053.572601
71.39647,125,7054.383802
43.834224,232,7055.63881
541.716137,600,7059.181745
70.520036,102,7059.808796
130.445334,157,7060.757386
39.363113,98,7061.351885
69.871225,97,7061.913348
158.819102,221,7069.087775
67.562745,93,7069.578486
113.131616,295,7071.199916
513.661013,600,7074.499181
144.469206,220,7075.784071
84.776593,600,7079.023154
209.660102,238,7086.210118
123.580317,208,7087.469496
88.350147,98,7088.08307
57.311042,95,7088.627943
111.791604,222,7089.869554
20.728858,126,7090.55318
211.265865,237,7091.857336
59.69457,79,7092.339539
172.770515,600,7095.951704
76.006153,108,7096.581975
223.782494,315,7104.287753
88.807219,104,7104.861285
32.049093,96,7105.337896
66.95053,87,7105.80449
381.165283,444,7108.339055
40.620109,87,7108.89088
71.970617,91,7109.446753
104.129825,169,7110.384074
121.116673,176,7111.39109
97.049384,139,7112.174355
110.512606,163,7113.088327
67.023634,124,7113.742446
57.618168,77,7114.140727
37.11043,84,7114.607358
44.477397,600,7123.963469
283.886922,554,7126.911751
163.478137,600,7130.332423
582.077295,600,7139.538622
345.777432,424,7141.812366
64.307496,82,7142.267362
207.76662,259,7143.755824
68.637198,93,7144.281044
481.695426,600,7147.698633
72.972066,82,7148.145273
36.652581,93,7148.639245
224.61724,263,7156.092293
73.102013,145,7156.900512
71.215561,180,7157.954131
98.549733,124,7158.700644
175.463858,210,7159.844086
56.467469,106,7160.441528
68.939423,97,7160.96757
46.404275,78,7161.376576
34.287114,134,7162.060517
59.042164,102,7162.63515
42.128138,113,7163.25697
37.253728,185,7164.346272
42.830439,102,7164.891413
150.543079,198,7165.946239
26.394466,73,7166.307756
130.078289,600,7175.940774
155.311691,212,7177.161788
507.762809,600,7180.400242
109.514455,156,7181.299473
40.367288,79,7181.803941
20.843499,78,7182.233442
92.734749,111,7182.831168
78.007436,99,7183.360604
159.518441,306,7190.853078
47.981929,102,7191.386775
69.173269,77,7191.8218
79.248361,600,7195.159511
81.082282,95,7195.657904
135.76261,600,7198.82771
45.034704,77,7199.232236
85.348696,139,7199.9637
37.45552,90,7200.499504
571.820415,600,7209.838605
57.973767,121,7210.46172
64.554215,87,7210.930375
549.997107,600,7214.093951
61.945657,110,7214.666913
147.269834,211,7215.81078
106.948908,155,7216.61639
93.59945,111,7217.258389
25.46811,94,7217.812858
54.144148,89,7218.341181
71.287783,93,7225.033827
60.168009,155,7225.953158
177.102112,338,7227.865742
28.755395,83,7228.315683
547.900912,600,7231.544953
53.875476,108,7232.101913
38.108264,98,7232.635501
81.722271,121,7233.279048
45.479805,134,7233.991566
78.216508,94,7234.482436
46.921035,89,7234.959473
129.363143,200,7236.086451
36.204445,75,7242.390863
74.340165,100,7242.967821
153.541766,281,7244.523528
11.917596,170,7245.447745
82.850589,105,7245.952921
43.937057,143,7246.717154
190.866211,243,7248.090056
58.205562,167,7248.975266
116.661797,201,7250.051074
313.719753,375,7252.119049
69.568104,106,7252.733169
580.919534,600,7262.140291
149.209632,191,7263.148965
65.771979,170,7264.03378
110.30846,159,7265.014545
95.651079,156,7265.922963
23.538342,179,7266.968049
-4.714465,79,7267.39306
42.286189,78,7267.823188
196.67255,279,7269.37154
160.161965,250,7276.66529
99.522733,117,7277.263566
139.105327,170,7278.178897
67.687864,79,7278.591231
159.272517,237,7279.882511
171.607451,285,7281.531821
69.954739,206,7282.755228
201.713266,600,7286.103421
71.186802,123,7286.820493
39.586946,90,7287.336404
121.275466,163,7294.089243
155.244765,600,7297.362595
564.440127,600,7300.826131
49.238061,105,7301.404105
54.190476,83,7301.85488
149.621921,227,7303.186616
142.052245,180,7304.219596
448.861047,600,7313.802115
164.535559,226,7315.011267
319.679331,600,7318.422997
48.276469,600,7321.601633
15.408284,75,7321.986396
77.615225,108,7322.572855
89.802503,201,7329.968366
71.998851,98,7330.488865
37.947204,80,7330.941491
27.297957,213,7332.198609
174.547828,251,7333.587046
492.573517,600,7336.669988
592.02164,600,7339.993717
66.683052,100,7346.512587
100.370926,202,7347.573048
153.455913,600,7351.032073
73.175047,98,7351.546162
251.977427,600,7354.811658
71.963568,92,7355.335445
67.270036,72,7355.742404
38.51666,96,7356.231633
182.819899,264,7363.436015
117.528504,179,7364.361589
123.996017,155,7365.243393
70.068805,134,7366.043101
66.51349,95,7366.617759
144.841513,198,7367.774171
75.766571,88,7368.233836
64.185403,94,7368.720376
510.526133,600,7371.856734
241.617169,315,7373.53254
61.756622,87,7373.985174
69.648337,93,7374.470449
14.267986,600,7383.831317
26.731626,93,7384.312509
77.115501,104,7384.878779
127.23457,187,7385.846979
-0.859272,123,7386.536027
167.037772,229,7387.782541
36.243165,315,7389.564016
122.306676,171,7390.51077
101.827212,147,7391.31655
67.229478,94,7397.531977
70.05239,95,7398.043328
115.564156,139,7398.790097
90.134301,303,7400.405938
40.266137,88,7400.870675
76.151408,180,7401.865753
427.727717,517,7404.855961
45.477611,101,7405.416999
215.110398,284,7406.930262
489.62338,600,7416.108737
32.493284,99,7416.638187
143.239297,209,7417.818481
33.948087,80,7418.27935
171.50728,600,7421.571376
99.290398,132,7422.295114
514.250941,600,7425.458684
40.582267,100,7431.939645
68.342844,93,7432.42794
578.380564,600,7435.785758
60.988426,110,7436.45009
2.147863,189,7437.464405
58.888992,115,7438.04514
566.997237,600,7441.156744
154.603845,600,7450.577241
78.11023,111,7451.195942
56.858314,96,7451.787212
34.039603,89,7452.316003
113.647126,150,7453.212298
69.706514,99,7453.757878
543.289025,600,7457.069547
150.21443,213,7458.29777
72.238005,89,7458.740474
26.660582,78,7459.171078
60.564627,117,7459.821974
74.294475,100,7460.450149
69.72158,98,7467.235934
273.585033,600,7470.617568
370.121512,600,7473.951334
118.100776,167,7474.870035
45.899753,84,7475.346216
252.97418,321,7477.127483
173.849647,241,7484.455225
193.009844,270,7485.91431
36.692253,79,7486.328148
72.045661,102,7486.881906
62.587352,112,7487.491877
23.302704,85,7488.012088
41.250706,87,7488.506705
32.532914,159,7489.371832
97.536856,150,7490.204937
45.939008,84,7490.67855
94.551718,146,7491.509902
96.731391,125,7492.231403
46.165564,95,7492.787517
77.389209,177,7493.7679
16.635536,90,7494.274267
-11.357247,84,7494.740515
75.149494,111,7495.349425
177.55081,279,7502.508725
64.483892,106,7503.049861
65.199338,167,7503.91281
576.788189,600,7507.134245
536.01471,600,7510.3918
36.491764,120,7511.047646
34.790366,88,7511.535791
196.382026,261,7518.689842
36.724409,75,7519.076001
258.158906,326,7520.765437
14.13598,122,7521.400744
519.161114,600,7524.646012
51.61846,88,7525.109605
98.128059,98,7525.656563
23.480715,87,7526.135161
86.798925,128,7526.812618
55.794287,103,7527.407565
563.329217,600,7536.482536
-26.72401,176,7537.393646
170.398183,600,7540.624557
36.250651,77,7541.030538
49.629106,103,7541.577668
47.454793,232,7542.84594
158.807308,229,7544.079536
19.78952,83,7544.558382
568.334503,600,7553.930915
101.969274,135,7554.627337
32.62976,79,7555.065871
114.56257,143,7555.955375
156.494399,248,7557.419476
518.461868,600,7560.623244
249.284008,302,7562.27285
68.795105,128,7562.990764
102.649962,199,7570.264896
48.648423,190,7571.316843
164.159494,207,7572.512213
67.533459,105,7573.147509
120.04345,248,7574.569647
102.428155,121,7575.221554
92.106802,110,7575.791238
71.150582,95,7576.303688
83.865168,118,7576.925124
206.258631,268,7578.497888
65.727,87,7579.011042
83.442424,222,7580.331011
583.931915,600,7589.37893
94.490484,153,7590.174067
65.221481,94,7590.694386
71.637843,74,7591.103071
70.11482,77,7591.565234
63.924108,109,7592.216673
37.066414,86,7592.712179
317.186195,583,7595.821955
157.394188,221,7597.061008
119.062037,182,7604.190308
165.476969,221,7605.356072
131.748252,163,7606.286933
246.851373,324,7608.103593
34.86398,75,7608.497944
50.084669,99,7609.003329
68.44027,92,7609.498819
420.035454,512,7612.268137
70.506248,83,7612.741224
143.563651,175,7613.681032
52.33089,109,7614.248545
161.050111,198,7621.197084
440.40138,503,7624.011778
46.37372,235,7625.255281
141.35291,600,7628.52049
81.17144,112,7629.141577
32.527538,74,7629.531551
78.036498,91,7630.018719
30.821876,80,7630.433322
35.041825,80,7630.850876
104.468309,137,7631.605861
37.117348,84,7632.07056
71.923821,76,7638.503028
27.346471,78,7638.902691
97.621437,181,7639.843771
62.718252,83,7640.287337
115.891978,153,7641.102736
583.094025,600,7644.318154
485.763405,600,7647.537106
216.502754,261,7648.945611
161.919675,600,7658.319205
68.5828,93,7658.784877
37.919114,82,7659.246842
298.483645,369,7661.264787
6.078031,600,7664.479277
78.198617,74,7664.87471
174.549745,203,7665.941677
142.698447,202,7672.745421
161.447372,244,7674.149378
36.095854,218,7675.345931
110.944066,153,7676.22006
59.36744,600,7679.582811
41.868823,87,7680.02416
164.113682,230,7681.275057
6.070239,102,7681.804079
68.960032,109,7682.369761
207.203296,267,7689.903189
61.515175,88,7690.373742
28.363927,128,7691.076289
70.599173,134,7691.750253
49.547437,84,7692.206032
30.400339,99,7692.730446
25.102556,248,7694.035084
6.582596,311,7695.639893
102.902673,142,7696.39946
-3.203228,134,7697.162284
581.155335,600,7706.36442
101.221641,122,7707.031798
-9.862872,181,7708.012481
106.062149,144,7708.786762
74.996384,75,7709.225338
86.006104,191,7710.291464
105.490173,154,7711.185079
63.859701,103,7711.821856
72.14718,600,7715.505671
370.901089,459,7718.013515
577.355944,600,7727.157602
69.924484,99,7727.674162
40.897736,121,7728.316397
141.680092,184,7729.257792
198.743016,287,7730.791188
54.204145,208,7731.841986
45.960712,91,7732.299086
169.654615,236,7733.514793
133.335192,354,7741.418087
40.143286,116,7742.05092
45.99506,81,7742.486413
62.769479,94,7742.997245
50.234396,107,7743.539116
29.246052,88,7744.001265
139.39272,196,7745.032921
81.372857,108,7745.625948
62.197026,107,7746.210519
70.53374,88,7746.684525
65.170738,87,7747.184939
100.871345,138,7747.946921
112.936204,181,7748.922598
90.1238,233,7750.091279
66.590691,83,7750.544516
77.818431,152,7751.34331
75.513085,102,7757.831783
102.585781,121,7758.455292
137.276525,184,7759.435889
552.649615,600,7762.554664
125.247521,177,7763.466316
106.214735,131,7764.177477
154.104452,246,7765.527121
52.208477,109,7766.149894
459.863732,487,7775.200418
133.40554,243,7776.558658
217.745418,320,7778.280147
563.717001,600,7781.714149
105.141389,159,7782.518749
101.542698,149,7783.324975
177.899902,234,7784.59385
79.414369,132,7785.287616
42.459616,117,7785.910873
28.980653,78,7792.282211
67.598918,106,7792.866616
69.171455,98,7793.345335
65.089274,74,7793.723639
214.023766,280,7795.211797
26.52478,100,7795.731725
62.570174,134,7796.425012
179.538748,327,7798.176928
60.595431,95,7798.657578
86.84757,100,7799.198685
72.615794,97,7799.698937
62.855206,94,7800.201844
68.053315,108,7800.774499
30.995723,74,7801.169621
91.968966,142,7801.93194
112.114241,258,7809.054989
5.186514,104,7809.624959
64.593368,93,7810.159782
225.671747,255,7811.635877
12.523957,123,7812.340083
67.009821,92,7812.868197
139.365129,268,7814.269048
74.200819,93,7814.77083
82.490616,191,7815.822421
124.088288,160,7816.765862
35.414848,81,7817.277753
67.6548,85,7817.811394
-16.312212,164,7818.764371
329.139478,411,7826.844882
69.665959,95,7827.400063
87.984095,206,7828.556736
19.554893,600,7831.928458
141.880111,187,7832.911882
21.658161,81,7833.336646
67.993601,107,7833.889096
-2.150501,152,7834.690318
147.634575,196,7835.691765
133.46397,170,7836.573272
186.687528,228,7843.533051
71.634652,100,7844.060321
36.773466,600,7847.430287
363.823832,600,7850.986861
61.068726,92,7851.485217
156.391048,209,7852.560287
117.935456,150,7853.343498
103.819339,600,7862.943129
98.788051,197,7863.952775
78.048592,119,7864.59126
38.064647,93,7865.083503
190.722368,249,7866.404885
93.136095,101,7866.989516
74.438982,143,7867.75871
42.298612,83,7868.21003
11.840353,123,7868.869317
134.113372,166,7869.74162
165.991609,219,7870.956878
169.00228,243,7878.425292
118.861527,184,7879.38076
64.485408,82,7879.805208
64.889897,82,7880.241257
126.080113,243,7881.526853
135.991255,185,7882.490311
21.160144,442,7884.78704
55.712124,118,7885.409832
84.218418,93,7885.891682
66.034783,120,7886.552447
73.800847,69,7886.901802
87.880992,176,7887.841913
51.069995,95,7888.363687
514.66869,600,7897.792899
514.601077,600,7901.101853
69.6772,95,7901.673185
69.747217,85,7902.18461
66.940164,88,7902.760737
269.831946,324,7904.423346
80.403295,108,7905.014844
94.451661,158,7905.880247
5.022262,79,7912.63025
38.940873,74,7913.055885
67.242165,83,7913.523339
74.349269,78,7913.954826
59.74746,104,7914.528764
482.284309,600,7917.781635
242.175265,291,7919.308914
128.664391,194,7920.341048
58.618519,286,7922.076812
94.224893,117,7922.768039
193.413641,232,7930.015719
37.856325,89,7930.51902
118.912128,152,7931.333107
245.12646,302,7933.164378
-19.445933,85,7933.724986
41.790279,135,7934.452295
35.707802,84,7934.916282
177.162808,261,7936.315001
36.10209,90,7936.793353
73.402489,86,7937.252883
60.76506,92,7937.738577
48.039954,81,7938.180678
121.84621,162,7939.054159
151.700305,190,7940.065397
142.282488,188,7941.072902
18.385152,600,7950.171535
158.092817,232,7951.379262
134.937061,250,7952.66494
31.467916,85,7953.125304
231.8807,312,7954.880713
72.42097,141,7955.705505
40.167342,84,7956.202211
69.905025,98,7956.745291
37.227666,77,7957.158648
72.948551,106,7957.7403
151.398864,249,7965.074341
29.595613,121,7965.720076
40.554878,123,7966.412648
34.408728,75,7966.825706
-22.986772,181,7967.860038
107.02774,147,7968.668637
23.737321,87,7969.141808
58.411339,134,7969.908545
123.377951,164,7970.902074
55.807891,91,7971.430732
16.254215,98,7971.918655
294.42757,351,7973.917876
59.437117,134,7974.744404
48.808508,98,7975.283184
38.779177,75,7981.543942
311.223999,379,7983.644024
70.70045,95,7984.136937
36.421583,79,7984.54992
198.474421,250,7985.874118
541.366567,600,7989.392454
69.26472,152,7990.364839
103.9822,164,7991.417011
140.730174,600,8000.756612
72.514769,76,8001.24237
58.595674,94,8001.855398
89.965059,256,8003.522366
49.7588,115,8004.176156
59.20326,74,8004.618651
49.097189,108,8005.235935
112.422545,152,8006.080997
231.899335,250,8007.47939
40.325324,119,8008.167359
53.200349,93,8008.755732
436.035418,600,8018.06239
29.310881,81,8018.563477
172.280543,247,8020.086525
61.440374,92,8020.693263
68.462708,75,8021.241467
34.564064,218,8022.657811
578.394138,600,8026.083531
37.473023,124,8026.784959
118.098432,192,8027.858563
171.588698,225,8029.215358
130.08316,171,8036.5425
43.001912,103,8037.142491
41.009811,76,8037.547428
34.434057,93,8038.07404
105.135864,145,8038.904994
98.583006,126,8039.669124
53.431982,125,8040.428687
78.917779,92,8040.992921
136.400395,199,8042.175794
123.927463,182,8043.198366
12.499509,142,8044.041514
557.965015,600,8047.629413
39.975542,146,8054.340542
77.499323,108,8054.93976
78.212141,178,8055.970348
38.511845,79,8056.465363
293.179048,432,8058.921219
446.052558,509,8061.885086
144.374244,198,8063.02463
76.409423,162,8063.956621
58.802337,108,8064.621874
69.796243,86,8065.131117
560.400741,600,8074.50881
590.864373,600,8077.900253
65.989152,94,8078.453493
71.394841,106,8079.068428
113.721099,157,8079.952255
578.301098,600,8089.445835
53.679905,120,8090.140506
72.01142,114,8090.796169
43.420801,98,8091.379857
80.463494,216,8092.605324
76.911003,208,8093.808524
103.53219,131,8094.621916
12.581396,355,8096.843967
175.150941,227,8098.384658
199.332797,232,8099.810236
201.296889,279,8101.417208
132.685601,166,8108.3348
183.401888,213,8109.714796
85.07026,127,8110.498455
153.879306,197,8111.735042
221.884796,273,8113.415475
119.508123,197,8114.560559
179.383544,224,8115.852905
75.992624,176,8116.863875
155.147756,198,8117.980072
25.053511,125,8118.680279
75.280318,95,8119.228808
37.675994,119,8125.914966
68.150602,99,8126.57974
-12.611881,78,8127.075499
65.581947,90,8127.65995
563.040054,600,8131.488425
81.185929,178,8132.647302
545.873531,600,8136.329864
72.433689,158,8137.286354
55.442484,130,8138.200753
-1.074874,600,8148.146424
74.676888,88,8148.64522
40.521449,101,8149.225314
61.148207,80,8149.663048
40.99541,104,8150.276831
68.698363,124,8150.977774
396.441642,452,8153.654694
111.412684,199,8154.815172
101.429129,120,8155.508478
69.248365,86,8155.988434
40.345431,108,8156.609371
167.462147,196,8163.798076
84.127183,87,8164.363753
354.25654,451,8167.227616
61.533682,87,8167.724326
40.22113,86,8168.21768
63.034536,112,8168.871939
87.428212,129,8169.609966
77.611578,184,8170.667168
133.212471,223,8171.952531
46.111573,82,8172.406987
169.411587,235,8173.721978
70.729388,117,8174.437222
22.542862,74,8174.902009
546.141379,600,8184.257246
136.632985,220,8185.55032
25.207659,81,8186.016735
146.549659,291,8187.613071
152.097587,218,8188.841956
128.088091,165,8189.803518
111.879754,163,8190.726463
110.392239,161,8191.608546
499.108798,600,8200.953719
64.378348,87,8201.456868
42.010817,103,8202.041957
72.84785,131,8202.78566
68.656824,110,8203.438496
535.306563,600,8206.97319
190.903763,333,8208.890244
24.819474,77,8209.324433
73.83618,105,8209.944525
124.419616,207,8217.107442
153.671461,209,8218.312454
212.932116,337,8220.226876
69.354027,116,8220.888838
59.540269,118,8221.579313
58.729623,108,8222.191768
131.737878,227,8223.465403
176.452933,277,8225.141359
56.172527,103,8225.731416
58.502315,100,8226.301819
41.920214,96,8226.821035
99.174204,196,8227.962669
48.546871,86,8234.420548
72.468743,130,8235.203564
115.073242,283,8236.989311
114.966859,138,8237.776828
554.08229,600,8241.374953
71.941234,78,8241.888659
60.93169,102,8242.573512
37.053888,130,8243.413219
53.101086,72,8243.931639
61.964943,78,8244.475286
49.024757,285,8246.148853
12.382847,151,8252.916534
146.367001,233,8254.364097
63.346459,77,8254.810487
138.272403,193,8255.934772
78.586947,123,8256.672606
34.955647,113,8257.289793
135.081696,153,8258.137643
78.349743,91,8258.63243
78.216555,121,8259.300743
73.465975,90,8259.81479
594.284421,600,8263.216838
65.601869,81,8263.694532
129.067824,328,8271.210267
145.656645,207,8272.379711
85.541512,109,8273.028849
119.789047,183,8274.154229
185.918254,234,8275.565518
66.71008,98,8276.152627
564.68427,600,8279.740741
138.973442,202,8280.897435
42.355594,234,8287.702952
55.430824,105,8288.324864
89.135335,194,8289.423914
114.943445,183,8290.555093
1.071622,130,8291.301249
129.302811,215,8292.596482
83.619271,155,8293.509735
226.238533,307,8295.247523
130.870772,174,8296.232496
513.260584,600,8306.055871
60.795879,99,8306.637151
43.23055,251,8308.100428
80.21025,139,8308.919053
74.408929,80,8309.370223
547.764989,600,8312.80428
32.078732,173,8313.869184
78.714262,145,8314.831083
25.94113,80,8315.357662
48.12844,102,8316.071518
38.916965,130,8316.846708
529.313565,600,8326.417904
283.142099,326,8328.30121
93.697527,140,8329.115996
185.350675,250,8330.583868
69.970999,103,8331.161733
244.059219,600,8334.690307
95.722898,210,8335.914724
394.715671,586,8345.523141
120.612775,206,8346.724187
70.209421,81,8347.183099
80.273698,79,8347.64862
63.481243,92,8348.184625
34.889343,89,8348.686221
111.910875,199,8349.867437
64.51274,101,8350.456953
64.462892,110,8351.056125
188.937323,247,8352.456594
208.234925,247,8353.899211
107.703214,218,8361.111618
247.724419,313,8362.923543
73.882848,137,8363.716778
53.764852,91,8364.239917
39.015125,85,8364.750948
312.149221,385,8367.120547
144.924931,214,8368.28504
11.303695,80,8368.739616
119.397833,177,8369.734849
13.522818,88,8370.242196
73.325226,93,8370.795229
552.101539,600,8380.441973
53.419088,93,8381.039805
99.555285,195,8382.319598
45.679488,141,8383.206072
93.338512,119,8383.945112
33.323206,182,8385.051141
226.044227,279,8386.883412
68.682313,70,8387.350925
141.160786,273,8389.02821
170.740393,201,8390.246576
129.086404,202,8397.430035
142.251834,600,8401.018505
126.855573,600,8404.529306
108.429294,166,8405.524739
18.346873,110,8406.155469
42.450761,93,8406.696103
165.635535,237,8408.045902
584.049799,600,8417.039672
99.850119,156,8417.923806
59.974634,84,8418.393537
107.143092,140,8419.180043
54.791607,115,8419.823325
90.349724,128,8420.568196
27.631769,79,8420.996999
73.307995,79,8421.448367
107.239745,162,8422.366523
103.298838,171,8423.366628
76.5761,180,8424.44009
163.314325,188,8425.576047
233.611656,281,8433.239362
46.455626,96,8433.807615
7.348883,74,8434.236288
70.499217,84,8434.756229
40.365801,95,8435.299248
135.704438,183,8436.3105
79.772598,100,8436.883558
65.247108,92,8437.40548
189.5584,295,8439.107655
121.690579,224,8440.397387
138.021048,142,8441.208812
34.636599,83,8441.740478
102.800111,189,8442.777017
81.442321,138,8443.568446
158.555165,188,8450.882529
80.571729,134,8451.691842
79.568655,86,8452.21191
94.530361,154,8453.178222
43.488962,90,8453.787146
51.614651,447,8456.53932
48.473442,113,8457.223345
49.57379,113,8457.892383
20.862701,107,8458.479742
118.827479,159,8459.364865
72.189005,94,8459.908962
95.489023,600,8469.744068
38.958848,96,8470.26297
54.056942,84,8470.774587
34.881158,93,8471.326735
179.080859,243,8472.711344
66.661203,78,8473.159439
13.452872,172,8474.140219
114.500761,146,8474.9707
47.426465,101,8475.545658
86.949212,95,8476.097211
236.041068,284,8477.679404
64.302472,236,8479.029406
111.507157,139,8479.835362
137.590265,206,8487.103463
93.604976,117,8487.81246
50.650503,92,8488.319264
117.476078,161,8489.283962
123.074996,172,8490.303724
97.383969,118,8490.974705
74.542674,96,8491.534002
75.454853,116,8492.171199
155.961311,202,8493.320342
66.995423,81,8493.773466
145.955003,223,8495.043729
113.287857,145,8495.87597
147.644747,184,8496.925595
68.104698,97,8497.48672
159.910463,186,8504.669507
60.664162,69,8505.074893
86.260383,119,8505.784242
75.149305,103,8506.392778
550.572935,600,8509.729999
175.870529,253,8511.213877
134.738588,219,8512.443231
353.556788,600,8516.003786
80.562452,141,8523.044001
57.118432,85,8523.546557
92.614595,152,8524.476204
74.493088,104,8525.091762
64.955818,90,8525.63327
38.464416,103,8526.293076
67.394818,80,8526.780476
46.199093,96,8527.425796
188.663535,310,8529.459248
30.841214,83,8529.91821
69.940667,129,8530.709402
46.393437,99,8531.331353
115.655486,167,8532.376924
43.760429,87,8532.867145
70.663899,106,8533.468933
173.586114,230,8534.762839
145.612461,192,8541.9436
103.422832,242,8543.517692
244.713137,338,8545.806129
75.528918,104,8546.389268
135.7211,600,8549.885643
455.893686,600,8553.388777
65.705708,94,8559.701423
157.213327,222,8560.946602
119.207177,147,8561.760216
38.81667,79,8562.21064
66.442024,107,8562.800193
99.726385,161,8563.714861
155.745248,244,8565.187753
181.723842,209,8566.487064
34.685165,76,8566.913052
39.860375,89,8567.440365
179.74321,312,8569.24724
411.780363,473,8577.890368
30.504258,88,8578.396442
108.354371,139,8579.19388
89.644561,109,8579.817945
57.970563,105,8580.432105
88.652448,141,8581.255933
107.995462,600,8584.721234
68.290409,86,8585.200022
21.938454,81,8585.675828
63.99527,128,8586.388392
143.313324,174,8587.349444
77.426612,126,8588.062193
205.45313,282,8595.701982
66.809705,75,8596.236976
32.566826,97,8596.865534
102.550673,130,8597.644167
0.49049,76,8598.121065
210.219408,296,8600.056855
569.516811,600,8603.521517
78.281477,127,8604.239068
422.814161,490,8607.127171
44.137789,95,8613.654846
459.310851,600,8617.028681
57.967037,135,8617.799863
159.908836,239,8619.284113
175.431914,205,8620.560851
37.205306,152,8621.488354
180.152784,361,8623.610474
63.329281,84,8624.083318
552.108306,600,8633.692126
358.751005,556,8636.916359
131.375714,203,8638.220707
136.425093,194,8639.500241
63.186242,78,8640.016434
64.541078,115,8640.710321
30.907806,72,8641.113847
45.53373,85,8641.593066
96.576962,150,8642.482474
50.660206,76,8642.905207
132.37223,225,8650.239229
34.103028,86,8650.850145
196.419184,232,8652.459638
60.471028,187,8653.63329
81.550499,175,8654.670666
110.783182,258,8656.21215
15.235434,155,8657.210008
53.62384,143,8658.119426
72.671776,88,8658.671654
71.673724,75,8659.099832
104.913101,226,8660.396979
32.176927,86,8660.88525
62.753318,108,8661.506617
131.373053,156,8668.30998
36.231466,84,8668.836061
68.622526,78,8669.328329
163.746816,252,8670.827063
46.497745,111,8671.477912
133.807797,198,8672.615277
53.849646,90,8673.151229
576.894257,600,8676.765776
34.46425,104,8677.393307
78.190246,107,8677.952399
77.238114,132,8678.713848
134.548773,263,8686.276079
577.241059,600,8689.756082
37.52783,84,8690.255129
130.933241,166,8691.171371
287.843909,600,8694.661667
167.827382,228,8696.130136
36.306809,80,8696.611289
55.274605,138,8697.391623
116.221049,158,8704.300345
117.047854,237,8705.679121
65.068524,122,8706.384764
93.339513,133,8707.137213
57.541927,179,8708.142393
399.106688,600,8711.736427
87.958874,142,8712.549886
95.256475,120,8713.238971
39.385307,83,8713.741835
68.601392,128,8714.555018
75.442634,89,8715.116002
160.940364,206,8722.435079
567.539228,600,8725.856488
69.382341,73,8726.328987
59.54253,98,8726.933202
64.373027,124,8727.699486
153.444926,222,8729.000295
34.643635,76,8729.449661
552.517691,600,8732.834619
172.540409,326,8740.374423
25.529785,74,8740.803179
94.57784,168,8741.756843
60.830375,96,8742.347342
78.975748,101,8742.925392
76.561516,99,8743.513311
21.084695,75,8743.968598
589.612165,600,8747.87945
82.138955,153,8748.813817
154.084132,189,8749.889138
64.286801,92,8750.457982
70.707561,107,8751.086047
42.382957,90,8751.587602
16.336799,136,8758.182611
52.706155,68,8758.577487
107.135964,145,8759.421934
108.030826,141,8760.269731
70.558658,92,8760.800185
243.588989,311,8762.859786
137.030943,193,8764.207998
77.058658,158,8765.199042
78.953026,101,8765.808104
140.142727,199,8766.992817
21.717907,84,8767.497735
106.474464,157,8768.383801
74.728821,134,8769.125532
174.682752,231,8770.405391
65.84071,101,8776.94009
55.445102,147,8777.809291
564.002523,600,8781.243203
77.360523,104,8781.872686
554.025073,600,8785.349469
95.979289,152,8786.302497
61.006086,127,8787.148387
329.870656,410,8795.799358
63.789998,74,8796.212692
60.472047,99,8796.757323
246.402299,326,8798.581251
156.608899,444,8801.348962
35.600479,73,8801.805251
67.175815,80,8802.270627
74.519924,107,8802.893564
62.684862,107,8803.594594
117.703863,186,8804.834416
115.384864,153,8805.791817
70.161292,84,8806.270459
41.076198,80,8806.752252
162.16528,600,8815.903271
37.752885,261,8817.457147
270.292459,600,8820.871429
83.329424,183,8821.92758
66.34516,117,8822.603926
243.692858,361,8830.782953
529.43387,600,8834.47984
40.427097,118,8835.169179
62.862713,187,8836.259291
206.586986,252,8837.719573
31.835258,99,8838.309468
32.722121,77,8838.731297
155.174876,190,8839.828297
253.119395,269,8841.486467
71.046644,87,8842.101481
462.703779,600,8851.932191
51.769636,122,8852.651842
64.788752,99,8853.221576
53.675287,103,8853.836164
57.703051,71,8854.231491
111.740644,208,8855.446314
288.042807,342,8857.403129
96.093784,126,8858.141044
58.781192,148,8859.07517
35.866814,81,8859.54668
77.187983,84,8860.018663
56.637529,136,8860.798737
124.485719,148,8867.52865
115.306167,311,8869.411427
60.774749,92,8869.952133
75.639316,193,8871.017608
293.241122,368,8873.243533
61.916278,101,8873.898709
121.13656,202,8875.045858
74.320479,101,8875.653724
110.047844,126,8876.359965
94.302806,266,8877.905821
78.347515,116,8878.586643
86.088039,107,8879.20661
67.0207,135,8885.941309
37.09479,73,8886.398194
61.567896,80,8886.875758
143.82414,217,8888.206175
65.403399,88,8888.71672
29.732714,128,8889.437217
167.91757,217,8890.719275
168.678746,275,8892.454378
125.986808,154,8893.384234
42.091166,93,8893.944116
70.876991,184,8895.035301
50.221323,73,8895.465718
116.135675,164,8896.443616
107.483625,161,8897.541647
74.515185,97,8904.184253
74.569423,84,8904.732499
4.640823,75,8905.200619
504.447461,600,8908.711604
103.818176,273,8910.230655
384.054076,600,8913.741115
67.733973,101,8914.308625
148.686679,208,8915.501809
91.819985,159,8922.46759
78.994996,98,8923.039366
27.320264,77,8923.504786
160.776632,225,8924.783491
137.084932,168,8925.744995
37.579348,82,8926.204401
80.930833,144,8927.009428
139.077414,225,8928.378222
206.622908,233,8929.864761
118.056869,166,8930.805642
116.844237,157,8931.666488
18.535773,94,8932.206748
116.190726,169,8933.147131
179.591419,231,8940.488234
114.654662,174,8941.574665
491.825806,600,8945.125358
50.014429,127,8945.82016
42.026138,97,8946.372135
228.937757,298,8948.060251
189.886345,240,8949.409221
97.662864,97,8949.944195
56.824013,81,8950.410464
133.130801,187,8957.583623
5.336181,89,8958.113483
65.569584,102,8958.698661
85.525362,148,8959.543614
39.402009,88,8960.013628
-9.087497,171,8960.97835
54.623224,163,8961.926158
125.755896,191,8963.154618
59.004384,109,8963.818966
537.068844,600,8967.290369
130.393276,164,8968.219443
37.688428,90,8968.729044
32.194203,99,8969.322032
46.501262,77,8975.84513
184.336932,231,8977.13865
72.904932,108,8977.757509
91.205636,188,8978.896521
55.862553,103,8979.472181
282.675176,600,8982.826843
124.408794,189,8983.878746
26.535103,81,8984.331401
72.654255,79,8984.793986
42.231861,106,8985.413877
81.484894,149,8986.344028
77.764628,96,8986.912902
67.215323,194,8994.09599
44.178206,600,8997.70092
86.280966,105,8998.338941
445.792833,560,9001.691486
42.342562,89,9002.248761
79.0805,143,9003.179367
150.461151,284,9004.797684
559.760073,600,9014.78067
13.976751,100,9015.391652
43.217666,90,9015.916106
72.498244,90,9016.536502
72.685894,126,9017.413145
109.824345,139,9018.321904
41.055688,87,9018.854199
71.649268,177,9019.822537
36.28389,94,9020.378214
60.887049,69,9020.796279
230.352279,403,9023.254213
76.354764,93,9023.778814
33.016954,82,9024.265633
84.940657,149,9030.891388
38.991711,78,9031.354286
76.87091,103,9031.959253
65.022387,108,9032.575917
64.68707,95,9033.123467
86.681294,113,9033.773464
43.605883,101,9034.328158
33.278846,75,9034.759046
61.551106,156,9035.718843
65.77859,190,9036.832942
447.255056,600,9040.487572
35.44382,75,9040.95936
-5.122263,80,9041.467663
546.776634,600,9051.351941
52.120843,124,9052.162843
167.61161,197,9053.435797
490.194042,600,9056.920619
60.592112,75,9057.422138
211.805646,263,9059.081414
64.746443,141,9059.920907
144.818767,186,9061.015151
34.907313,170,9067.96152
116.835554,241,9069.396369
138.445643,165,9070.363601
58.548889,281,9071.928908
184.558077,241,9073.301619
138.650826,197,9074.44973
45.07596,600,9077.857214
88.799662,121,9078.55111
70.70934,104,9085.126073
166.413485,243,9086.529992
138.135427,174,9087.531117
60.400248,97,9088.051402
39.159104,74,9088.468466
29.601555,79,9088.910497
473.257979,600,9092.416648
68.640869,76,9092.936073
125.138844,155,9093.939979
62.561699,153,9094.89315
185.424039,243,9096.452969
133.650444,200,9103.669045
54.39121,105,9104.302563
92.654564,122,9105.031894
56.030711,71,9105.483213
46.903966,90,9106.01312
404.81197,464,9108.856018
59.913098,109,9109.47973
42.794182,101,9110.084872
103.197515,168,9111.040238
184.172234,228,9112.385133
559.8833,600,9122.180747
447.525342,600,9125.654061
94.964287,183,9126.691602
316.502522,600,9130.206789
198.178124,237,9131.611189
99.684406,130,9132.413141
75.313399,119,9133.122452
93.42869,104,9139.99986
66.611408,115,9140.708752
177.028726,247,9142.206466
406.425679,562,9145.477546
64.9801,88,9146.040151
78.167265,106,9146.733871
134.660581,184,9148.009677
144.318401,600,9151.51885
141.758639,182,9158.7512
31.580446,78,9159.243533
81.450642,104,9159.909616
36.121855,84,9160.411271
55.599287,95,9161.001614
26.830956,73,9161.475405
93.414055,108,9162.139228
67.022505,75,9162.622917
68.598936,68,9163.030484
151.577913,228,9164.490371
37.247786,92,9165.126014
78.327701,127,9165.981266
289.539523,323,9167.912137
169.210862,600,9177.800619
19.624192,374,9180.211488
70.260294,111,9180.93537
120.606812,157,9181.9306
172.305873,281,9183.555349
51.850989,110,9184.183061
67.039608,117,9184.851648
63.979867,81,9185.316558
572.148747,600,9188.729025
493.849566,548,9197.824564
69.671206,102,9198.431174
63.78638,90,9199.006967
121.713547,151,9200.047908
66.238266,83,9200.661094
49.264234,82,9201.214991
166.658941,600,9204.753103
504.047063,600,9214.228955
239.409701,283,9215.844427
154.968683,190,9216.920195
116.657078,161,9217.839138
68.640455,121,9218.535159
213.069458,260,9220.018801
118.984003,159,9220.91986
26.082078,93,9221.468179
122.084635,153,9222.451381
133.758703,231,9223.904716
39.310033,88,9224.434949
43.301415,81,9224.926495
92.158329,111,9225.530435
76.142758,87,9232.137979
61.171962,97,9232.714399
72.410402,93,9233.291334
33.462157,97,9233.864624
61.853259,128,9234.626715
27.865647,98,9235.183796
79.539656,84,9235.666129
123.509613,176,9236.687829
67.105605,125,9237.402607
155.618709,187,9238.45651
65.238816,150,9239.286386
51.903656,144,9240.104233
100.101257,107,9240.719171
591.639374,600,9250.306531
21.447732,112,9250.973932
39.31168,76,9251.417063
154.316932,235,9252.764941
30.67232,89,9253.292213
69.843701,103,9253.865267
175.815378,244,9255.244347
75.338509,78,9255.693684
64.815614,92,9256.225262
55.090586,144,9257.049425
236.568089,299,9258.812754
70.210313,74,9259.240133
94.810385,143,9260.110224
69.606098,106,9260.717576
104.822557,280,9268.52703
34.888459,285,9270.153517
41.41938,121,9270.816711
135.578044,178,9271.804907
59.944315,158,9272.688718
62.918304,135,9273.450423
87.714796,122,9274.2921
136.09479,600,9278.270662
63.474149,79,9278.785164
63.931005,80,9279.309629
193.967712,287,9287.150271
552.49173,600,9291.005845
21.525352,115,9291.673983
50.676086,91,9292.222274
87.889982,234,9293.589058
129.408962,209,9294.829646
87.67709,116,9295.522183
30.763019,77,9295.971094
506.402771,600,9305.498747
62.429509,118,9306.22245
44.611665,77,9306.666889
66.522353,84,9307.165873
121.8959,141,9308.020891
92.338998,126,9308.770358
65.787492,182,9309.778902
47.0088,97,9310.33701
157.313794,200,9311.493908
61.388886,116,9312.20463
51.727359,158,9313.141102
51.606688,130,9313.940345
132.365259,180,9314.979798
77.778803,105,9315.615421
62.534315,104,9316.237209
123.447786,229,9323.691165
34.547853,149,9324.592309
41.287696,81,9325.063563
37.830269,75,9325.496626
51.318378,96,9326.053633
65.012682,124,9326.959285
84.509519,84,9327.549866
33.550068,98,9328.249371
47.970976,97,9328.924948
78.690188,105,9329.528491
43.156534,85,9330.006031
72.07274,86,9330.508392
69.464182,105,9331.232168
84.096919,87,9331.80325
68.789481,78,9332.318866
476.444899,571,9335.693476
475.733871,570,9345.106837
37.079887,88,9345.673583
497.168513,600,9349.440796
69.68506,82,9349.925824
32.516044,105,9350.524619
91.078929,140,9351.324476
61.00326,76,9351.760242
70.315501,118,9352.431234
155.920566,267,9353.953681
70.047291,94,9360.859929
455.63958,600,9364.328099
76.124314,84,9364.800508
73.682399,99,9365.359661
74.634712,74,9365.787049
104.685761,146,9366.665936
57.784569,129,9367.425552
575.252162,600,9370.809545
472.630594,580,9380.673917
109.32131,165,9381.646665
150.918891,174,9382.726153
68.603297,86,9383.283957
41.616085,86,9383.836478
39.286502,72,9384.306358
74.285374,172,9385.353225
137.547003,169,9386.359248
540.528447,600,9389.849718
25.492265,83,9390.356448
106.507691,152,9397.227812
153.387363,195,9398.336948
81.926161,133,9399.130808
69.308762,75,9399.569941
43.643132,125,9400.304466
50.228786,116,9401.013204
71.187024,80,9401.476348
535.276404,600,9405.052002
62.69836,107,9405.689364
136.235317,204,9406.968349
53.894922,107,9407.667277
146.086993,600,9417.713693
246.75375,280,9419.461988
30.648167,71,9419.840899
221.832776,255,9421.339411
61.311396,100,9421.926254
34.371833,82,9422.430617
60.507917,128,9423.189418
46.207997,162,9424.243465
79.427345,134,9425.077808
149.708643,180,9426.127002
143.347961,600,9435.695091
28.350627,96,9436.293469
38.231869,99,9436.91031
63.019048,90,9437.503988
15.871421,90,9438.0542
50.581954,131,9438.952819
42.265457,105,9439.702422
69.421513,99,9440.345028
56.775752,138,9441.203344
121.412718,179,9442.215569
34.774511,135,9442.984151
43.66543,140,9443.832812
80.523041,217,9445.173032
44.380227,82,9445.666775
102.906892,184,9452.954468
32.471422,86,9453.564139
64.198234,109,9454.268958
102.338334,172,9455.325578
230.1953,292,9457.117281
36.718297,96,9457.769064
66.663321,78,9458.334131
55.051,83,9458.910925
64.879756,94,9459.511732
84.744127,179,9460.641849
119.818449,600,9464.501185
35.139139,89,9465.006842
135.282812,144,9465.883181
67.462337,81,9472.228006
37.438749,180,9473.33695
145.235925,274,9474.962678
106.367839,175,9476.030339
38.334848,83,9476.508261
89.887982,90,9477.037037
422.54311,600,9480.492862
78.924517,92,9481.025671
108.245336,149,9481.982666
54.660967,77,9482.481266
100.950979,140,9483.381724
116.002035,283,9491.110131
60.192455,106,9491.77241
135.739933,228,9493.132636
85.903881,125,9493.83637
84.928855,94,9494.40516
117.371582,167,9495.418135
43.293681,145,9496.332407
82.07111,127,9497.082467
75.227589,88,9497.573352
109.798184,184,9498.66051
71.618182,196,9499.825898
108.72168,600,9509.691415
35.384079,75,9510.144653
130.135406,156,9511.139852
246.73938,328,9513.234269
28.794477,76,9513.668441
57.194457,101,9514.26664
54.605699,101,9514.865345
77.756555,105,9515.46596
63.352631,81,9515.972654
67.121193,103,9516.567904
142.50306,166,9517.565967
62.890909,600,9527.059273
524.717491,600,9530.49413
109.330442,143,9531.364499
233.349621,320,9533.305962
136.466015,191,9534.445467
220.149383,284,9536.042241
61.857541,264,9537.611029
112.061948,135,9538.386509
160.900228,181,9545.627556
139.205288,173,9546.756787
60.964567,73,9547.261897
58.715214,75,9547.774161
71.299743,75,9548.249404
52.846623,148,9549.099415
68.777167,115,9549.754757
150.080952,600,9553.285978
54.540238,119,9553.981217
47.249966,110,9554.652341
85.024424,152,9555.738733
60.494776,93,9556.398332
-7.297009,80,9556.961109
33.707307,104,9557.637126
57.321633,600,9567.474524
146.203894,178,9568.491763
66.097331,99,9569.049553
122.158102,150,9569.876915
261.155523,296,9571.823355
141.328292,191,9573.151494
55.625918,135,9573.908054
52.351459,121,9574.607016
63.444661,208,9575.933344
78.714069,94,9576.578788
12.637379,77,9583.158632
150.201352,178,9584.26502
14.143996,98,9584.904958
514.871662,600,9588.434406
59.294066,70,9588.86796
67.144913,93,9589.422891
568.535513,600,9593.039949
554.807158,600,9602.528615
49.768229,166,9603.473383
65.583182,79,9603.983711
105.943278,220,9605.465066
37.058309,94,9606.130715
25.366059,80,9606.618887
35.080173,126,9607.433575
36.252101,99,9608.093081
175.901801,227,9609.46815
58.995133,106,9610.101507
500.492117,600,9613.752857
58.353396,112,9620.202781
62.815009,99,9620.78412
80.297571,105,9621.381979
64.502759,171,9622.354001
26.637279,77,9622.783267
58.523342,98,9623.377006
115.704096,181,9624.438337
30.787232,80,9624.878814
236.1573,272,9626.348986
66.599772,92,9626.882376
171.435512,220,9628.193924
196.136234,243,9629.684393
138.569605,199,9630.93351
63.265353,113,9637.562881
58.019234,97,9638.223016
63.75377,76,9638.753172
65.227195,80,9639.316072
434.515321,600,9642.884357
88.136346,162,9643.809372
28.950817,85,9644.313252
35.177772,600,9648.291571
79.18398,192,9649.363031
74.736201,98,9649.928897
66.849024,74,9656.536592
133.770034,192,9657.717331
69.011173,115,9658.405846
92.858154,157,9659.332167
50.451834,101,9659.919612
47.631777,87,9660.421657
84.774413,75,9660.849863
351.205732,600,9664.259857
48.162222,128,9664.990391
27.707229,96,9665.529615
57.840445,98,9666.092409
193.105088,532,9675.014839
53.214771,103,9675.626252
36.66344,134,9676.416269
137.737591,215,9677.731222
71.221009,75,9678.208653
51.743624,101,9678.908187
45.707612,89,9679.481672
563.335269,600,9682.976175
169.868783,234,9684.363498
400.100055,466,9692.903188
512.798348,600,9696.738661
99.611955,126,9697.55464
227.329322,307,9699.386796
125.848598,156,9700.346013
84.824745,169,9701.415045
129.419475,192,9702.613212
37.355466,173,9703.659656
61.703818,82,9704.123903
79.709729,104,9704.703392
62.525444,99,9711.204523
37.927433,95,9711.808954
-6.939715,100,9712.494288
64.508085,97,9713.128086
61.967856,89,9713.689967
152.737969,314,9715.539071
100.70581,238,9716.909477
65.853487,108,9717.583704
85.58122,189,9718.766664
122.278714,175,9719.81933
453.754032,600,9729.854088
141.096817,178,9731.003011
111.82394,242,9732.5128
121.8966,189,9733.821491
90.051622,116,9734.537843
103.192419,141,9735.332901
434.005305,494,9738.127666
78.813668,112,9738.800802
18.367536,80,9739.252483
86.941593,103,9739.815098
120.053392,161,9740.784629
132.415481,183,9741.827147
545.375429,600,9751.260103
85.007683,92,9751.778235
103.731774,341,9753.750887
49.434903,152,9754.597495
71.754665,278,9756.216016
68.872074,115,9756.868318
77.444628,103,9757.470644
48.062587,112,9758.093469
27.744881,74,9758.542086
77.46006,78,9758.981237
118.078611,180,9766.055391
162.537894,254,9767.585609
45.188134,102,9768.178927
350.107625,396,9770.565881
28.078696,78,9771.076352
39.479994,78,9771.554811
53.903558,130,9772.306598
41.183395,170,9773.3333
163.572093,191,9774.567097
76.250944,81,9775.144076
71.641992,113,9775.901836
128.294758,166,9776.842693
33.963928,83,9777.307959
70.700707,82,9777.784028
272.356396,348,9785.702814
160.737801,212,9786.976505
28.566324,91,9787.486964
126.903051,164,9788.395313
131.005273,148,9789.250583
69.969172,70,9789.669722
67.814087,93,9790.192854
57.638941,126,9790.938316
158.925945,211,9792.173497
54.265301,84,9792.636584
64.457162,90,9793.149064
37.949154,78,9793.590188
482.274893,600,9803.315275
155.066951,198,9804.521285
120.022158,171,9805.5761
33.954926,78,9806.066316
58.441686,137,9806.923403
62.885424,94,9807.46277
171.379578,220,9808.803778
89.665363,118,9809.607024
209.626348,241,9811.139106
173.060234,218,9812.392512
82.900601,191,9813.514549
25.756154,76,9813.945725
46.553669,84,9814.436232
74.809675,115,9820.963722
127.724701,163,9821.958003
76.356461,93,9822.545414
74.936547,94,9823.134975
96.518394,125,9823.930796
134.996503,194,9825.014823
22.098524,74,9825.460249
98.307264,123,9826.185328
113.633124,153,9827.146127
65.433682,92,9827.723961
571.335005,600,9831.227329
572.107578,600,9840.500712
38.525874,76,9841.028388
59.723193,75,9841.524168
22.351466,133,9842.45013
116.767011,181,9843.517244
388.555129,600,9846.893564
15.858474,110,9847.540692
48.731774,187,9848.606052
72.993193,90,9849.127693
61.907088,119,9849.794158
60.302433,92,9850.316128
65.785708,178,9857.545533
128.671658,170,9858.538762
56.200073,128,9859.276662
37.5933,110,9859.921576
53.856614,98,9860.480004
138.644262,210,9861.75421
100.539417,181,9862.863765
64.769283,90,9863.456194
45.218014,184,9864.519852
65.690459,91,9865.038683
58.209265,108,9865.673367
431.526307,477,9868.624573
65.50878,73,9874.89109
124.264699,201,9876.207953
41.082972,83,9876.735586
170.040662,229,9878.213831
507.747787,600,9881.743327
50.617946,82,9882.233981
114.818142,157,9883.147555
41.13609,189,9884.220372
78.480402,108,9884.824902
57.934552,94,9885.345267
126.312815,138,9886.248765
69.08758,157,9893.047004
170.564819,221,9894.426115
179.164884,215,9895.658685
58.904779,135,9896.457831
94.357678,279,9898.056984
70.835144,90,9898.566385
-13.007245,144,9899.367992
66.88267,99,9899.931811
172.286308,238,9901.396102
65.510003,156,9902.314362
59.244241,76,9902.741293
57.853312,88,9903.241443
64.16474,95,9903.790738
61.993423,362,9911.980407
45.655667,115,9912.750599
60.870361,133,9913.573513
136.451369,179,9914.717089
36.291249,132,9915.521998
104.739794,156,9916.446907
32.885152,78,9916.897673
202.854336,303,9918.654794
108.511326,180,9919.682067
136.984977,173,9920.696209
112.388901,249,9922.203909
67.322929,78,9922.647956
109.617823,600,9932.504518
80.273545,74,9932.958051
62.004541,148,9933.936071
106.522192,134,9934.760057
70.33275,102,9935.336577
144.849792,221,9936.633813
231.448439,301,9938.317963
86.526292,600,9948.488734
76.351014,114,9949.182742
127.464445,600,9952.959164
42.930693,600,9956.772354
50.781043,107,9957.370391
67.211441,69,9957.771415
40.753745,94,9958.320871
62.668272,106,9958.960043
146.145327,169,9960.073743
32.808642,76,9960.557155
71.899401,103,9967.413794
35.155295,75,9967.864509
41.958038,76,9968.307004
60.86897,106,9968.931142
16.990822,170,9969.93536
51.75732,88,9970.472647
95.799227,136,9971.254
39.062126,74,9971.712521
54.073156,111,9972.348889
95.330254,189,9973.43635
72.642766,129,9974.184342
110.022026,142,9974.965049
205.640216,293,9976.656744
75.216411,93,9977.17215
553.896023,600,9986.691617
313.033473,600,9990.183983
133.169726,198,9991.447922
14.479926,115,9992.235006
32.638226,109,9993.007872
199.820027,242,9994.459068
92.69517,140,9995.305516
179.664723,247,9996.82557
92.304027,161,10003.837563
35.733033,73,10004.274167
74.038434,213,10005.529139
49.919405,65,10005.922497
24.039472,74,10006.350847
150.824113,184,10007.467237
81.41422,109,10008.136011
32.004399,77,10008.596441
78.663118,110,10009.273669
56.45475,92,10009.833271
138.536002,197,10010.950103
65.034812,88,10011.468692
169.7254,209,10012.67941
70.109837,76,10013.119383
152.949402,193,10014.203252
40.39647,84,10014.686228
554.315765,600,10024.141389
107.824691,133,10024.932064
38.898961,100,10025.551897
42.868969,80,10026.042622
487.19747,600,10029.853703
47.326105,90,10030.365906
79.264812,600,10033.822541
176.414277,242,10041.408406
81.140343,80,10041.880233
588.616456,600,10045.66069
69.438837,193,10046.860572
32.282765,94,10047.403104
64.838959,103,10048.028663
47.204238,85,10048.522738
31.800117,99,10049.116619
67.323276,77,10049.629284
36.534732,80,10050.14948
101.647303,190,10051.426411
34.721148,74,10051.880229
135.639145,149,10052.739535
95.539047,111,10059.361443
58.11423,93,10059.934067
28.917463,80,10060.456385
92.878074,104,10061.1138
528.561446,600,10064.798478
9.245241,108,10065.492593
100.710042,162,10066.490676
30.321591,91,10067.061551
187.045964,600,10070.935646
56.952455,150,10077.911823
29.161776,80,10078.423525
38.673254,97,10079.04103
69.711663,101,10079.713767
113.63548,411,10082.254269
70.959802,69,10082.741899
97.8264,169,10083.991302
78.253046,218,10085.366595
19.83263,107,10085.961995
5.944132,85,10086.528975
39.051968,84,10087.07597
216.663938,266,10088.857724
65.339709,149,10089.755525
152.372066,198,10097.265139
176.136547,600,10100.937037
40.458616,74,10101.415681
155.0906,175,10102.422043
189.566185,266,10103.968773
38.579111,87,10104.52256
47.696168,116,10105.2436
88.63026,142,10106.096879
101.369274,170,10107.116705
107.752719,122,10107.791468
63.515451,90,10108.283429
76.607134,115,10108.912264
120.034127,600,10118.430451
39.197845,72,10118.861751
148.208877,231,10120.165691
565.892113,600,10123.876827
64.167227,103,10124.488799
33.940878,86,10124.959812
37.456329,77,10125.386194
510.305234,600,10134.659681
63.546297,104,10135.333363
59.637132,92,10135.893573
25.825602,93,10136.51869
67.527622,86,10137.047606
71.551592,94,10137.625537
143.710453,173,10138.61684
76.148835,115,10139.305705
72.304954,82,10139.756383
278.686515,485,10142.582559
33.628574,89,10143.141731
66.264316,87,10143.735723
514.475825,600,10153.406654
82.211772,93,10153.942928
41.233568,88,10154.482652
503.824946,600,10158.178891
63.625851,80,10158.739588
86.949659,121,10159.51095
98.10092,220,10160.858526
55.638097,79,10161.342136
465.793625,600,10171.260633
148.08955,213,10172.509118
69.644624,88,10173.017686
157.078998,208,10174.236131
303.761984,387,10176.427011
55.7767,155,10177.311898
131.976491,157,10178.197369
44.503354,600,10181.8543
176.36063,232,10189.138903
160.652114,206,10190.384133
31.716565,83,10190.849203
4.904749,92,10191.366343
138.473353,146,10192.236166
59.87097,168,10193.259352
73.006457,78,10193.724676
131.367831,285,10195.441964
62.965327,181,10196.661486
57.423063,117,10197.440226
14.287476,95,10198.008988
74.14498,81,10198.48523
81.08934,82,10198.971357
49.799122,109,10199.619393
77.241581,98,10200.202939
58.076119,259,10207.750584
64.151571,178,10208.776477
128.426544,197,10209.920436
34.4357,74,10210.334607
62.538964,114,10211.026082
126.488366,168,10212.040817
65.698404,93,10212.644165
95.82655,181,10213.730858
68.167009,76,10214.150936
32.103834,176,10215.112503
25.880114,82,10215.557446
67.734442,82,10216.012703
70.913758,87,10216.530019
73.348561,206,10217.712029
83.384302,96,10218.247408
125.246844,272,10225.960407
37.462524,84,10226.480129
9.653351,600,10230.178445
561.83609,600,10233.997432
37.279423,92,10234.581403
88.719267,98,10235.235737
68.56224,78,10235.730202
88.034462,142,10236.576227
137.985322,159,10243.521019
51.658785,103,10244.203723
57.43226,78,10244.676098
45.646743,141,10245.594395
73.107896,83,10246.079372
66.496559,173,10247.104105
105.798694,600,10250.678902
75.954794,90,10251.197163
60.077108,200,10252.345743
81.854242,104,10252.937898
89.372108,141,10253.786084
40.797627,84,10254.302258
70.511034,89,10254.819605
53.346246,74,10255.268564
65.706735,74,10255.712828
19.35795,82,10262.294968
53.655553,87,10262.881202
73.494673,101,10263.533952
141.546556,179,10264.662772
46.984797,72,10265.074214
152.271921,204,10266.250036
35.457861,74,10266.719338
145.419699,249,10268.13583
126.14919,193,10269.245714
217.177929,241,10270.716182
64.352877,74,10271.171715
124.782012,141,10271.989976
65.928785,74,10272.440062
142.696316,600,10282.290818
74.783271,90,10282.795413
28.666144,81,10283.255735
105.708981,576,10286.5856
70.814817,151,10287.551894
45.796332,85,10288.112525
70.947269,108,10288.818713
584.51282,600,10292.328961
59.614848,79,10298.87683
56.769639,114,10299.530046
103.710329,163,10300.483359
107.9997,190,10301.657595
100.81804,151,10302.618679
119.038335,158,10303.529791
541.100542,600,10307.031657
196.918883,216,10308.326015
68.185949,91,10308.893613
98.083413,600,10318.509578
33.045235,82,10319.014702
415.18662,579,10322.380939
127.957948,182,10323.384392
157.916347,226,10324.720935
34.06936,93,10325.283803
125.417963,150,10326.163148
68.738678,110,10326.920047
17.886458,79,10327.460644
107.756314,163,10328.57968
76.337028,84,10329.13882
68.855899,79,10335.405767
543.064336,600,10339.09924
62.117127,76,10339.532631
43.255587,90,10340.053928
93.880303,136,10340.792853
61.691025,168,10341.786615
165.549715,247,10343.178497
61.419874,80,10343.64522
24.426304,233,10344.962871
538.829857,600,10354.457367
39.090038,92,10354.99549
168.092841,217,10356.248511
52.622953,78,10356.683581
62.974726,92,10357.213816
11.878719,245,10358.615093
81.669146,91,10359.135242
580.691953,600,10362.607184
32.330912,89,10363.108079
80.226852,93,10363.656309
163.619975,242,10371.322801
35.114894,89,10371.853973
80.146737,136,10372.635436
109.328593,157,10373.537086
74.430712,87,10374.065797
157.304907,188,10375.205266
518.923477,600,10378.672811
85.953061,97,10379.252791
151.536213,273,10380.805659
54.415742,186,10381.912464
61.354397,97,10382.494882
195.395615,267,10390.384995
184.591369,443,10393.002429
163.828568,272,10394.506006
71.400805,123,10395.202129
214.961463,300,10397.009822
57.10893,92,10397.51711
498.408071,600,10400.973742
40.78669,103,10407.352879
550.43944,600,10410.905752
562.573071,600,10414.47089
68.916996,82,10414.929506
106.595598,205,10416.188673
67.984431,74,10416.590596
93.803406,166,10417.568552
117.277369,153,10418.40613
31.369697,111,10419.044101
69.003739,113,10425.52979
79.529982,145,10426.390834
63.747047,78,10426.862867
395.131348,600,10430.394135
69.041684,111,10431.027142
42.96578,94,10431.597659
21.058226,142,10432.400569
81.881902,86,10432.891297
30.367556,81,10433.34783
68.760016,114,10433.989802
107.565383,141,10434.79142
158.84984,212,10436.035987
156.31051,213,10443.464947
187.239678,600,10446.938067
60.973495,97,10447.495292
66.850455,157,10448.402753
278.666557,600,10452.236545
38.876994,76,10452.72625
65.613258,75,10453.136703
160.849948,205,10454.444103
23.989205,77,10454.947011
39.846878,81,10455.483526
40.064112,76,10461.912779
61.097257,96,10462.524106
194.206547,299,10464.231635
545.491258,600,10467.68904
72.128122,80,10468.197267
68.250943,79,10468.66349
65.466972,87,10469.178857
67.123948,91,10469.675557
67.883655,78,10470.107596
128.464988,167,10471.047845
69.507757,91,10471.561841
57.090795,120,10472.235867
62.891759,134,10473.054475
27.832242,72,10479.229191
48.107372,113,10479.890406
56.26295,76,10480.343964
56.144616,137,10481.111658
143.017363,169,10482.078735
43.165153,138,10482.922731
27.078366,71,10483.367971
148.450181,199,10484.585681
156.694546,217,10485.835052
106.866615,161,10486.759511
26.989634,76,10487.19538
66.137706,82,10487.667674
510.895559,600,10491.18185
60.414744,112,10497.869973
85.686976,151,10498.742944
107.305318,132,10499.507837
39.937274,89,10500.037655
79.596508,118,10500.707685
53.82473,73,10501.151099
67.007365,99,10501.733791
70.433346,81,10502.203229
44.187483,127,10502.95103
68.309013,84,10503.472459
246.404761,286,10505.163507
287.094271,412,10507.613522
-0.901487,74,10508.047605
93.379823,241,10515.549286
79.547785,99,10516.130104
57.061653,89,10516.650284
553.691279,600,10520.223801
122.91152,600,10524.130888
80.321632,162,10525.162315
126.338534,179,10526.189183
62.509088,97,10526.750936
70.662082,92,10527.295519
61.170225,88,10527.843556
47.39118,90,10534.430246
69.914231,76,10534.876713
490.865239,600,10538.299937
-10.444924,93,10538.884108
146.79069,221,10540.168319
105.43763,129,10540.946715
62.555292,105,10541.537969
155.034617,208,10542.741496
57.206427,89,10543.235839
399.063841,600,10552.492147
441.204824,600,10556.001552
65.711228,87,10556.503862
70.540705,134,10557.25772
67.133926,98,10557.803043
29.315328,123,10558.499915
175.073201,212,10559.673578
93.960024,600,10563.280921
132.826875,167,10570.307309
61.09751,83,10570.796983
118.88952,165,10571.800569
109.860172,162,10572.771239
0.530166,114,10573.425992
147.198564,180,10574.458566
84.667424,123,10575.182105
125.300634,208,10576.410968
29.076666,79,10576.846609
250.463559,286,10578.467891
99.038587,133,10579.191842
241.471422,296,10581.151589
88.436259,99,10581.743478
60.123537,92,10588.360422
43.432659,600,10591.846101
148.615724,172,10592.859327
24.825833,600,10596.334429
41.520505,82,10596.800313
566.637455,600,10606.457675
92.779981,130,10607.18777
76.357142,98,10607.735381
74.614898,98,10608.308875
150.802218,226,10609.647162
566.49492,600,10613.264051
86.135156,89,10613.824566
143.352857,237,10615.288283
47.994361,96,10615.853878
84.329937,115,10616.522616
127.94543,171,10617.478068
555.183061,600,10626.933893
29.018393,79,10627.390178
203.916871,254,10628.861265
114.672921,147,10629.707165
41.315404,109,10630.359251
70.67261,87,10630.872625
67.976698,83,10631.388974
0.580396,86,10631.881922
53.732262,81,10632.363017
503.298667,600,10635.757107
58.247196,79,10642.187912
56.525856,110,10642.913636
67.761615,101,10643.562446
125.257504,164,10644.564946
123.433734,276,10646.122526
81.602636,132,10646.939286
65.039942,105,10647.606532
134.10795,169,10648.673508
141.354416,217,10649.921704
171.879725,276,10651.493537
55.967654,97,10652.096987
125.351209,171,10653.110347
16.063795,97,10653.693184
74.297786,270,10661.276311
34.026148,90,10661.79335
75.340076,117,10662.432979
5.408578,76,10662.865317
54.69814,81,10663.33621
559.771803,600,10666.791747
75.557469,97,10667.343599
63.239943,89,10667.855202
28.709552,94,10668.383583
8.825189,158,10669.287643
80.057934,114,10669.967457
170.960807,245,10671.379887
53.575348,129,10678.287161
84.213352,127,10679.065472
3.19282,196,10680.236815
94.12065,106,10680.832853
177.231007,600,10684.717952
73.613288,123,10685.41461
60.990581,97,10685.981414
110.395296,184,10687.085526
64.213894,98,10687.650371
60.083814,600,10696.920418
130.487144,600,10700.353264
61.871752,132,10701.136135
490.409664,600,10704.707287
48.856256,122,10705.396057
62.071526,91,10705.938898
136.172926,187,10707.005842
119.474086,234,10714.459881
63.561926,83,10715.02266
60.204072,169,10716.132951
73.524912,88,10716.654563
7.545,132,10717.380158
46.177435,105,10717.991768
58.447247,111,10718.605077
93.462736,102,10719.210098
33.738151,88,10719.741654
17.566933,79,10720.20651
60.790842,75,10720.660038
555.189659,600,10724.097425
147.048397,209,10725.360564
55.251237,218,10732.524644
507.83093,600,10735.950644
55.144961,79,10736.422324
113.581543,124,10737.173078
69.784989,112,10737.839687
219.28313,265,10739.385607
83.472756,121,10740.076289
67.977609,89,10740.584279
78.115943,118,10741.266423
65.791556,73,10741.69733
64.339127,129,10742.43621
61.187669,82,10742.905125
74.781434,119,10743.567852
232.579648,299,10751.243451
563.608458,600,10754.59936
147.814942,229,10755.964062
160.067022,192,10757.060785
556.619429,600,10760.424692
172.264144,220,10767.74497
121.809396,171,10768.744652
125.853644,187,10769.966036
64.872305,82,10770.464262
76.358586,231,10771.907631
188.610023,280,10773.533684
522.959142,600,10777.293605
167.52575,209,10778.704321
107.532991,154,10779.690036
533.305555,600,10789.519665
30.537775,76,10790.057325
145.615853,174,10791.133442
237.520768,292,10792.757232
124.40928,164,10793.708483
73.847737,129,10794.482399
39.658421,92,10795.033165
59.876708,122,10795.778397
472.829567,590,10805.237053
36.342783,86,10805.734634
223.639664,264,10807.239963
205.605233,517,10810.745199
61.231885,226,10812.12331
179.546064,227,10813.549138
109.075112,151,10814.424843
64.71343,79,10814.881905
104.220124,142,10815.715523
76.734378,91,10816.261149
18.586928,209,10823.724049
23.675292,68,10824.154498
69.764319,160,10825.118183
27.866511,357,10827.160061
132.913256,220,10828.394912
67.311591,86,10828.879846
25.651331,77,10829.314793
199.237381,232,10830.745079
26.72729,69,10831.188878
118.580301,165,10832.167675
62.713471,91,10832.685041
61.011921,81,10833.169444
143.388828,201,10834.330099
30.498765,78,10834.77458
533.745779,600,10844.735367
567.873009,600,10848.385464
137.451745,163,10849.352796
52.631569,84,10849.846594
129.806746,163,10850.833498
181.860011,221,10852.061569
23.72379,85,10852.549963
122.145866,600,10861.977865
51.77946,82,10862.512312
198.781059,254,10864.072592
49.546029,84,10864.557764
139.410438,168,10865.534148
38.765051,97,10866.08764
124.315815,157,10867.036693
25.358186,114,10867.75888
437.625385,600,10871.399707
52.737219,103,10872.003621
29.736648,73,10872.439736
101.999779,128,10879.080836
352.929347,393,10881.45348
31.401268,71,10881.897726
219.923706,275,10883.480554
549.536911,600,10886.964459
34.548591,78,10887.411538
39.591273,146,10888.202445
49.580354,133,10888.988099
582.609533,600,10898.624039
127.095367,207,10899.806348
63.091627,178,10900.805252
585.318454,600,10904.618087
64.6429,67,10905.023071
60.239368,86,10905.540314
29.823543,75,10905.998421
136.56997,195,10907.140121
56.106119,90,10907.662294
143.553998,185,10914.61495
157.43762,285,10916.226187
63.785155,122,10916.931728
82.015916,96,10917.487908
22.086039,97,10918.099289
31.03033,78,10918.586743
15.64857,70,10919.030121
45.19182,70,10919.491602
56.586619,376,10921.726782
13.929353,293,10923.539271
482.446957,600,10933.12728
60.244591,86,10933.621828
77.674003,119,10934.343524
57.023164,78,10934.884998
64.737963,96,10935.513385
110.37781,162,10936.446044
42.256069,100,10937.0088
53.685698,75,10937.459155
130.634412,172,10938.43431
47.324887,90,10938.936323
191.543364,256,10940.347049
115.315939,161,10941.294311
74.019885,138,10942.092994
143.967626,600,10951.744648
24.565424,78,10952.181942
93.625841,117,10952.839044
26.795386,122,10953.538884
67.426255,105,10954.147081
530.289286,600,10957.58242
525.167178,600,10961.005886
170.314306,200,10962.177997
85.197269,82,10962.672963
54.651078,91,10969.173889
122.335847,146,10970.100886
554.073932,600,10973.591824
51.199765,83,10974.163522
118.183641,225,10975.534472
55.697107,179,10976.587933
92.817631,119,10977.276201
58.560495,84,10977.76657
130.423505,160,10978.735437
22.778834,72,10979.204489
122.340978,175,10980.301625
86.112399,125,10986.927382
62.369919,96,10987.506989
542.834624,600,10991.175531
56.057623,102,10991.872041
130.773075,197,10993.089751
23.440248,70,10993.487197
69.469479,77,10993.928913
26.730556,81,10994.397627
26.711096,178,10995.466733
61.526301,66,10995.866024
63.7453,302,10997.611631
56.553342,77,10998.040687
104.155876,140,10998.818932
154.999209,206,11006.040873
132.911385,212,11007.241492
35.980598,82,11007.715992
49.776317,600,11011.272537
48.751865,94,11011.854898
67.454817,109,11012.511517
46.0585,100,11013.120422
61.419329,98,11013.722776
87.403178,123,11014.449333
64.216333,75,11014.886078
95.750347,117,11015.586936
61.630872,105,11016.186479
62.861114,88,11016.731153
53.392813,66,11017.146454
7.260466,90,11024.009077
67.439085,80,11024.505814
132.302321,238,11025.914634
126.098229,181,11026.962378
15.499686,67,11027.382512
192.920085,229,11028.924685
60.840762,109,11029.633939
139.007641,192,11030.713993
134.076886,193,11031.824829
79.745238,94,11032.440356
39.377325,102,11033.181849
23.357645,88,11033.75034
163.723631,600,11043.499433
194.835594,600,11046.913314
112.839756,170,11047.873341
25.619484,187,11048.996813
70.094461,91,11049.514765
206.928107,243,11050.957507
43.193524,178,11052.015135
26.772706,71,11052.439871
64.256236,90,11053.001449
58.66564,81,11053.485784
45.972324,69,11053.923897
72.823041,600,11063.580777
56.462477,113,11064.253559
41.465917,109,11064.883063
31.537947,90,11065.394211
137.971259,183,11066.445715
94.008045,107,11067.088568
96.836488,139,11067.968364
66.257701,83,11068.480774
489.430689,550,11071.713159
68.167897,75,11072.135707
55.399675,79,11072.586534
131.863018,157,11079.34262
19.876756,100,11079.956758
57.403264,179,11081.052945
142.35358,204,11082.356093
44.981442,77,11082.806332
14.737703,66,11083.199233
54.811985,172,11084.187501
167.899336,207,11085.547294
62.485929,69,11086.035501
148.598175,207,11087.479386
62.782411,153,11088.405035
21.538572,80,11088.904104
50.620788,82,11089.373379
89.239541,176,11090.35421
48.982701,138,11096.900559
71.215142,129,11097.660763
112.623781,131,11098.427503
135.076137,175,11099.429725
248.823599,324,11101.302469
67.855422,178,11102.306767
179.045932,221,11103.568535
59.615848,80,11104.052238
54.746827,75,11104.530433
59.841345,79,11105.054488
71.442728,88,11105.604036
27.176218,70,11106.073287
117.428062,130,11106.899729
579.117344,600,11116.541868
81.581791,107,11117.139663
39.918795,103,11117.759665
-10.870045,80,11118.23547
66.726542,87,11118.731734
79.287757,122,11119.473633
62.549786,79,11119.938771
111.631308,234,11121.42938
66.088652,296,11123.228438
137.514224,186,11124.260114
6.576071,70,11124.647051
38.314548,74,11125.086287
234.914248,269,11126.778141
286.44376,317,11134.7184
49.869217,63,11135.095311
186.94002,278,11136.734782
64.716078,66,11137.094927
60.985791,70,11137.52509
543.395355,600,11141.098368
505.576305,600,11144.994192
90.762123,124,11145.838107
137.472689,200,11153.181191
150.264558,220,11154.489768
39.468293,600,11158.131018
71.141415,92,11158.722893
59.413759,93,11159.310902
95.053878,200,11160.550427
198.993887,230,11161.855376
553.096315,600,11171.499929
87.170669,154,11172.390417
206.614518,253,11173.857915
55.985722,72,11174.314167
74.813264,101,11174.917746
584.3248,600,11178.425934
40.665803,141,11179.205663
128.41857,270,11180.732479
56.074942,86,11181.222729
99.101977,148,11182.16884
564.894542,600,11191.523055
70.242185,81,11192.009644
53.843779,96,11192.541979
28.338141,213,11193.777107
33.901234,109,11194.421395
136.888411,163,11195.389963
494.054924,600,11198.99178
32.338852,69,11199.387785
51.068105,100,11199.961782
15.129273,140,11207.042835
29.37368,71,11207.45827
32.272142,104,11208.077956
135.372943,209,11209.283338
27.307343,70,11209.688282
35.014371,116,11210.357364
67.516079,67,11210.76987
56.278518,75,11211.192235
34.338405,68,11211.57989
129.040496,165,11212.540056
137.055281,159,11213.493562
87.960643,121,11214.243403
52.48898,73,11214.705169
61.96622,81,11215.200687
122.143162,165,11216.131611
33.213119,87,11216.648306
121.26707,151,11217.525734
275.210825,600,11226.996931
26.964508,74,11227.404102
155.715541,192,11228.537198
153.746992,198,11229.661646
65.80914,115,11230.30663
8.483302,138,11231.082616
146.015054,192,11232.152412
88.361585,324,11234.030437
31.741711,76,11234.523675
84.654024,124,11235.303831
58.819041,109,11235.937365
96.617377,134,11242.635547
37.72055,600,11246.154399
544.455254,600,11249.781689
448.351128,600,11253.305023
132.108322,600,11263.126122
128.947169,162,11264.055517
58.234931,106,11264.664049
271.050159,343,11266.621157
20.776973,73,11267.038494
534.132802,600,11270.5631
117.116407,176,11271.57077
54.354054,83,11272.069188
28.443697,121,11272.792255
181.090526,249,11280.275312
96.371873,136,11281.053988
58.008899,166,11282.044797
132.660046,253,11283.478287
26.890088,75,11283.91913
82.520801,172,11284.86257
58.801165,87,11285.380163
110.444989,117,11286.083522
143.727398,255,11287.692224
157.606119,248,11289.200483
38.422856,86,11289.726255
37.762131,129,11290.547244
65.955383,78,11291.004468
86.736639,104,11297.632569
110.096262,159,11298.529607
580.971121,600,11302.058903
13.432713,68,11302.466264
73.146957,86,11302.937299
66.088062,94,11303.476257
133.253252,190,11304.552968
54.816444,93,11305.084151
73.400468,83,11305.56759
157.202649,284,11307.20147
142.375006,194,11308.320318
130.676603,149,11315.02626
62.622124,118,11315.679798
50.016008,197,11316.840102
187.982422,600,11320.714237
62.714981,66,11321.095411
26.672864,74,11321.532635
46.87227,79,11322.044394
60.130984,64,11322.434887
62.642911,97,11323.05103
65.742887,62,11323.425646
69.959935,97,11324.036722
93.165328,105,11324.638121
53.01324,190,11325.741982
27.114991,113,11326.477334
30.848948,97,11327.116828
58.696522,125,11333.955209
181.869311,270,11335.64786
61.600094,97,11336.208518
313.928974,461,11338.920207
76.768762,89,11339.451315
27.367175,71,11339.85328
63.922582,77,11340.323963
100.056079,185,11341.499163
78.12692,78,11342.006664
171.644114,231,11343.351099
61.092161,109,11344.014329
78.24638,106,11344.637368
70.81981,89,11345.151395
33.639383,79,11345.622072
76.640535,208,11352.911409
33.561393,107,11353.537879
73.922012,93,11354.05152
40.391621,84,11354.543609
91.669709,238,11355.990428
102.767319,600,11359.856153
26.579004,77,11360.285463
46.839464,88,11360.810791
69.636766,83,11361.280391
61.438522,83,11361.765603
130.740703,165,11362.764912
479.131039,591,11372.46904
148.291696,197,11373.582111
72.696367,179,11374.625404
59.760288,102,11375.223583
61.453979,83,11375.749282
382.586835,464,11378.431128
47.186061,91,11378.979384
64.791373,121,11379.70284
119.865653,173,11380.842003
50.520468,72,11381.298847
176.887861,203,11382.489475
90.947228,219,11389.617966
45.13145,155,11390.562449
67.863005,129,11391.344704
104.242926,160,11392.287515
64.057399,104,11392.886365
6.811214,70,11393.299095
562.995941,600,11396.692051
127.04789,173,11397.664169
159.987445,194,11398.810541
137.569779,256,11400.36958
565.354859,600,11410.426161
460.003267,532,11413.489509
543.329337,600,11417.052461
81.691797,84,11417.549776
154.496397,227,11418.817129
61.390364,129,11425.427746
118.135449,156,11426.319178
39.293742,97,11426.879593
51.479664,62,11427.225426
79.839592,191,11428.305703
35.383081,442,11430.849835
36.329781,74,11431.274792
17.026355,122,11432.012128
81.918231,87,11432.511216
40.388361,87,11433.025584
7.066557,600,11436.887565
15.490896,106,11443.527395
69.359185,65,11443.903812
57.173247,77,11444.338029
93.180229,180,11445.417147
-10.194714,152,11446.399855
76.906811,103,11447.050903
502.674032,600,11450.710157
417.599167,600,11454.714727
67.910023,65,11455.112742
41.357786,97,11455.687796
21.634565,72,11462.298271
50.697519,147,11463.175043
43.04874,113,11463.84702
95.21226,147,11464.662197
56.443447,109,11465.270822
55.679569,83,11465.742152
33.798248,83,11466.201881
21.755224,81,11466.681222
35.54687,79,11467.133794
26.916451,68,11467.516717
21.82203,78,11467.947643
39.560785,600,11472.043431
67.786312,129,11472.803474
90.953171,164,11473.771341
91.901773,600,11483.543225
523.775606,600,11487.169604
73.34734,87,11487.708795
118.02057,187,11488.780062
111.413129,135,11489.560194
274.731154,310,11491.327118
20.541172,88,11491.839644
158.094787,192,11498.956845
102.913841,352,11501.009172
163.404183,196,11502.204276
28.552332,82,11502.715667
62.700433,166,11503.766428
562.145113,600,11507.340605
65.791579,82,11507.860986
56.611071,79,11508.358598
63.297719,70,11508.847585
130.525406,214,11510.196692
29.047956,73,11510.639355
34.982965,77,11511.128134
75.65495,86,11517.687197
119.983161,160,11518.605903
16.260896,77,11519.03531
138.227756,159,11519.950716
78.749754,97,11520.608096
67.709549,90,11521.187759
60.656604,107,11521.926435
137.641418,247,11523.547118
110.561316,195,11524.687195
34.65388,221,11525.922838
141.705851,202,11527.061894
50.595194,66,11527.425935
154.085666,187,11528.457949
108.346938,193,11535.697018
109.746179,164,11536.607127
46.134739,89,11537.148896
32.77597,85,11537.694777
101.710127,141,11538.61918
22.708945,109,11539.332185
50.332442,74,11539.8105
139.2722,174,11540.90456
58.909629,78,11541.357127
31.116285,65,11541.740998
90.268816,110,11542.381529
167.233307,210,11543.578562
453.833312,544,11546.898747
102.929013,154,11547.824121
109.534632,147,11554.710865
538.612702,600,11558.466971
35.029959,124,11559.202509
161.256047,202,11560.472672
91.380891,212,11561.682232
110.830853,150,11562.57861
61.932995,83,11563.071795
56.965377,103,11563.661468
35.635112,106,11564.28842
62.572729,133,11565.103581
41.298463,97,11565.694874
35.104881,84,11566.230656
157.639402,205,11573.238555
57.133468,69,11573.630745
81.518304,151,11574.50388
61.731941,81,11574.979347
32.877107,75,11575.418731
44.163129,106,11576.024864
163.274378,243,11577.531511
481.473988,600,11581.106837
49.358449,600,11590.612494
529.23864,600,11594.235982
146.218033,261,11595.902335
52.41682,86,11596.411078
140.644192,201,11597.640926
249.073997,549,11600.855752
522.590035,600,11610.509404
67.852074,92,11611.052764
18.411247,71,11611.448545
16.402758,72,11611.852655
39.847942,97,11612.401701
573.207015,600,11615.985085
56.441721,89,11616.522061
87.567784,136,11617.310421
158.49894,229,11618.615426
50.11735,72,11619.031133
53.450077,68,11619.430119
194.370683,335,11627.645962
223.20738,271,11629.250559
33.560246,120,11629.948327
98.913079,122,11630.615388
146.840396,172,11631.56925
144.996264,186,11632.64747
51.403575,82,11633.124491
27.882807,66,11633.501401
48.088936,66,11633.912082
562.747424,600,11637.475824
37.467685,77,11637.978498
73.115778,130,11638.785293
69.005007,75,11645.169038
60.673819,96,11645.721255
30.521143,73,11646.173032
219.860254,279,11647.79928
216.725553,252,11649.247363
123.258385,187,11650.287615
237.766721,272,11651.854532
89.296591,124,11652.548107
51.320952,91,11653.050981
153.884283,218,11654.313855
64.18578,84,11654.826665
74.783272,115,11655.471241
117.591629,164,11656.429037
125.715318,139,11663.347755
59.447737,81,11663.84305
30.923862,119,11664.588377
18.602957,134,11665.403552
143.256425,171,11666.390215
20.247127,600,11669.829136
54.823053,87,11670.349784
417.913192,600,11673.81806
41.925423,76,11674.264721
29.61181,100,11674.859815
32.561587,221,11682.257353
141.166357,600,11686.058297
234.563037,287,11687.719922
35.934861,122,11688.403167
113.555541,180,11689.435266
38.81633,72,11689.873614
584.857167,600,11699.733738
42.559938,76,11700.172956
30.774419,113,11700.843439
58.803135,81,11701.288715
55.433237,76,11701.781121
144.952986,193,11703.058028
35.502203,76,11703.500331
67.385427,131,11704.24664
20.095545,72,11704.672904
81.039849,149,11705.588705
80.313158,127,11706.324078
13.053736,93,11706.850742
117.517881,213,11708.145923
37.897232,77,11708.650338
90.400526,134,11709.472386
91.111306,151,11710.367941
273.918544,334,11718.290425
100.970101,156,11719.218192
140.763206,202,11720.441621
563.411564,600,11723.931711
116.52099,162,11724.864516
138.028507,182,11725.931041
69.399263,89,11726.425227
67.397221,100,11727.011792
53.768868,63,11727.421174
498.480692,600,11736.819657
79.985015,142,11737.76225
81.365042,109,11738.397613
579.961083,600,11741.925275
60.076758,128,11742.660816
560.782772,600,11746.07453
134.945879,213,11747.422066
82.547027,91,11754.278487
44.022722,124,11755.039841
56.942084,72,11755.44004
13.624843,600,11759.196911
98.234825,600,11762.898867
150.647435,207,11764.06331
132.28292,193,11765.201258
64.815336,122,11765.971332
546.39814,600,11775.665504
25.337526,80,11776.135447
92.165591,154,11777.028168
59.261014,101,11777.608787
52.859876,80,11778.083004
60.555529,75,11778.520686
128.313167,199,11779.707231
72.402199,91,11780.2131
10.23284,93,11780.756722
120.469644,145,11781.573483
43.703716,103,11782.139219
58.987536,117,11782.820063
-7.624432,86,11783.290385
425.215655,458,11792.294538
16.820234,72,11792.751703
62.322319,131,11793.554838
114.053174,167,11794.660236
43.01855,101,11795.354555
571.729026,600,11799.151659
65.771497,73,11799.5939
27.053631,68,11799.996305
75.505366,81,11800.469067
121.387693,203,11801.714348
21.865249,120,11802.503731
54.488587,157,11803.547807
159.033837,214,11810.792484
57.025728,85,11811.303734
23.993562,64,11811.714512
97.983103,134,11812.51407
132.708065,200,11813.737093
67.725209,84,11814.227792
41.732647,114,11814.939987
-10.432457,76,11815.414474
25.221236,72,11815.824288
39.234071,167,11816.943707
82.517972,158,11818.031893
95.221812,600,11821.841227
49.175098,75,11822.252887
52.515182,107,11829.111371
63.13226,72,11829.539341
73.943539,82,11830.012754
74.606397,79,11830.494021
76.367209,600,11833.999529
72.791242,68,11834.394854
8.218232,83,11834.879454
201.409335,270,11836.424621
59.083806,99,11837.003111
126.486041,167,11837.997238
77.948137,110,11838.655398
48.340989,87,11839.182446
155.880888,189,11840.337862
27.841847,73,11840.778377
210.132369,258,11848.304865
130.669037,321,11850.215355
71.855583,161,11851.184084
31.11631,68,11851.612505
18.525791,109,11852.247197
47.209882,83,11852.733143
3.526099,254,11854.251153
541.849344,600,11858.11454
59.954764,79,11858.570754
51.996038,90,11859.07259
23.658299,93,11865.825844
112.099623,600,11869.278937
22.903424,107,11869.892148
35.913927,83,11870.378872
158.712972,263,11871.903198
116.379257,167,11872.870016
187.331154,230,11874.145824
20.429149,70,11874.543234
63.461856,123,11875.239908
101.070877,159,11876.153327
112.920501,600,11885.77572
227.327113,270,11887.348322
65.211502,84,11887.895178
87.565115,109,11888.647537
144.029881,176,11889.866877
51.392971,69,11890.358328
66.818505,67,11890.772636
19.814372,70,11891.186302
85.658088,569,11894.80049
23.370094,120,11895.599571
137.435277,205,11902.851124
70.718449,96,11903.437496
33.700908,88,11903.945907
62.447985,67,11904.313773
62.519022,81,11904.765951
53.542738,74,11905.188491
57.435814,83,11905.660018
34.862877,145,11906.503918
203.578308,247,11907.923169
58.067268,87,11908.443169
67.504073,145,11909.290156
341.53273,397,11911.520184
74.869467,115,11912.163752
53.101287,95,11912.807087
60.273867,84,11913.400575
54.050609,86,11913.995588
41.666883,81,11920.632492
61.287688,80,11921.192507
191.191299,227,11922.79694
57.967206,132,11923.586595
31.784752,90,11924.10691
14.533818,73,11924.538576
107.566744,186,11925.59903
58.240339,81,11926.084978
549.886741,600,11929.788601
34.892446,102,11930.459982
120.386807,164,11931.533059
581.383331,600,11941.156213
28.273126,64,11941.588142
25.219012,107,11942.286906
7.375853,98,11942.875504
57.69739,90,11943.393538
389.46467,511,11946.311765
21.804199,80,11946.772118
159.921616,186,11947.82647
66.422284,90,11948.355427
83.42625,600,11958.105213
55.215786,184,11959.282575
93.926968,243,11960.717043
59.221652,75,11961.170169
83.587021,91,11961.708365
47.83918,84,11962.19412
30.613351,84,11962.705232
135.571313,266,11964.281488
23.462613,82,11964.76827
32.972509,69,11965.19019
30.522264,180,11966.294648
7.981548,265,11968.034791
75.457983,87,11968.583024
46.404184,82,11969.097753
103.382469,159,11969.999457
25.319033,112,11976.661087
92.591246,600,11980.656437
84.110293,96,11981.245349
78.664294,97,11981.833335
191.700773,600,11985.372928
63.256062,70,11985.795146
26.923156,98,11986.389447
40.124349,88,11986.911083
107.048339,136,11987.70874
63.614775,78,11988.154345
116.71438,148,11995.149008
32.137528,80,11995.62463
46.083764,82,11996.159962
68.287751,78,11996.67985
13.131795,107,11997.359825
56.889878,110,11998.053388
12.211525,66,11998.503483
107.465172,146,11999.382441
54.125327,101,11999.932176
143.788421,257,12001.430188
38.371505,73,12001.933789
78.833241,148,12002.864565
156.151096,221,12004.167405
150.831841,299,12005.915383
114.136811,184,12006.965946
64.064945,85,12013.592251
59.28423,90,12014.194328
99.024789,600,12018.243194
128.637699,155,12019.245102
29.952278,70,12019.695278
63.12712,84,12020.223743
100.719621,122,12021.007153
471.400946,600,12024.677732
587.345619,600,12034.164582
28.19972,117,12034.892605
61.449328,105,12035.547837
56.793138,79,12036.06626
145.764184,230,12037.460063
174.210079,264,12039.07623
50.806371,133,12039.917013
495.066703,600,12043.57189
72.779357,81,12044.07787
11.452923,75,12044.515082
52.771896,111,12051.548812
59.265819,74,12052.014423
563.154676,600,12055.552376
53.917717,119,12056.299024
62.690082,74,12056.747953
127.749425,156,12057.652883
62.748516,186,12058.745272
27.515898,82,12059.214389
161.069182,600,12062.755229
59.793375,69,12063.206475
57.752647,74,12069.520617
56.784341,143,12070.380583
77.417321,116,12071.096321
430.731838,523,12074.190897
53.40285,125,12074.888324
97.153605,182,12075.975783
23.805306,66,12076.346292
29.985416,74,12076.765321
68.82433,133,12077.599618
155.807131,211,12078.943314
68.872681,121,12079.723608
131.267057,224,12081.045296
67.842339,121,12087.891315
562.228553,600,12091.76596
62.53401,86,12092.239811
27.793348,89,12092.736258
151.720071,220,12094.057338
65.139451,109,12094.667407
78.217707,107,12095.308248
36.566195,160,12096.282248
167.296001,251,12097.850336
-17.682964,77,12098.334343
93.990627,228,12099.717771
54.593288,89,12106.168211
49.290937,76,12106.638372
40.747862,115,12107.349886
94.978346,155,12108.316148
137.366824,169,12109.351636
117.167129,139,12110.132479
97.149088,170,12111.092732
63.598899,85,12111.584111
110.219339,272,12113.184212
67.330904,115,12113.857829
73.293597,96,12114.374673
59.884585,74,12114.779134
35.886128,85,12115.264547
68.881572,66,12115.635886
0.27742,70,12116.049769
570.021427,600,12125.638184
64.162477,102,12126.254374
63.024253,95,12126.827875
130.767808,182,12127.915723
115.305738,179,12129.056006
190.447701,338,12131.432756
531.811883,600,12135.050081
56.890831,117,12135.734185
130.407532,184,12142.881688
53.234311,107,12143.509216
72.741568,110,12144.150625
148.559636,189,12145.288306
60.867102,82,12145.775455
78.420527,128,12146.528554
129.806194,204,12147.741047
61.768629,102,12148.331918
42.160088,275,12149.921454
574.64204,600,12153.431842
592.66483,600,12162.853125
92.866837,152,12163.738147
69.702464,80,12164.215309
29.715207,75,12164.668248
62.113666,83,12165.178769
58.571049,65,12165.567252
115.185242,147,12166.478501
89.743651,135,12167.276284
96.49883,149,12168.245665
162.492475,203,12169.517128
52.665609,76,12169.964138
67.444053,87,12170.485179
41.825957,99,12171.07931
166.257545,199,12172.260881
90.330919,191,12179.300364
113.361425,174,12180.279029
55.271829,84,12180.77189
111.925533,600,12184.320959
140.884063,164,12185.313471
86.91931,156,12186.284487
52.569202,80,12186.822775
116.949376,181,12187.978026
51.448645,71,12188.389007
84.613615,110,12189.032127
65.619435,133,12189.819144
59.998714,77,12190.26897
31.602648,119,12190.992895
34.541561,165,12197.955978
61.410328,72,12198.413736
23.86889,79,12198.933399
176.484901,414,12201.520988
79.146431,118,12202.252774
63.11233,86,12202.778614
106.441689,151,12203.775363
36.576772,81,12204.322654
63.509079,79,12204.869541
102.876662,212,12206.267807
58.774606,89,12206.85895
115.68219,158,12207.826201
133.766338,175,12208.911555
52.266846,67,12209.355989
39.512134,74,12209.842849
53.496978,105,12216.295371
13.305136,70,12216.732807
378.872762,447,12219.332587
61.041221,79,12219.847226
135.124225,180,12221.025475
51.59462,84,12221.625175
148.796072,310,12223.599064
65.027481,106,12224.220979
27.449533,85,12224.744963
37.360683,97,12225.315524
62.338813,125,12226.019612
37.295668,71,12226.461015
213.829594,246,12227.875011
56.749192,600,12238.050765
23.139513,134,12238.864871
71.680418,120,12239.65354
143.568733,600,12243.346817
218.297021,269,12244.916337
37.438842,68,12245.372345
113.849187,311,12247.408433
123.198873,172,12254.539392
53.693109,85,12255.145024
106.286194,109,12255.88275
89.162713,160,12256.870932
26.39284,73,12257.306493
57.694041,79,12257.775268
155.206284,236,12259.139951
557.444469,600,12262.514664
57.09812,179,12263.5328
3.845557,88,12264.062886
28.904792,65,12264.420233
48.171411,74,12264.836884
58.906937,80,12265.323184
131.745372,194,12272.560522
59.898137,79,12273.009421
86.704812,117,12273.675115
64.277528,79,12274.121279
29.445696,143,12274.927335
58.824915,102,12275.479716
61.121274,85,12275.956309
106.351938,160,12276.904943
83.758784,131,12277.738025
82.031747,200,12279.028035
62.241341,76,12279.492254
317.378792,383,12281.756899
45.202279,208,12283.023013
45.45758,101,12283.648922
56.750725,82,12284.15847
185.538384,236,12291.478063
58.655104,95,12292.079417
38.388404,106,12292.745761
132.470019,221,12294.014017
96.89662,190,12295.14582
30.242552,80,12295.626229
580.310735,600,12299.154258
33.245703,207,12300.414874
23.753611,72,12300.827428
130.010941,201,12302.035815
86.10707,181,12309.037001
104.551432,166,12310.002443
61.132548,78,12310.517785
225.421253,600,12314.467655
149.769125,233,12315.999238
26.382555,145,12316.976312
192.446338,600,12320.570526
23.196806,102,12321.213589
42.783488,80,12327.891427
570.130568,600,12331.729178
232.28624,291,12333.690057
570.634308,600,12337.199749
86.904622,138,12338.017639
71.975826,86,12338.618871
64.124486,76,12339.181149
110.268652,206,12346.717415
99.180682,185,12347.894964
66.163163,105,12348.476338
146.714638,209,12349.65645
80.393858,79,12350.107431
58.754505,79,12350.573276
110.932188,272,12352.169225
54.548537,67,12352.571919
198.938246,315,12354.482805
129.826482,190,12355.610195
68.567529,82,12356.127774
53.011942,84,12356.647534
97.758295,132,12357.443217
56.697089,600,12367.385955
26.781602,77,12367.927103
74.287922,83,12368.500392
26.247732,64,12368.950263
56.527699,127,12369.665037
44.452089,93,12370.218005
59.279201,87,12370.720036
33.800981,141,12371.504583
92.883151,198,12372.656028
44.498146,73,12373.07134
110.434849,178,12374.1266
41.174735,600,12383.833545
31.515395,152,12384.706585
567.618064,600,12388.340833
144.431159,166,12389.424425
155.831913,600,12393.222241
38.101305,168,12394.169373
117.693506,153,12395.0244
19.912337,108,12395.644722
72.975908,99,12402.176882
43.0499,153,12403.126774
86.967137,86,12403.754545
108.054379,160,12404.881136
95.889364,169,12406.017415
54.336461,83,12406.520843
113.472816,161,12407.557163
34.106555,72,12408.060686
46.392801,159,12409.12465
53.153782,60,12409.498343
41.724983,113,12410.224994
66.81841,183,12411.276168
25.005337,141,12412.12699
67.594358,81,12412.626864
70.350444,78,12413.115531
56.39967,106,12413.761857
58.935307,94,12414.346239
122.038712,186,12421.414897
95.020712,124,12422.139283
75.80188,74,12422.587597
56.785422,148,12423.463005
78.241082,130,12424.214224
54.547982,102,12424.840635
114.070498,172,12425.904552
60.774661,72,12426.349962
40.226895,71,12426.757121
170.870039,220,12428.05185
336.160316,435,12430.571641
124.736093,281,12432.20156
119.401041,174,12439.268887
58.661304,71,12439.698077
65.627932,114,12440.387803
122.490355,159,12441.310069
153.670209,213,12442.524594
25.885129,176,12443.539862
29.541213,58,12443.902316
67.915622,64,12444.29036
67.949977,67,12444.689023
64.713017,80,12445.221621
35.930057,89,12445.829072
76.78029,106,12446.554713
36.16714,79,12447.130448
63.666213,84,12447.681215
159.240202,234,12449.274977
73.63792,100,12449.910231
37.685877,90,12450.442307
64.056589,105,12451.033916
24.43289,66,12451.421645
62.823445,128,12458.2481
96.611349,158,12459.228772
53.73087,79,12459.736763
85.314603,115,12460.438514
53.293522,67,12460.872985
56.786404,76,12461.387056
34.180753,80,12461.843969
188.250123,221,12463.104759
61.869628,90,12463.655106
51.205848,109,12464.332838
75.957558,73,12464.80055
32.035285,60,12465.152623
49.946726,101,12465.777297
64.13301,86,12466.288307
147.333815,204,12467.515995
57.740665,203,12468.725666
66.151532,114,12469.426533
63.064636,87,12469.960912
59.109983,96,12476.454601
61.352887,86,12476.943622
142.22857,174,12477.952846
113.418328,171,12478.932647
55.700131,83,12479.403635
107.623494,120,12480.090043
283.156498,336,12481.983811
58.142586,89,12482.453709
93.559596,145,12483.312068
63.42701,77,12483.755942
112.36501,152,12484.719715
86.836479,109,12485.415037
44.650647,105,12486.07426
58.436288,81,12486.595817
590.385299,600,12496.648372
68.109568,211,12497.904304
244.375628,600,12501.337348
69.668948,111,12502.016275
101.989028,147,12502.922991
76.590779,105,12503.646016
57.642967,136,12504.472619
64.998965,87,12504.964434
68.520343,80,12505.445409
80.782865,139,12506.264679
66.077048,72,12506.672559
28.920097,212,12513.90173
133.213167,160,12514.846344
52.574678,60,12515.186947
23.390632,70,12515.590941
63.750916,78,12516.070779
58.921451,80,12516.570945
136.141033,207,12517.831761
62.22251,76,12518.303962
89.233945,187,12519.397137
90.399217,105,12520.023032
161.402303,233,12521.443585
115.877335,153,12522.36371
539.093859,600,12532.577394
73.960944,131,12533.368054
40.735652,61,12533.714996
88.246353,92,12534.256523
30.918306,80,12534.723981
16.085182,74,12535.180702
107.081365,231,12536.592916
64.97151,78,12537.145389
59.684843,241,12538.83804
56.719296,101,12539.479389
45.758196,100,12540.063244
32.63441,83,12540.578315
68.274206,100,12541.203961
579.855804,600,12550.683611
89.881423,143,12551.509622
47.477807,77,12551.954898
64.494018,78,12552.384847
52.293667,64,12552.771952
36.706975,90,12553.284909
58.714076,85,12553.824502
496.357172,600,12557.276078
55.696979,140,12558.126834
-8.684008,71,12558.575511
38.958529,96,12559.241535
255.842123,289,12561.086836
128.710923,185,12562.153146
562.24705,600,12572.1014
137.648231,204,12573.487581
144.860493,236,12574.905366
101.992392,149,12575.75049
66.171491,91,12576.344558
60.919396,78,12576.858924
95.81215,140,12577.693116
69.978245,78,12578.121906
189.300337,251,12579.607443
61.419345,99,12580.189707
175.26833,218,12587.597148
60.374265,88,12588.144878
90.240749,144,12588.981255
66.321663,78,12589.434287
58.048288,79,12589.886116
107.262648,149,12590.771246
54.469859,70,12591.217286
135.914614,195,12592.427608
53.438174,67,12592.878478
44.120101,109,12593.55341
9.900351,149,12594.542172
55.304884,72,12595.026161
79.407454,111,12595.68758
52.093734,108,12596.335564
139.324131,203,12597.669674
37.590101,84,12598.24244
38.463329,70,12598.742424
68.151199,93,12599.422023
171.795434,217,12606.582775
60.189999,123,12607.303915
62.691316,64,12607.702069
57.230378,74,12608.144723
50.422652,87,12608.642115
576.324515,600,12612.143543
183.405634,239,12613.526372
29.675629,74,12613.985605
125.98095,220,12615.270593
539.530371,600,12624.760568
125.276703,175,12625.831664
132.013079,198,12627.018922
28.086141,72,12627.451313
86.1323,163,12628.484981
142.452623,198,12629.745368
75.433903,600,12633.258107
143.044039,226,12634.5759
345.855329,544,12643.811721
141.170244,185,12645.067145
22.273295,69,12645.538198
26.97748,74,12646.049822
31.433084,110,12646.682157
83.770545,116,12647.355645
91.237897,184,12648.466782
137.295595,168,12649.430466
17.382644,80,12649.994765
55.34369,90,12650.605741
40.756245,97,12651.276592
61.449159,70,12651.745101
30.846445,71,12652.267519
22.461875,70,12652.730277
49.689221,93,12653.28392
112.667674,210,12654.475273
65.429086,92,12655.004717
142.383523,207,12662.042674
78.902436,164,12662.990392
62.29447,80,12663.443204
120.477811,152,12664.282717
31.919956,77,12664.720143
126.426582,147,12665.627144
92.693579,186,12666.705795
95.989955,109,12667.351285
18.58221,71,12667.754513
68.259541,150,12668.671247
122.879914,173,12669.774853
139.15389,193,12671.001189
187.261246,219,12672.35769
78.894767,104,12672.980685
102.794601,205,12680.444948
70.615381,112,12681.088186
25.044099,65,12681.461075
55.226077,104,12682.037005
97.036367,139,12682.871097
64.735986,85,12683.373114
38.213804,95,12683.925766
20.874518,71,12684.33633
17.807777,68,12684.742784
120.457596,141,12685.593994
24.703944,80,12686.062249
52.672813,75,12686.54574
18.978505,64,12686.976559
51.029866,86,12687.586101
59.013083,76,12688.108058
138.045449,215,12689.488539
76.119484,96,12690.060644
62.620899,89,12690.555516
32.184369,85,12691.035181
253.109308,278,12698.489988
83.438771,600,12702.052267
82.829262,190,12703.247438
66.073458,81,12703.75574
53.447479,71,12704.195819
89.100467,105,12704.861789
279.808551,332,12706.732491
123.216273,149,12707.63011
331.733442,378,12709.94386
58.559232,83,12716.30573
578.151858,600,12719.870059
189.566788,212,12721.111519
23.727601,600,12724.867824
37.913029,87,12725.376159
111.737033,196,12726.556031
55.744763,81,12727.051762
58.447185,86,12727.593499
110.363349,165,12734.601283
49.442824,78,12735.105044
130.193191,195,12736.338078
39.827953,90,12736.849013
130.752463,162,12737.779078
57.991008,126,12738.522843
40.183434,600,12741.958878
68.774056,83,12742.443009
84.884489,103,12743.052199
59.967639,77,12743.502056
54.017366,90,12744.058248
29.843404,100,12744.677193
60.299254,77,12745.13757
8.150969,344,12753.512046
63.52241,72,12753.970463
121.198713,184,12755.174519
30.073333,73,12755.645122
591.695964,600,12759.289024
183.963804,202,12760.710796
26.830946,110,12761.367409
141.530162,201,12762.553617
18.987981,68,12762.953435
43.279959,71,12763.358137
62.466816,88,12763.857672
67.116528,132,12764.607287
70.666756,107,12765.202849
48.397965,112,12771.875297
26.916047,74,12772.35218
82.599654,85,12772.896849
25.866639,77,12773.401491
104.781236,153,12774.403972
88.20875,89,12774.927055
17.95015,68,12775.3235
59.66329,100,12775.875371
71.795483,88,12776.370862
29.023149,129,12777.129012
165.367651,600,12780.66638
64.210346,93,12781.196351
168.52012,205,12782.451298
69.596278,102,12783.109922
33.350367,84,12783.658785
73.566914,93,12790.087018
32.58803,98,12790.753858
141.337236,212,12791.968535
25.050331,77,12792.485945
32.230451,91,12793.104727
16.234953,158,12794.13806
133.592635,220,12795.427057
70.590964,96,12795.972516
116.438889,153,12796.865558
42.924192,73,12797.286591
90.780779,279,12798.888216
153.225541,197,12799.993724
25.61034,600,12809.458616
85.870063,120,12810.157542
206.753763,275,12811.717294
90.189777,142,12812.543195
41.407381,94,12813.08365
72.39834,84,12813.564898
581.280099,600,12817.139487
116.807118,161,12818.169584
109.775169,600,12827.694437
39.400717,84,12828.205132
54.814079,93,12828.759319
48.292414,94,12829.294918
15.936685,67,12829.680583
58.516485,87,12830.205881
137.080046,258,12831.72082
129.722875,205,12832.901548
-13.873342,122,12833.607384
63.168741,90,12834.13059
552.296837,600,12837.925065
62.016786,69,12844.119023
30.034265,150,12845.012563
591.548234,600,12848.518458
36.728442,73,12848.927254
56.551212,78,12849.393634
173.615853,228,12850.73108
30.887253,77,12851.212728
98.421668,250,12852.655408
137.23856,164,12853.577345
4.20586,77,12854.014242
34.379761,77,12854.462271
90.992525,138,12855.271997
79.27951,99,12855.871188
21.009955,65,12862.065555
22.955539,97,12862.672941
62.287199,87,12863.243994
-2.749239,74,12863.74466
63.751502,78,12864.256291
67.00849,92,12864.814639
107.964265,138,12865.606462
38.713851,134,12866.355089
9.504737,600,12869.981071
116.973854,215,12871.443664
67.537928,79,12871.896195
70.556113,165,12872.848145
116.397794,174,12873.841065
24.491572,78,12880.106064
74.810266,107,12880.727299
582.201599,600,12884.272462
69.138062,75,12884.714356
568.428927,600,12888.367479
118.213954,159,12889.354159
56.070852,78,12889.843162
58.385898,101,12890.469714
118.559111,251,12892.008508
134.015094,203,12899.161182
48.229486,100,12899.797591
58.891189,141,12900.649661
83.760723,93,12901.187028
78.861008,133,12901.933898
62.737385,81,12902.401828
84.900218,128,12903.101169
3.12307,66,12903.466068
138.996895,151,12904.360384
119.775053,150,12905.251201
95.611629,138,12906.104071
68.849899,87,12906.592767
130.045356,195,12907.718661
59.88769,68,12908.110979
72.801733,91,12908.631539
103.385338,148,12909.453387
130.772187,185,12916.560631
21.374182,128,12917.307253
41.840495,600,12920.972507
69.705964,105,12921.665568
67.464456,96,12922.275677
151.877338,184,12923.472565
53.80053,113,12924.150112
29.331084,260,12925.604661
60.89337,76,12926.034608
153.94522,186,12927.060061
99.074927,288,12934.567981
21.816882,114,12935.271258
32.676762,74,12935.735899
568.129851,600,12939.186203
8.646218,100,12939.759587
-7.381954,235,12941.144144
67.342724,95,12941.734889
69.094629,107,12942.412793
115.35165,207,12943.662072
62.490714,74,12944.089231
52.478329,106,12944.722907
160.808079,214,12945.926471
128.078133,170,12952.785045
199.146843,209,12953.963095
74.767345,151,12954.829157
31.511994,80,12955.269135
107.522063,173,12956.233004
54.187529,76,12956.688277
-2.002104,96,12957.259638
95.181756,126,12958.017022
577.827938,600,12961.466632
63.746741,60,12961.81651
57.754587,85,12962.305715
23.974266,72,12962.711994
25.241601,66,12963.101657
48.809426,153,12963.96307
570.219143,600,12973.603477
41.55069,126,12974.317925
28.868303,101,12974.915042
127.978563,188,12976.066939
53.451341,73,12976.518427
48.003344,98,12977.119505
61.320076,86,12977.623174
69.359088,88,12978.153239
115.232952,142,12978.974841
74.602018,123,12979.69746
89.529851,121,12980.398802
320.721557,351,12988.256392
31.438265,81,12988.7056
41.358256,213,12989.990275
28.480292,69,12990.391642
43.133902,110,12991.006869
137.83877,204,12992.257859
74.119385,196,12993.503238
36.45213,153,12994.492362
53.350277,153,12995.452758
221.264602,282,12997.059302
454.175732,600,13006.427786
119.441027,200,13007.624788
117.111529,158,13008.595393
27.800015,89,13009.111707
187.661039,226,13010.389035
53.254498,160,13011.352907
87.545684,143,13012.210177
149.391883,203,13013.471481
110.092957,165,13014.523575
43.413559,103,13015.154133
56.934518,84,13015.642995
65.624553,77,13016.082634
397.063774,600,13025.539633
492.040574,600,13028.960819
126.026433,177,13030.014825
88.169636,129,13030.740303
47.00531,90,13031.257093
30.991073,113,13031.906878
85.082181,102,13032.495976
539.851926,600,13035.989632
50.230092,165,13043.227782
131.471742,191,13044.388409
16.727278,240,13045.814008
61.997299,72,13046.223917
134.087145,182,13047.314512
88.616153,156,13048.217746
106.947553,131,13048.982976
48.189263,73,13049.385097
51.985707,81,13049.938796
129.14734,150,13050.949667
54.054271,113,13051.642159
74.958998,217,13053.011156
59.965032,65,13053.397921
37.229607,85,13053.92447
69.864844,134,13054.661837
130.796239,383,13062.976745
21.417865,79,13063.422528
138.359013,600,13067.001794
58.639587,170,13067.99468
23.029081,90,13068.508465
50.659208,66,13068.917927
158.999671,205,13070.174755
32.969896,104,13070.80724
21.121839,76,13071.279713
91.404127,137,13072.059716
26.047142,80,13072.519662
48.845095,85,13079.112555
173.585999,600,13082.795045
131.799111,158,13083.689547
58.619032,89,13084.193657
60.342883,92,13084.705765
57.145096,68,13085.084296
102.995407,160,13085.982479
553.902454,600,13089.530961
28.424356,84,13090.058822
55.356918,87,13090.585845
60.315632,78,13091.104705
49.3739,99,13097.673179
9.816056,155,13098.544674
47.644761,78,13098.991799
56.49328,94,13099.531229
66.156868,144,13100.366882
565.339336,600,13103.715978
533.187509,572,13106.989139
59.45815,109,13107.607806
57.171023,91,13108.129863
54.354677,125,13108.861556
22.05077,121,13115.514655
20.170172,79,13116.020863
42.285116,87,13116.530909
75.784263,176,13117.538412
77.297392,85,13118.033237
23.243469,70,13118.451286
63.446977,81,13118.922582
46.797397,89,13119.43483
63.563527,74,13119.846076
118.99096,212,13121.056258
423.194421,600,13124.500748
60.205343,80,13124.991764
49.440294,88,13125.560057
120.662245,184,13126.639136
356.026333,600,13136.334977
55.405291,70,13136.741376
55.235381,77,13137.198521
102.873976,189,13138.298582
88.632134,157,13139.196348
65.427658,78,13139.640321
61.397143,88,13140.130159
47.275905,65,13140.487325
58.764301,79,13140.942651
58.515218,104,13141.548897
54.913133,329,13143.482169
90.132103,135,13144.240781
40.326598,57,13144.574916
56.665906,67,13151.01049
33.488163,78,13151.470285
15.877663,205,13152.786405
376.976133,600,13156.587186
85.357139,102,13157.229176
30.423825,77,13157.698326
25.054804,63,13158.084614
179.02478,214,13159.355369
51.549625,85,13159.818642
40.188145,66,13160.194496
59.472945,58,13160.53498
66.211201,86,13161.056448
34.113355,86,13161.541418
89.548638,128,13162.299672
56.462769,223,13169.803521
169.749577,226,13171.13383
61.352408,87,13171.660643
89.104052,115,13172.31337
138.326796,185,13173.364756
94.887629,132,13174.083145
114.839987,204,13175.23094
62.190643,92,13175.770409
96.620941,138,13176.556876
59.483809,89,13177.091259
159.017372,178,13178.077193
168.152911,215,13179.311308
208.691091,274,13180.933578
42.84729,73,13187.471411
14.849131,91,13187.998719
169.117645,286,13189.684322
155.708188,210,13190.916299
171.544841,197,13192.066317
137.7974,283,13193.69705
67.948781,81,13194.159726
60.288995,94,13194.700566
27.870527,84,13195.227736
57.835653,87,13195.748165
35.089483,85,13196.311854
64.223311,137,13197.163299
527.857837,600,13206.600446
341.617124,470,13209.390058
84.610054,118,13210.064904
159.138573,199,13211.186044
23.029494,76,13211.648579
90.262228,197,13212.796879
48.083529,93,13213.364898
86.303604,149,13214.279741
123.570246,151,13215.118568
105.361469,141,13215.90825
29.094341,72,13216.316502
112.419454,600,13225.845502
29.668744,74,13226.271085
53.139124,136,13227.036287
36.913241,79,13227.4983
97.80534,148,13228.395397
21.673617,72,13228.832781
310.20037,600,13232.438737
147.661798,278,13234.009623
61.336685,203,13235.172009
55.55939,62,13241.748258
59.90499,81,13242.20338
23.89792,72,13242.618715
110.720886,133,13243.377836
67.392725,89,13243.874068
96.434004,191,13245.016336
96.919269,124,13245.697981
46.520411,58,13246.029339
56.978865,84,13246.503897
26.138095,84,13246.990785
59.94647,105,13247.60661
102.751184,198,13248.766539
0.361893,184,13249.857747
118.181555,138,13250.694004
48.364833,89,13251.230566
49.652306,91,13251.806415
99.59569,138,13252.596438
54.05929,85,13253.078291
575.216629,600,13262.43049
116.587148,167,13263.35071
151.709369,191,13264.500213
68.243225,93,13265.106286
107.956765,151,13266.039631
68.389086,98,13266.588892
90.423429,148,13267.421605
564.064777,600,13271.033621
179.25719,223,13278.383801
58.336971,69,13278.830346
40.576304,76,13279.271833
81.40822,93,13279.79681
284.248752,455,13282.38375
25.606572,68,13282.771402
61.492888,65,13283.163815
550.21982,600,13286.927383
75.743859,152,13288.01007
33.646548,121,13288.742453
71.278515,90,13289.247621
116.129528,154,13296.108188
90.551182,187,13297.325052
49.583842,91,13297.900233
29.396082,116,13298.597306
46.124338,79,13299.064355
569.656509,600,13302.842337
97.212248,147,13303.751841
122.070569,155,13304.654512
91.822876,124,13305.365738
118.112394,175,13306.353348
572.155376,600,13315.702171
34.458605,88,13316.190904
33.637808,80,13316.653084
5.62085,155,13317.540343
108.442334,123,13318.267437
528.499885,600,13321.649271
172.023243,221,13322.990639
47.060943,76,13323.412262
120.374131,157,13324.36342
95.210027,132,13325.119182
45.923706,104,13325.732337
147.513493,170,13332.679801
56.778076,72,13333.107652
83.852014,136,13333.968601
167.377808,600,13337.987721
61.600826,80,13338.505219
116.438583,154,13339.37822
56.960107,83,13339.887814
68.677758,89,13340.436765
554.947756,600,13344.086925
51.483912,86,13344.572009
45.474283,75,13350.73536
61.489494,67,13351.132919
130.249204,414,13353.544048
137.484595,264,13355.337378
143.678539,187,13356.499716
60.699484,96,13357.069995
88.60308,118,13357.743572
48.081624,78,13358.232351
76.318131,114,13358.970145
57.819372,142,13359.846376
95.123014,121,13360.640693
49.266209,91,13361.229372
48.761139,88,13361.766984
140.04241,203,13362.977346
568.161404,600,13372.962375
-8.055517,66,13373.370758
43.839026,152,13374.226509
472.260044,600,13377.845707
109.565065,167,13378.924675
65.076696,161,13379.998682
143.453921,207,13381.248558
59.106592,92,13381.790128
54.736403,108,13388.395361
565.723643,600,13391.914831
-7.250045,63,13392.282155
134.354044,165,13393.269306
62.021904,103,13393.889275
154.774596,600,13397.482687
86.847765,99,13398.108373
19.491907,100,13398.705684
100.254218,125,13399.510378
506.002627,600,13409.029542
81.496175,98,13409.632941
57.619647,75,13410.126893
45.036899,176,13411.308693
46.628433,83,13411.916777
22.383506,70,13412.402997
35.490682,70,13412.833546
184.395293,600,13416.619316
73.638273,168,13417.639094
59.750832,59,13417.970474
46.404431,163,13424.908478
555.419796,600,13428.366604
-10.111548,72,13428.790927
98.570782,179,13429.896992
64.189825,95,13430.478034
33.261724,78,13430.963904
23.389079,75,13431.430842
66.296436,84,13431.914442
180.225364,221,13433.267682
126.494487,156,13434.172082
49.468764,109,13434.802646
89.401603,109,13435.429157
123.647051,218,13436.679559
55.124583,76,13443.228045
17.874647,66,13443.600931
51.169399,100,13444.183911
37.457148,72,13444.681958
142.782036,228,13446.174208
-5.160151,139,13447.136832
39.113673,98,13447.695331
19.777692,71,13448.146769
44.072051,170,13449.17077
93.432087,160,13450.161003
55.671658,114,13450.831133
95.937659,107,13451.432669
59.551867,71,13451.843829
141.99982,237,13453.24921
132.565069,154,13454.128655
45.249466,75,13454.573367
61.050694,105,13455.173645
51.936745,74,13461.769393
184.707082,253,13463.3623
37.792141,105,13463.9549
70.682062,87,13464.442226
81.421146,112,13465.083592
70.532555,84,13465.571806
95.14067,156,13466.52489
581.530241,600,13470.386739
61.724612,79,13470.841001
236.564575,284,13472.563642
74.201595,108,13473.26676
87.699283,114,13474.047287
50.322907,129,13481.054652
58.184589,91,13481.664173
64.23501,72,13482.159857
38.470011,68,13482.638443
102.758168,126,13483.492987
40.319364,69,13483.930925
124.607761,158,13484.845494
116.428533,156,13485.795867
80.32264,104,13486.453887
72.086193,76,13486.911575
46.80593,63,13487.326785
18.592463,71,13487.788176
43.186082,97,13488.421275
297.736166,392,13490.77568
93.24373,140,13491.640746
75.808908,124,13492.374928
108.599587,157,13493.261255
53.13668,600,13503.143511
142.80289,189,13504.279768
98.483003,161,13505.276436
58.519885,79,13505.757409
56.656888,62,13506.155585
54.144084,68,13506.587359
54.12459,96,13507.145826
59.113297,96,13507.702195
138.041977,600,13511.297132
155.970958,233,13518.668593
70.11908,600,13522.237614
15.409348,68,13522.645256
56.059374,98,13523.216604
70.112956,154,13524.097543
25.081893,104,13524.68217
67.817752,89,13525.207681
132.385445,192,13526.440746
78.120735,109,13527.123688
114.659384,188,13528.226957
46.935906,157,13529.124321
64.976381,93,13529.691001
67.014362,125,13536.151633
95.852565,183,13537.286451
173.157258,547,13540.611905
65.843298,63,13541.006862
17.576615,585,13544.929972
58.517241,68,13545.378064
62.820787,120,13546.246718
37.906558,157,13547.300933
99.030826,106,13547.937567
42.645955,65,13548.334253
77.0549,199,13555.164095
79.181353,119,13555.852478
111.202513,160,13556.756003
101.026975,129,13557.571485
62.506565,85,13558.120353
506.173601,600,13561.994614
41.73927,169,13562.979042
53.960193,70,13563.388688
147.85545,217,13564.79158
32.38793,120,13565.542603
66.984308,97,13566.12045
64.691759,600,13575.781375
56.731627,141,13576.656932
40.433884,57,13576.992184
70.371505,84,13577.473772
15.918703,125,13578.242077
35.0653,72,13578.706838
131.648247,600,13582.404613
113.574228,600,13592.359934
35.008763,79,13592.863065
55.408174,70,13593.32276
189.381781,222,13594.682832
89.617429,106,13595.299902
91.840356,166,13596.261351
141.619607,600,13599.891894
56.284968,66,13600.380264
132.420814,600,13604.035958
59.671218,64,13604.396012
105.982981,123,13611.109843
65.036172,121,13611.872514
53.830388,119,13612.66102
116.969374,600,13616.483293
117.480827,195,13617.643043
28.035955,95,13618.22424
320.656557,425,13620.686442
85.879474,109,13621.401882
26.543897,70,13621.915521
36.131147,89,13622.554652
557.297629,600,13632.716869
65.221473,71,13633.186332
52.10386,78,13633.70355
48.703313,112,13634.455762
54.663037,86,13634.975521
99.402287,202,13636.185647
24.448846,69,13636.614279
48.074063,76,13637.031693
21.839459,73,13637.448732
122.470788,165,13638.468483
78.921731,95,13639.134609
32.544228,149,13640.141863
75.726929,141,13641.039531
56.823841,66,13641.437844
65.722939,93,13642.033413
507.187005,600,13651.427461
105.818477,128,13652.241294
74.512492,145,13653.124975
71.216323,72,13653.580825
108.789262,133,13654.367327
115.206833,187,13655.462736
133.736148,153,13656.369131
179.114137,600,13660.176701
66.550494,83,13660.676196
113.986342,153,13667.381084
85.74268,209,13668.57819
42.341005,71,13669.018314
-10.106617,77,13669.44665
92.763428,138,13670.343565
65.025197,140,13671.211949
127.697655,217,13672.474212
591.047221,600,13676.121207
130.09272,191,13677.352981
63.437802,81,13677.905925
40.66872,124,13678.655584
84.008163,228,13686.191782
109.224714,177,13687.315802
41.301857,600,13690.985557
125.125966,209,13692.330137
93.257883,143,13693.341778
49.193844,60,13693.717016
40.224897,64,13694.145832
56.579047,103,13694.861383
125.938625,161,13695.909567
30.682894,70,13696.322909
80.758044,135,13697.164138
118.063307,172,13698.204922
577.631706,600,13708.131903
124.765206,146,13709.024298
14.594436,83,13709.575537
43.186747,67,13710.028045
32.004774,77,13710.521434
124.226409,195,13711.70352
54.465344,88,13712.256705
24.209207,78,13712.706826
38.890957,75,13713.1627
58.711163,72,13713.576396
118.855551,600,13723.391549
85.896185,100,13723.997627
222.808423,333,13726.217398
6.684713,67,13726.658675
193.613437,235,13728.061528
-9.657947,63,13728.436291
25.373087,91,13729.033336
56.261969,61,13729.472971
104.941329,147,13730.489323
42.343337,76,13731.026955
108.065878,141,13731.936539
57.425414,81,13732.43218
90.110425,123,13733.123093
26.698035,71,13733.546487
91.611861,179,13734.567359
137.50223,600,13744.3657
65.781683,78,13744.799952
65.479135,73,13745.207127
31.970809,159,13746.122439
55.365149,62,13746.485408
58.897694,68,13746.867836
99.704989,600,13750.595387
147.326555,242,13752.089892
75.442881,115,13752.776012
84.847861,122,13753.479752
68.861988,85,13754.002096
15.158266,81,13754.54161
140.018266,162,13761.369715
62.197843,81,13761.910381
62.316024,600,13765.535089
55.16576,163,13766.482945
37.353701,600,13769.986365
113.185923,174,13770.961458
40.775419,68,13771.349353
27.859466,71,13771.73772
4.968074,152,13778.983485
23.116456,66,13779.369422
58.106912,66,13779.77303
62.082857,74,13780.199353
169.022228,231,13781.555996
86.89539,123,13782.285649
140.513129,182,13783.326322
43.996493,116,13783.977488
225.236391,600,13787.648026
190.83754,215,13789.171116
107.043995,161,13790.327272
135.052574,215,13797.40864
26.692778,82,13797.952407
26.139289,73,13798.449861
89.97085,139,13799.298921
47.897867,78,13799.78748
61.076136,122,13800.516173
49.428926,146,13801.366683
577.826278,600,13805.559936
75.903814,107,13806.190294
48.223315,132,13806.951841
45.697989,177,13807.934776
66.481465,70,13808.331771
61.307463,122,13809.025919
156.453241,196,13810.133515
-17.41168,69,13816.377986
30.18939,120,13817.062839
218.367736,253,13818.564727
182.770149,244,13820.001027
38.858374,194,13821.22852
476.539113,600,13825.023372
64.272487,87,13825.595645
58.572713,74,13826.063515
62.392628,91,13826.618644
-2.523461,140,13827.436203
47.487244,80,13827.919452
571.900859,600,13837.550612
61.183427,78,13838.008592
1.426869,332,13839.993325
149.211096,205,13841.225909
185.841966,600,13845.214046
30.708678,66,13845.593067
242.724544,285,13853.233904
68.932086,149,13854.255721
57.388209,71,13854.72178
103.792736,180,13855.899026
89.982464,113,13856.619182
53.177606,65,13856.98508
73.950308,89,13857.483897
591.749118,600,13861.356175
28.308894,105,13861.998375
19.773264,600,13865.654592
533.655786,600,13874.871394
48.963794,74,13875.296787
55.68113,76,13875.741753
88.683912,156,13876.640786
76.441817,80,13877.12631
64.010189,88,13877.691572
589.124915,600,13881.680536
153.203118,178,13882.747549
151.008647,201,13883.942125
67.827642,69,13890.638027
22.036905,359,13892.902284
174.299012,204,13894.101576
36.219256,70,13894.554451
70.67398,115,13895.280871
71.672007,98,13895.926397
55.169921,134,13896.821271
58.696433,75,13897.257096
60.165514,160,13898.172249
84.527018,104,13898.758501
103.820577,181,13899.787518
89.563656,600,13909.462315
163.343851,218,13911.000919
35.285043,282,13912.845368
66.203284,96,13913.453768
138.398588,197,13914.745484
63.843609,167,13915.728665
32.707903,81,13916.220765
161.833934,180,13917.238678
38.834792,600,13921.259125
72.489667,600,13930.756552
46.637067,84,13931.267086
58.659442,85,13931.801737
44.74511,75,13932.2179
82.81644,156,13933.09751
120.575294,173,13934.063495
32.100693,78,13934.524722
145.866712,180,13935.578545
43.247613,94,13936.119786
24.640723,76,13936.558304
36.179005,66,13936.926107
2.974252,80,13937.381026
153.110463,204,13938.557689
123.715992,159,13939.449799
181.1811,296,13946.94399
62.102525,79,13947.399351
88.807391,600,13951.115091
556.039133,600,13954.601158
94.009088,156,13955.47057
59.455353,82,13955.968336
590.449175,600,13965.700208
52.314062,109,13966.421405
43.26645,119,13967.20571
113.931861,171,13968.346674
149.127312,226,13969.687853
16.044016,69,13970.160655
149.254581,204,13971.52859
99.907595,143,13972.358848
88.166337,124,13973.090156
499.148435,600,13976.614885
178.294299,220,13983.866315
-10.149719,74,13984.282916
34.615061,600,13987.856968
593.941993,600,13991.652686
120.316209,135,13992.545917
581.974538,600,14002.425873
62.585841,66,14002.810986
158.035726,214,14004.035084
563.200267,600,14007.614959
61.821073,138,14008.479668
79.479497,74,14008.922022
22.132565,135,14009.695011
151.314138,220,14011.047053
45.339587,69,14011.440327
52.566294,107,14012.032691
64.321646,76,14012.52703
241.834329,292,14020.399584
119.422588,172,14021.474998
43.398683,153,14022.373512
144.989003,210,14023.691823
49.84946,116,14024.449316
64.130011,111,14025.178479
73.124752,130,14025.95196
112.435846,164,14026.900213
58.863636,77,14027.309705
72.652901,192,14028.397289
94.744935,238,14029.751334
11.576425,74,14030.17984
28.767295,65,14030.571847
-10.001921,85,14031.069029
582.456441,600,14040.533435
61.530856,116,14041.289621
57.24475,76,14041.758214
60.626083,85,14042.286311
54.225869,87,14042.869801
88.811036,150,14043.767927
21.666296,66,14044.140713
536.914752,600,14047.603301
78.727458,84,14048.098266
57.75715,69,14048.519739
51.529161,75,14048.976289
50.35748,145,14049.837657
184.504927,240,14057.445647
59.435309,83,14058.023127
21.073379,94,14058.684887
68.797171,141,14059.629693
50.583265,66,14060.037234
315.640346,400,14062.546522
92.426228,120,14063.386302
105.17754,187,14064.587624
55.872113,80,14065.082125
135.928883,168,14066.052992
235.899766,330,14067.935447
45.278447,146,14068.793052
52.231032,66,14075.338571
51.750007,68,14075.734352
48.641175,83,14076.193769
96.002538,128,14076.975312
43.479084,93,14077.498479
34.251212,86,14077.98823
66.433579,107,14078.678273
24.322091,70,14079.151874
573.721708,600,14082.964398
-5.070274,209,14084.291579
54.515486,89,14084.848715
79.815745,97,14085.446795
82.900532,90,14086.022971
50.528839,72,14086.4951
128.522231,204,14087.592897
137.857767,199,14094.642725
56.136913,67,14095.022702
117.621823,181,14096.093375
57.909346,69,14096.493111
69.678478,86,14096.978023
25.113715,73,14097.408512
17.409544,74,14097.876346
209.511801,329,14099.857025
292.745783,350,14101.971735
-8.677792,64,14102.428943
353.516098,453,14105.123079
30.973991,81,14105.593852
64.216258,80,14112.00016
58.204104,76,14112.474503
185.478702,212,14113.698843
111.631025,145,14114.550301
447.313287,600,14118.183221
139.686338,199,14119.54624
23.380443,67,14120.023751
30.747963,147,14121.005651
23.615156,74,14121.509543
31.932163,182,14122.626052
54.051106,86,14123.127468
157.642349,185,14124.269511
113.156828,173,14131.179099
147.916598,180,14132.416333
77.184632,91,14133.023072
78.020839,127,14133.9467
31.574435,78,14134.44587
55.725362,59,14134.827007
141.055405,193,14135.985317
29.102816,69,14136.432957
93.766682,134,14137.194086
51.483406,68,14137.603078
17.079867,600,14141.103398
71.072222,137,14141.870034
120.225502,190,14148.705555
118.647985,167,14149.704837
117.80632,161,14150.640825
63.132639,91,14151.152949
28.622934,98,14151.743879
28.309673,74,14152.177095
57.854859,66,14152.582832
111.565927,172,14153.63799
34.896441,81,14154.131673
71.490485,80,14154.598651
104.948209,198,14155.775456
192.344422,226,14157.353817
98.727994,248,14158.928526
61.238554,81,14159.38302
29.832147,81,14159.858576
123.318815,186,14160.964847
106.828192,174,14168.076262
122.454641,193,14169.23047
86.367476,104,14169.881932
23.0358,83,14170.407385
41.141208,101,14171.123514
-22.794821,72,14171.586268
26.36561,76,14172.081468
576.371918,600,14175.523177
61.968713,76,14175.950629
18.857497,75,14176.397825
81.996712,91,14176.946548
68.388171,79,14177.437388
32.524836,144,14178.374419
55.909311,67,14178.806163
-15.507941,81,14179.365293
80.230282,79,14185.910529
93.541774,136,14186.78164
29.075626,88,14187.262548
128.971251,192,14188.357799
204.901813,240,14189.76542
48.452113,325,14191.579124
61.13496,74,14192.013903
57.140188,89,14192.566918
17.029892,69,14192.98335
56.447514,129,14193.750166
13.659826,82,14194.239866
77.751866,138,14195.087645
1.497144,85,14195.594321
-9.299529,196,14196.721166
59.658705,85,14197.212691
71.4663,125,14203.780527
20.767156,66,14204.158366
30.508906,68,14204.534537
21.527413,105,14205.155969
532.295423,600,14208.666994
29.078883,119,14209.390506
184.010492,394,14211.665864
57.039302,95,14212.216041
56.128245,80,14212.673641
59.511241,94,14213.211807
45.041587,73,14213.640586
81.259094,156,14214.532869
51.139182,413,14223.064232
38.444494,98,14223.684674
81.24021,112,14224.36236
62.116112,79,14224.826285
28.920541,94,14225.359866
24.129062,103,14225.961342
-9.849203,78,14226.431909
-3.025681,124,14227.154757
236.289711,600,14230.572733
428.653554,524,14240.116979
126.237373,235,14241.66156
13.414659,69,14242.094858
50.87355,82,14242.610355
561.506428,600,14246.150048
95.82144,148,14247.084175
59.186076,73,14247.53745
-17.520376,64,14247.960266
103.850542,134,14248.805619
60.731176,72,14249.294904
17.370702,116,14249.969597
579.058639,600,14259.431553
50.901786,64,14259.816011
56.041842,150,14260.750571
72.546524,164,14261.688397
153.599754,190,14262.816052
65.964828,132,14263.642319
545.56521,600,14267.332056
97.53692,160,14268.24983
106.518491,165,14269.164009
134.503111,178,14270.167012
38.234118,124,14276.765397
104.703002,144,14277.603827
36.007576,82,14278.100295
61.669808,77,14278.545001
113.075637,234,14279.875107
49.009177,121,14280.592581
72.038211,536,14284.004432
132.12045,187,14285.159393
91.090541,600,14288.748209
71.899797,86,14295.230942
4.51104,600,14298.980902
31.717016,87,14299.502963
55.523547,524,14302.719031
127.80427,220,14304.064819
56.833834,87,14304.554487
38.595908,80,14305.040783
61.195124,67,14305.418217
7.736067,267,14306.977288
52.838355,91,14313.38349
52.935507,60,14313.739266
57.850773,127,14314.482939
80.316263,98,14315.113267
24.315317,66,14315.570056
30.923324,76,14316.095686
20.737731,65,14316.512774
63.993022,85,14317.102273
272.907465,297,14319.036888
60.302945,93,14319.558949
157.425841,210,14320.782811
134.007635,172,14321.744755
73.106599,113,14322.387087
52.541277,144,14323.193191
42.135623,115,14323.822165
67.370454,155,14324.719823
24.709122,64,14325.078401
96.271187,155,14331.712315
140.612937,219,14333.177304
52.726726,68,14333.627295
68.758016,87,14334.201854
22.71889,81,14334.722979
17.904876,600,14338.836456
61.135105,97,14339.444378
30.098305,65,14339.805178
137.630261,200,14340.936717
12.842132,600,14350.425815
74.56875,75,14350.852052
61.008687,70,14351.239669
63.125542,100,14351.806012
60.908344,103,14352.462254
182.104884,248,14354.139735
131.901247,196,14355.366938
351.26542,370,14357.773953
110.444547,177,14358.839029
24.878676,67,14359.212941
101.551598,199,14360.406504
145.347318,168,14361.440257
110.837798,195,14362.626472
56.134903,79,14368.777836
26.59971,99,14369.348966
101.048128,152,14370.219782
56.544607,92,14370.747661
47.433239,71,14371.178347
137.754747,173,14372.214416
65.746879,77,14372.64283
65.341955,104,14373.272601
-4.023197,226,14374.621476
27.344229,114,14375.355185
162.483698,211,14376.720736
59.707354,89,14377.235677
527.29078,600,14380.706952
64.332986,117,14387.171551
10.923789,69,14387.577193
71.460979,78,14388.024043
53.026876,71,14388.428929
101.268884,132,14389.216727
47.757731,98,14389.770977
35.788199,600,14393.755483
139.572139,230,14395.200165
25.722678,71,14395.598393
-5.626293,65,14395.957031
67.634545,93,14396.485899
113.092083,177,14397.482364
29.383068,92,14398.049269
55.952269,75,14398.500652
566.857904,600,14408.237108
21.011657,600,14412.171454
10.915425,65,14412.550754
94.703277,146,14413.505902
131.346571,159,14414.578975
138.1428,173,14415.821911
570.784036,600,14426.002112
227.405279,253,14427.672498
34.584354,600,14431.508937
85.467515,105,14432.158996
13.722471,109,14432.83955
126.971573,173,14433.906282
114.791235,600,14443.781078
61.829693,75,14444.239002
40.677799,104,14444.880227
56.705489,110,14445.557843
60.718074,65,14445.962439
45.330785,80,14446.476771
57.3697,62,14446.845711
91.520662,129,14447.630201
55.25965,75,14448.063684
60.475727,75,14448.478346
74.337609,107,14449.084492
31.417766,600,14452.672365
171.318558,219,14453.931126
69.459172,100,14454.63283
28.51389,83,14455.256499
64.773939,82,14455.907929
150.985345,211,14463.406736
60.587039,72,14463.88126
29.230241,70,14464.331124
108.087522,201,14465.471863
18.946591,72,14465.885521
19.982645,78,14466.322429
28.12036,98,14466.895912
133.226171,189,14467.988369
150.294363,187,14469.10614
56.982836,118,14469.869905
85.467113,146,14470.846155
30.091892,153,14471.722996
27.362248,79,14472.167364
124.079738,186,14473.271175
116.876725,150,14474.13777
86.641903,168,14480.963856
61.322226,74,14481.448727
59.17589,76,14481.957082
58.130939,74,14482.42379
539.149359,600,14486.218385
102.485544,142,14487.058524
44.053242,82,14487.534195
83.653497,600,14491.105527
99.642623,136,14491.935003
70.846875,85,14492.460524
102.615498,600,14502.119287
81.228803,137,14503.082223
58.505153,110,14503.887793
66.112661,153,14504.916501
54.178672,156,14505.958394
16.235307,139,14506.766063
90.808286,118,14507.472182
63.217115,67,14507.895828
58.561653,114,14508.558827
59.124366,93,14509.113009
181.833797,210,14510.378098
62.022214,147,14511.19503
110.77578,144,14518.062884
117.492953,154,14519.094807
3.637452,62,14519.505888
62.443321,128,14520.446214
153.133526,200,14521.71496
121.492969,600,14525.201745
34.653412,133,14525.982641
86.871436,132,14526.737105
113.40706,195,14527.872161
47.556193,600,14537.68124
47.482356,81,14538.15311
60.07521,111,14538.808995
18.739765,117,14539.506308
119.338416,152,14540.389606
53.311459,155,14541.232828
352.142584,518,14544.285955
51.030882,101,14544.846291
148.796938,195,14545.980783
123.325395,206,14547.196177
588.714597,600,14556.35178
38.200661,125,14557.135488
218.908258,251,14558.611682
27.967912,218,14559.848902
105.17399,194,14560.970436
72.270292,124,14561.71401
190.280665,221,14562.995447
65.553896,75,14563.455097
540.20346,600,14573.097851
57.331877,70,14573.499659
60.893063,85,14574.006829
9.184672,65,14574.370965
73.817624,117,14575.059984
61.389679,81,14575.533611
68.782412,125,14576.289116
75.742007,92,14576.837775
77.760066,72,14577.307085
80.299727,153,14578.215721
31.412329,101,14578.831201
84.002438,131,14579.627504
155.981418,197,14580.801419
564.375465,600,14584.244822
94.389539,156,14591.309734
69.286192,76,14591.790777
108.295468,166,14592.869588
361.207353,600,14596.236428
93.084357,140,14597.028481
63.217993,79,14597.606778
48.001667,85,14598.176243
60.500556,91,14598.785271
53.382027,69,14599.195354
68.032341,77,14599.63119
78.026052,91,14600.154191
110.798244,183,14601.187554
546.691298,600,14610.98918
52.833844,76,14611.439799
72.231942,74,14611.90549
153.415262,189,14612.980195
40.172426,80,14613.464757
30.003579,102,14614.096489
79.726112,188,14615.307062
157.081037,188,14616.540266
67.761426,93,14617.126268
106.466942,190,14618.402033
61.926203,69,14618.884769
58.247588,76,14619.399062
26.349209,71,14619.888678
166.257887,209,14621.124832
17.08794,208,14628.207468
171.642667,228,14629.507777
53.211043,82,14629.995594
52.890986,86,14630.47268
69.879512,142,14631.279375
129.021987,237,14632.601779
30.148724,91,14633.123098
73.077284,103,14633.734996
62.850624,61,14634.076046
107.747172,154,14634.934551
19.86431,76,14635.378992
83.656251,124,14636.13628
533.421455,600,14645.995309
42.470594,155,14646.965862
21.869922,79,14647.460645
47.91534,64,14647.874115
25.779397,94,14648.449417
55.228535,77,14648.874708
175.452029,199,14650.048918
56.685959,63,14650.417346
60.909711,63,14650.795634
24.378223,64,14651.143471
147.383512,177,14652.227402
56.152851,75,14652.692237
23.030819,71,14653.147573
133.583715,261,14654.697232
84.270039,158,14655.637845
94.979127,600,14665.354332
83.542571,110,14665.991056
96.577398,123,14666.684979
43.641804,128,14667.403109
87.671172,204,14668.588561
76.420512,72,14669.007934
155.562604,216,14670.241677
52.254432,93,14670.839421
21.651259,90,14671.404294
49.489131,76,14671.893848
363.342532,397,14674.321774
35.023153,600,14683.951938
169.519778,209,14685.176193
408.33699,600,14688.659618
131.631049,166,14689.768227
21.401756,62,14690.208083
66.676399,110,14690.965548
52.665987,77,14691.41649
144.531969,184,14692.555675
45.846258,79,14693.033161
146.81343,175,14694.058565
126.198816,186,14701.40863
43.624309,130,14702.211202
369.357904,408,14704.739632
23.479581,79,14705.260779
78.646307,148,14706.243208
69.191984,81,14706.710279
49.541973,58,14707.030451
81.158537,178,14708.025587
32.101472,63,14708.380787
38.229775,73,14708.807335
147.755608,216,14710.079211
103.053259,207,14711.271157
146.981939,178,14712.355165
31.594524,80,14712.819217
59.987155,87,14713.325157
142.881574,170,14720.433829
19.357514,62,14720.848894
100.796672,189,14722.042658
156.28383,195,14723.268016
35.660361,600,14727.310928
59.173408,79,14727.81093
89.57408,128,14728.61381
58.094588,80,14729.129488
143.133732,209,14730.360524
49.726228,96,14730.903706
63.704466,89,14731.429033
46.384806,76,14731.868536
60.941327,233,14739.262685
-7.346199,75,14739.739524
38.310897,95,14740.309299
159.76244,193,14741.51977
86.732999,106,14742.158596
119.706688,173,14743.175769
65.476083,94,14743.733668
102.79793,143,14744.608271
88.57849,190,14745.725909
60.550171,81,14746.198645
63.238433,71,14746.592829
89.021677,110,14747.21709
58.936068,68,14747.58519
24.860975,147,14748.412676
26.308664,93,14749.026082
547.672082,600,14758.907147
50.01386,121,14759.601508
134.507916,600,14763.329728
145.573209,191,14764.501647
44.128661,93,14765.054706
67.811492,99,14765.598459
29.1169,74,14766.032741
42.3742,150,14766.920021
50.771658,94,14767.474644
66.587466,123,14768.178334
40.065443,71,14768.577922
48.495743,64,14769.01277
134.409261,192,14776.211069
-2.540282,70,14776.655949
116.00745,600,14780.40578
48.758927,80,14780.937724
26.469532,68,14781.377278
2.892907,600,14784.910012
32.56381,84,14785.372471
57.599166,73,14785.805001
70.507725,81,14786.287915
60.169928,177,14787.313896
470.485306,600,14796.519797
570.267836,600,14799.97606
78.383206,107,14800.576745
46.21705,101,14801.149681
158.442899,249,14802.584454
178.06605,212,14803.806565
159.018236,189,14804.898937
53.292591,96,14811.496135
459.012538,521,14814.681597
54.000806,120,14815.455474
67.796006,600,14819.138706
461.87483,512,14822.036327
58.522318,76,14822.456281
56.540225,76,14822.935119
184.222702,231,14830.22312
53.926229,66,14830.661587
28.447493,89,14831.223254
0.189679,186,14832.447299
17.885261,63,14832.855957
38.279067,152,14833.929191
28.431585,121,14834.653773
28.995745,74,14835.099754
63.981779,66,14835.491167
25.386774,73,14835.923963
120.309556,210,14837.211486
265.971691,284,14839.042751
221.946543,287,14840.850958
62.718623,80,14841.371537
56.212521,94,14841.986674
110.666365,195,14849.091066
74.096931,101,14849.796464
24.614007,84,14850.285247
117.903762,137,14851.081803
35.03274,600,14854.64458
39.84113,83,14855.119385
104.869421,144,14855.971837
47.193068,71,14856.375803
89.593775,130,14857.104332
38.895524,294,14858.774635
92.446364,600,14868.631656
65.177419,73,14869.11849
88.467767,182,14870.388995
57.217554,121,14871.132073
22.022763,201,14872.321553
50.316857,89,14872.847425
59.475332,70,14873.250642
41.268661,61,14873.587348
158.945149,209,14874.745095
116.139348,190,14875.83246
65.607626,105,14876.448771
124.515144,142,14877.303886
38.626134,241,14878.938677
136.825386,265,14887.012454
215.180144,537,14890.133525
84.051156,100,14890.73331
56.901618,133,14891.494853
65.088203,77,14891.96781
151.054634,197,14893.111985
57.341489,76,14893.577406
43.747041,172,14894.641907
-12.939622,66,14895.013987
96.970696,149,14895.911504
5.750345,67,14896.357024
56.193856,94,14897.022141
30.364341,76,14897.530443
140.655818,231,14904.974258
135.192836,158,14905.942569
45.904705,86,14906.481484
72.467179,72,14906.923649
45.351642,99,14907.497901
58.983655,79,14907.95516
45.550819,65,14908.355075
33.465759,79,14908.817661
66.344062,107,14909.45756
52.916471,93,14909.99973
53.492589,68,14910.375468
164.485032,247,14911.788032
50.105655,72,14912.210924
12.741079,88,14912.698371
55.03407,85,14913.169618
50.993134,77,14913.612265
60.021005,74,14914.051617
14.057767,82,14914.497845
57.897602,109,14915.111849
153.175028,199,14922.021148
582.933803,600,14925.530594
54.521764,76,14925.971198
52.176585,77,14926.441273
108.747833,125,14927.239571
88.718555,118,14927.988894
46.446125,73,14928.484685
215.1023,277,14930.148084
57.490925,70,14930.548096
45.90956,72,14930.966668
42.536977,189,14932.082111
51.209363,94,14932.687701
163.215788,184,14933.860479
59.827369,74,14940.440546
82.500031,106,14941.137661
101.42178,220,14942.398831
18.750932,64,14942.797597
71.750508,146,14943.811458
19.444835,149,14944.821721
23.554765,74,14945.324021
49.914067,61,14945.73554
226.029723,288,14947.48008
138.358512,600,14951.272971
46.867436,79,14951.756716
-0.275591,83,14952.254478
30.050973,92,14952.854105
102.825298,144,14959.992627
20.830383,99,14960.644731
66.219803,202,14961.86364
22.029097,63,14962.262917
69.407525,83,14962.745471
191.139775,262,14964.275075
85.864843,99,14964.941962
14.785479,79,14965.437106
203.425588,243,14967.1258
123.39775,173,14968.185933
91.213254,181,14969.17874
585.092857,600,14978.314437
485.686071,600,14981.9942
138.44347,205,14983.241521
45.137354,106,14983.843793
125.277331,195,14985.123157
12.723743,66,14985.554279
46.456527,83,14986.100386
155.318155,235,14987.602169
52.036225,82,14988.09701
191.536191,243,14989.596723
154.990684,198,14997.004803
197.513917,261,14998.569743
176.800973,302,15000.303183
62.021167,135,15001.118232
58.383805,64,15001.52804
62.901404,90,15002.096941
0.540991,101,15002.792406
161.571726,600,15006.304248
111.611129,185,15007.393996
33.686901,80,15007.86094
-18.987428,88,15008.404212
67.716923,70,15014.884357
111.849503,170,15015.912203
-14.308587,103,15016.531198
51.025391,314,15018.383927
28.561825,76,15018.838181
104.432632,149,15019.725228
166.903952,600,15023.223711
19.188474,77,15023.638866
118.92905,180,15024.683154
60.917371,70,15025.101174
68.283972,102,15025.719215
64.237211,83,15026.20686
37.55238,81,15026.74746
61.609486,77,15033.343681
103.105035,157,15034.338317
57.649208,74,15034.801313
577.981479,600,15038.382085
53.589533,373,15040.588751
153.003616,197,15041.730071
52.29348,62,15042.095097
40.287303,127,15042.860559
183.766258,241,15044.379503
62.199022,77,15044.821161
103.969749,600,15054.527998
137.632689,159,15055.535686
59.060328,92,15056.077907
-2.264154,63,15056.463206
156.073901,206,15057.702574
72.094069,92,15058.288796
60.662923,91,15058.834128
26.122972,63,15059.19989
79.282595,193,15060.441226
71.427468,89,15061.067936
58.284177,139,15061.99548
134.009749,185,15063.094735
106.893648,105,15063.794338
90.827375,140,15070.771249
54.783974,77,15071.306691
99.168032,189,15072.502498
24.972365,85,15072.999203
65.45596,76,15073.44336
80.929298,207,15074.640213
193.892098,326,15076.68991
14.258085,77,15077.184442
67.572866,87,15077.718874
45.480046,56,15078.073146
42.079224,96,15078.6128
21.345478,65,15078.982092
60.525846,103,15079.619985
63.818289,137,15080.388016
120.166607,199,15081.580464
461.994706,600,15091.110723
160.419176,178,15092.124665
37.360595,600,15095.807639
28.886659,69,15096.214992
110.931688,160,15097.269624
54.887581,75,15097.773169
139.502059,209,15099.030511
42.395405,80,15099.484937
59.989337,76,15099.919031
49.812969,70,15100.35831
150.581269,179,15107.500064
186.618569,217,15108.834118
56.135357,76,15109.28939
58.502131,95,15109.865021
108.511155,149,15110.732728
106.463264,122,15111.466157
23.872615,70,15111.898812
131.427836,600,15115.449873
22.382108,600,15119.034926
70.003909,70,15119.483415
118.726153,183,15126.575161
122.746594,600,15130.553193
11.565428,600,15134.052029
110.133219,129,15134.771422
61.730338,93,15135.332063
61.694172,91,15135.845005
63.357791,140,15136.664068
66.613145,86,15137.150934
53.030417,113,15137.803891
587.949004,600,15147.290024
115.4063,162,15148.344873
57.320163,84,15148.93258
195.066276,222,15150.240294
138.06239,222,15151.544048
-13.585132,162,15152.479811
584.504966,600,15156.038296
7.82175,78,15162.529171
84.678777,165,15163.585464
53.920596,75,15164.08397
25.903589,74,15164.58708
125.517994,175,15165.691276
41.99659,600,15169.390244
26.237932,66,15169.840568
58.999494,71,15170.377268
59.387715,86,15171.044047
95.261819,600,15174.956967
47.149481,186,15182.048219
40.728007,163,15183.059173
34.318348,90,15183.681305
9.150141,181,15185.042022
139.230631,194,15186.479549
51.037329,93,15187.037498
186.118103,600,15190.764359
69.024309,73,15191.223466
24.407441,134,15192.00432
146.493158,194,15193.149284
523.687902,600,15202.760137
69.853009,71,15203.195223
37.131625,196,15204.387663
107.276078,149,15205.260882
17.127611,108,15205.88444
65.246522,113,15206.521876
49.085413,156,15207.412377
70.685618,81,15207.86068
83.227468,108,15208.496903
43.071691,173,15209.628066
64.739246,108,15210.362067
89.585895,111,15211.079801
16.614723,64,15211.477847
56.516736,81,15211.977521
25.941082,72,15212.413013
97.14932,143,15219.416004
79.669833,96,15219.984907
131.683668,188,15221.086248
63.251027,71,15221.486112
161.515583,200,15222.640693
23.761157,64,15223.025609
105.758731,160,15223.995819
62.465044,90,15224.520473
105.577575,166,15225.462193
60.122675,84,15225.948755
68.724856,91,15226.464747
39.26961,103,15227.062284
129.052591,163,15227.977336
115.99981,164,15228.905266
74.064449,103,15229.471293
84.474504,85,15229.952203
53.099768,87,15230.467052
55.277333,62,15237.229858
51.688205,109,15237.866651
49.710622,71,15238.322787
551.441651,600,15241.815699
121.306249,230,15243.190826
55.175172,100,15243.817471
79.186228,151,15244.818597
63.276594,78,15245.317497
63.007215,114,15246.014576
159.33552,232,15247.391835
57.605259,71,15247.793184
15.604999,73,15248.212801
40.55606,600,15257.817349
53.404786,88,15258.329295
52.259436,68,15258.723731
144.106667,219,15260.104457
277.364612,335,15262.19572
14.419453,114,15262.922947
532.636341,600,15266.459885
527.265571,600,15276.032845
581.442471,600,15279.631196
31.614322,94,15280.240813
233.101453,313,15282.182663
122.760106,600,15285.920605
46.815672,85,15292.40037
65.490099,88,15292.94591
59.635455,72,15293.42364
61.198962,132,15294.187067
59.590019,85,15294.704882
88.564805,86,15295.215501
277.353849,340,15297.538082
94.873391,600,15301.775586
78.459517,101,15302.427727
113.363149,148,15303.281787
89.478796,600,15312.496371
-8.793905,101,15313.150682
87.715815,92,15313.667778
37.794476,138,15314.478669
188.612218,220,15315.812843
219.785112,600,15319.546006
25.06956,71,15319.97744
149.759028,182,15321.14359
17.740485,81,15321.655511
99.479537,155,15322.612073
23.653029,60,15322.959056
29.913551,80,15323.436458
174.885713,256,15330.860524
25.869766,87,15331.339669
47.390331,78,15331.776972
581.683516,600,15335.508038
41.415622,107,15336.116661
77.12996,117,15336.780717
66.742289,95,15337.323521
62.278071,174,15338.28247
83.264546,201,15339.400321
168.567749,202,15340.628613
94.891524,190,15341.794648
85.383923,143,15348.525041
591.250347,600,15352.066092
27.709456,68,15352.554007
112.030566,143,15353.543469
56.992769,96,15354.187766
148.586119,184,15355.341195
52.164765,87,15355.85957
43.279777,77,15356.396149
67.525871,78,15356.967786
31.53813,88,15357.566743
16.166774,63,15358.015356
58.293047,62,15358.423141
131.468214,173,15359.548837
-7.351113,75,15360.009537
75.471578,81,15360.477798
409.646373,600,15369.941498
23.516406,98,15370.552889
43.710344,111,15371.235687
54.212748,66,15371.638937
37.128445,600,15375.191665
31.455534,68,15375.575688
54.375184,62,15375.944845
48.499195,65,15376.365857
67.575238,81,15376.881471
37.905352,131,15377.77206
166.660609,193,15379.066166
139.293427,262,15386.569045
58.974746,75,15386.997836
165.254448,210,15388.200693
20.193296,60,15388.566417
62.185902,58,15388.889922
6.11947,600,15392.405531
53.338316,80,15392.843177
20.4204,99,15393.444211
94.40242,136,15394.224457
57.987971,84,15394.688302
71.135272,111,15395.322003
22.556238,65,15395.690494
58.245347,129,15396.461347
28.937188,121,15403.596337
138.614878,177,15404.589892
544.820067,600,15408.160212
62.514443,109,15408.834425
68.782095,97,15409.452824
59.585211,68,15409.919626
56.286205,98,15410.571879
53.175176,71,15411.020842
56.484402,95,15411.587704
37.206406,132,15412.354065
135.173357,157,15413.273802
546.860417,600,15423.017081
151.663823,193,15424.341338
223.025449,254,15425.871885
311.982018,490,15428.92258
52.862976,77,15429.328586
68.679946,161,15430.197987
87.37548,172,15431.097104
55.465353,76,15431.491156
32.135484,96,15431.990258
152.716003,320,15433.862067
67.622978,76,15440.280822
64.473043,105,15440.850345
55.142775,63,15441.219297
3.352236,69,15441.61145
93.627635,153,15442.460266
28.693748,156,15443.389746
166.244623,220,15444.708191
141.083479,242,15446.262055
125.158519,165,15447.261573
552.84409,600,15450.606188
58.934988,174,15451.535647
120.55728,176,15458.609877
54.812655,74,15459.067281
236.832486,288,15461.06239
509.896418,600,15464.643021
55.508424,93,15465.176506
117.704418,140,15465.97449
498.608466,600,15469.437363
59.435695,99,15469.987765
53.740839,71,15476.286289
576.449069,600,15480.302651
456.141399,491,15483.232482
124.550362,161,15484.258014
78.004654,600,15487.993343
114.74925,152,15495.169631
567.864198,600,15499.117661
130.888621,183,15500.254112
55.798478,76,15500.723555
4.756234,72,15501.174157
146.793437,194,15502.355655
65.29809,77,15502.836867
107.266817,143,15503.709018
77.218175,136,15504.586568
62.808977,133,15505.365812
125.805479,161,15506.290754
72.418675,101,15506.877429
45.608401,600,15516.653859
23.227378,128,15517.432934
202.562813,338,15519.542918
184.708127,226,15521.004145
88.61179,600,15524.817688
-0.506327,69,15525.228278
124.181645,239,15526.636981
14.598338,70,15533.032525
2.342208,127,15533.798376
207.700539,262,15535.602739
65.791699,76,15536.11781
27.795196,73,15536.613775
181.219352,208,15537.799941
36.71909,87,15538.27694
44.909986,74,15538.718409
118.932481,200,15539.946738
21.642587,70,15540.383067
57.512303,74,15540.860142
59.480352,82,15541.359235
25.735754,117,15542.090663
63.099997,108,15542.747578
20.639071,88,15543.284328
78.279002,79,15543.769302
99.17008,144,15544.671621
54.040699,121,15551.187604
204.999527,333,15553.407681
88.827135,121,15554.155627
56.806158,70,15554.574775
16.620186,66,15554.991431
149.191601,219,15556.267311
135.571271,196,15557.389307
128.551021,168,15558.402615
169.743709,242,15559.875086
94.302804,134,15560.77585
64.410142,68,15561.217687
53.164873,59,15561.611741
59.658001,112,15562.371801
122.516812,157,15563.432532
112.593566,600,15572.977397
67.263341,76,15573.435734
91.333341,173,15574.571703
80.255746,152,15575.563194
417.160145,521,15578.850159
150.856791,202,15580.051985
571.608501,600,15589.811731
52.141217,75,15590.254819
73.709682,108,15590.877539
41.019703,78,15591.327127
108.903204,152,15592.208173
33.442045,70,15592.608903
162.248976,187,15593.688798
71.302398,98,15594.269004
35.297493,94,15594.796331
137.646142,201,15595.981048
131.1566,197,15597.122752
59.537978,83,15597.604705
61.853612,65,15598.026242
79.510352,121,15598.734232
82.901785,111,15599.362948
509.739807,600,15608.983607
530.406509,600,15612.371885
560.586117,600,15616.312623
96.093092,127,15617.259338
46.305349,80,15617.838872
13.994219,92,15618.432337
63.421113,76,15618.931056
62.958853,133,15625.916573
388.958562,600,15629.433781
81.473543,113,15630.087319
41.767103,91,15630.645077
51.279328,64,15631.008011
200.896918,221,15632.314333
65.505769,132,15633.121101
152.203489,229,15634.577006
60.245927,79,15635.024374
32.610256,67,15635.430113
13.142087,80,15635.895733
125.869436,134,15636.666911
48.498537,67,15637.061409
107.372634,218,15644.393944
21.660838,67,15644.801324
65.606735,78,15645.277987
20.466957,99,15645.875818
128.228261,178,15646.917104
47.100542,76,15647.358541
0.510131,62,15647.700503
35.98921,165,15648.681343
87.620226,134,15649.459968
64.890013,88,15649.980178
53.52733,87,15650.486516
169.412149,230,15652.026634
70.339329,66,15652.484374
27.438168,112,15653.255711
143.971977,168,15654.246581
57.09317,69,15654.640078
35.117084,92,15655.170388
31.982717,600,15664.735546
78.795969,151,15665.73178
23.490281,97,15666.366518
161.196889,225,15667.634432
102.022995,129,15668.401933
34.171256,600,15672.303358
56.75775,81,15672.861669
68.311251,66,15673.269034
13.231456,192,15674.457131
46.062082,91,15675.006413
28.757691,65,15681.302707
239.859314,265,15683.023091
45.182291,67,15683.485226
144.87019,169,15684.665739
131.497144,160,15685.74379
111.218295,176,15686.773149
142.562609,168,15687.702641
58.859639,104,15688.323305
78.890562,84,15688.809526
48.274059,80,15689.2745
7.677249,64,15689.643651
28.47155,70,15690.04778
530.631168,600,15699.39101
413.267675,480,15702.259853
73.132853,155,15703.158515
33.216176,86,15703.656864
459.511862,600,15707.295081
39.291596,80,15707.784952
88.220127,144,15708.785239
54.900744,80,15709.302932
48.615425,77,15709.82312
50.350757,66,15710.256028
32.940926,83,15710.753577
60.09283,82,15711.243609
103.819792,156,15718.00331
179.666122,242,15719.414336
146.411122,196,15720.628221
135.884746,178,15721.767708
73.196903,68,15722.20935
56.525745,115,15722.862107
51.70354,84,15723.347576
52.535053,78,15723.783424
44.77093,65,15724.155183
57.169117,75,15724.607716
40.913249,64,15724.96989
58.207061,102,15725.553499
150.820973,600,15729.338892
135.538823,168,15736.441743
67.063366,68,15736.845033
16.646057,71,15737.262109
54.174611,600,15740.986299
55.850696,86,15741.499311
43.797254,101,15742.197108
48.758454,70,15742.694996
53.586358,81,15743.292166
70.337044,80,15743.81761
33.643012,600,15747.522664
53.664107,54,15747.831807
106.777706,128,15748.606535
22.411631,105,15755.217227
41.344144,74,15755.646003
34.64101,600,15759.589568
27.678979,82,15760.078686
67.619485,68,15760.432802
41.181069,77,15760.850236
60.09966,72,15761.269126
4.00365,72,15761.715611
39.164226,74,15762.183428
55.580573,64,15762.603931
36.275515,82,15763.113718
38.210608,74,15763.584272
22.767597,83,15764.024228
53.770991,155,15764.927691
48.184972,76,15765.384525
572.70623,600,15775.311703
135.792671,243,15776.660256
46.865943,128,15777.382231
326.073675,366,15779.465306
45.435359,70,15779.823462
166.685601,225,15781.020016
37.915774,87,15781.477692
178.52907,246,15782.833827
134.092425,195,15783.906786
32.358161,73,15784.283387
188.823852,268,15791.669399
392.549675,600,15795.113277
172.648515,600,15798.713887
50.436044,59,15799.062705
573.624277,600,15802.462488
16.01586,66,15802.833349
58.860286,70,15809.044945
20.130388,60,15809.375077
82.234486,130,15810.061273
203.82778,294,15811.767935
61.036267,146,15812.596495
59.360516,78,15813.073617
56.34456,62,15813.439943
75.404413,105,15814.021298
107.05073,204,15815.119583
69.617942,106,15815.713373
84.314901,122,15816.410192
57.765233,65,15816.786956
70.635602,93,15817.325763
50.041673,82,15817.834291
43.803555,65,15818.20882
56.394705,69,15818.568655
59.685161,84,15818.995133
55.675208,64,15819.363491
586.971092,600,15828.576982
60.015772,73,15829.030114
181.95007,229,15830.494414
91.551444,247,15831.839387
52.888119,64,15832.188445
17.133864,113,15832.802828
26.329204,66,15833.143451
62.429853,73,15833.54635
48.476877,63,15833.9027
56.866436,70,15834.339122
61.581849,75,15834.810317
133.074634,173,15835.919896
71.364714,80,15836.465051
63.095744,108,15837.107195
58.679553,69,15837.510958
98.070626,216,15844.748426
17.804438,162,15845.626994
51.036935,103,15846.213352
-9.593871,61,15846.55793
76.469983,81,15847.015029
12.974146,106,15847.643024
65.661296,75,15848.10766
49.86241,184,15849.139068
186.740933,235,15850.391727
44.932451,58,15850.696033
55.84339,67,15851.08237
192.590699,245,15852.570229
79.062703,265,15854.267671
39.721481,77,15854.700281
48.746603,75,15855.099044
59.05686,123,15855.809535
124.742697,145,15862.501019
126.560586,191,15863.538849
61.140792,149,15864.328132
31.14114,600,15867.848919
31.0858,73,15868.294284
177.093092,600,15871.699893
14.14969,80,15872.166257
71.762064,199,15873.301661
121.843461,146,15879.993364
79.770725,111,15880.605263
484.347763,600,15883.806895
50.654498,83,15884.272094
16.698704,74,15884.672771
134.419936,155,15885.506537
20.478462,86,15885.954166
80.885287,154,15886.811467
34.467295,66,15887.177857
135.570484,198,15888.246944
44.875633,85,15888.678661
22.538071,64,15889.012733
26.922084,64,15889.358611
49.937997,141,15890.107001
32.880513,66,15890.454371
212.163551,255,15897.631852
47.315433,111,15898.279464
96.650052,123,15899.094592
40.883354,103,15899.768762
64.819276,130,15900.620996
88.556692,261,15902.025319
50.922921,118,15902.610229
105.955929,147,15903.371012
107.815126,223,15904.603484
80.208561,148,15905.359103
50.515587,233,15906.590603
326.747621,381,15914.616991
106.170827,165,15915.507206
64.915116,98,15916.062376
52.260779,175,15917.019518
25.647013,65,15917.376938
37.39381,600,15921.094259
55.697883,64,15921.454841
110.99557,600,15924.894023
82.239376,127,15931.75159
59.680026,63,15932.113665
110.43815,160,15933.0035
78.934453,117,15933.631836
119.334665,151,15934.42469
33.005857,73,15934.808594
23.42391,100,15935.362301
51.059975,81,15935.786302
50.587502,106,15936.394
59.861296,84,15936.854068
53.330509,66,15937.197641
199.871735,228,15938.435639
95.350817,188,15939.616759
16.788914,80,15940.130465
21.893344,279,15941.82289
71.822505,146,15942.616042
32.090696,66,15942.982591
184.940755,237,15950.111439
49.0346,75,15950.547237
567.922417,600,15953.979166
115.26042,190,15955.159308
178.402538,235,15956.473673
41.745273,65,15956.838
26.285892,82,15957.324495
55.180788,104,15957.92107
467.513964,600,15967.46081
83.231978,152,15968.347786
67.253876,119,15969.046501
29.578385,76,15969.522095
39.455163,127,15970.288438
567.095441,600,15973.68593
83.23065,114,15974.284443
56.150343,68,15974.639142
99.482645,190,15975.649994
142.200304,250,15976.99365
81.628617,119,15977.657871
108.812858,166,15984.535059
43.539817,102,15985.10028
51.737792,85,15985.572404
116.092072,272,15987.026581
144.483153,195,15988.091383
70.569022,135,15988.873692
28.441816,78,15989.308396
51.889237,129,15990.029731
57.978531,69,15990.412317
54.722608,83,15990.834191
65.932809,108,15991.505629
51.465173,71,15991.924439
61.59401,65,15992.342586
142.024131,196,15993.557468
57.399881,80,15993.983456
56.626853,61,15994.359963
41.286579,57,15994.701336
214.174733,252,16001.980549
64.644865,92,16002.47333
48.315457,53,16002.741893
53.214238,79,16003.193014
24.100302,76,16003.61975
56.923757,73,16004.003554
3.543517,89,16004.496814
48.035169,543,16007.443309
36.952447,74,16007.83027
81.166852,77,16008.282638
47.209686,129,16008.988123
31.828006,147,16009.799685
53.333182,105,16010.375858
144.290691,182,16011.373061
54.194313,56,16011.666342
67.446317,101,16012.205377
560.211559,600,16021.626685
143.401499,205,16022.7365
55.131361,76,16023.144044
50.898797,600,16026.656889
60.199928,72,16027.066927
119.252091,600,16030.51574
57.072235,68,16036.594058
82.708632,125,16037.307918
140.107408,188,16038.332892
39.225873,113,16038.992142
40.862351,58,16039.342993
48.788581,91,16039.828444
7.509552,83,16040.27981
26.752271,95,16040.811134
206.569888,255,16042.146863
8.969846,73,16042.578586
60.426837,66,16042.948355
47.160228,69,16043.348161
84.433053,100,16043.957964
133.01395,181,16045.045532
50.647032,169,16046.040045
116.10738,164,16046.937833
-16.818899,58,16047.257264
-3.696904,71,16047.63477
77.735395,98,16054.164065
19.069972,104,16054.72542
171.637888,233,16056.026212
18.416871,67,16056.452855
55.241066,61,16056.820155
140.433199,192,16057.941422
47.049855,75,16058.39694
379.131142,495,16061.07567
48.551579,51,16061.320978
66.170117,95,16061.836959
59.022744,87,16062.312107
52.259536,62,16062.665684
65.155314,115,16063.324824
55.030799,75,16063.737969
166.979134,235,16065.054279
42.127681,132,16071.685228
118.601912,153,16072.547807
554.046774,600,16075.753971
95.128973,138,16076.474669
93.099387,180,16077.542038
31.822315,80,16078.011732
53.988353,115,16078.644
35.588225,600,16082.199404
52.409739,72,16082.623727
97.459981,154,16089.334446
31.210339,600,16092.919964
59.450332,67,16093.324118
48.646744,149,16094.23136
67.033369,102,16094.797529
100.589976,227,16096.004763
546.249515,600,16099.279493
58.511943,92,16099.777721
12.232393,88,16100.254235
-3.757429,113,16106.66341
57.051769,73,16107.048723
78.049393,190,16108.090293
40.646057,99,16108.592273
108.227821,196,16109.644745
35.653855,90,16110.156618
184.259703,288,16111.795204
73.17117,156,16112.673604
74.400278,176,16113.652868
51.998314,119,16114.291161
63.413618,100,16114.891932
19.955663,73,16115.300709
30.131292,77,16115.761092
124.309455,153,16116.659562
36.817078,77,16117.12831
25.51054,73,16117.53964
65.318076,85,16123.763569
103.080823,143,16124.592968
78.501158,99,16125.201236
234.401377,274,16126.761162
55.443038,67,16127.157755
21.931068,109,16127.785192
59.309467,60,16128.127809
72.589269,109,16128.735981
109.728592,259,16130.102275
135.74017,205,16131.192172
74.131601,108,16131.774617
84.203545,285,16133.320956
53.126774,62,16133.676906
189.421784,242,16140.810514
57.712611,65,16141.160003
55.327334,60,16141.489404
60.596265,84,16141.939684
129.791896,167,16142.812395
65.335899,127,16143.461041
126.909555,189,16144.476746
85.48477,204,16145.592275
24.658775,60,16145.936743
575.759489,600,16149.488276
59.393459,65,16149.916377
93.886512,172,16150.845998
129.276828,221,16157.697213
61.082091,87,16158.160496
89.946551,179,16159.176644
115.374933,243,16160.605862
-15.956402,193,16161.781207
23.280349,58,16162.098021
136.694363,181,16163.097862
80.386079,89,16163.587017
59.485052,73,16163.981059
79.365853,92,16164.474593
17.206883,67,16164.845062
66.800921,177,16165.797203
59.890414,86,16166.2501
131.052062,157,16167.112044
47.255144,213,16168.257297
55.130787,75,16168.643656
26.076059,101,16174.931234
55.009033,66,16175.290456
33.403059,65,16175.6464
490.449458,600,16179.358939
-11.370961,138,16180.079852
55.486561,87,16180.542865
25.573851,61,16180.87318
56.129966,65,16181.233668
52.811606,64,16181.592294
53.417129,73,16181.99408
61.887389,110,16182.616848
142.618585,181,16183.590345
124.968448,174,16184.470723
129.797224,161,16185.318137
27.325999,61,16185.640653
564.836379,600,16194.959392
123.353915,137,16195.708758
52.478037,63,16196.051374
57.582349,61,16196.39034
51.738503,75,16196.804384
34.775008,67,16197.175324
49.247187,72,16197.559474
44.646161,108,16198.157412
377.160439,427,16200.427633
55.641506,74,16200.806091
128.035077,182,16201.83686
22.696139,63,16202.216806
29.976206,77,16202.656068
533.449496,600,16211.819274
42.063009,72,16212.179706
52.156319,77,16212.594733
52.01491,79,16213.020612
53.51318,66,16213.375182
220.052916,600,16216.797428
51.872762,72,16217.190378
31.36698,82,16217.640999
7.784171,92,16218.116596
50.107808,92,16218.615308
27.747719,59,16218.961674
111.440974,141,16219.742595
50.781648,66,16220.106901
57.347843,96,16220.619434
90.382524,171,16227.106989
52.252373,77,16227.520859
28.577845,86,16228.017673
177.579008,233,16229.314967
53.448034,71,16229.744177
36.513138,78,16230.206516
22.831752,61,16230.531535
100.400965,600,16234.309072
59.267241,74,16234.721496
84.356469,107,16235.40467
560.780876,600,16244.507519
15.326065,71,16244.921389
35.482787,226,16246.251607
50.576697,65,16246.611358
78.095322,156,16247.525958
19.970207,60,16247.874122
100.423888,142,16248.631675
57.052307,89,16249.139095
30.674464,600,16253.080019
26.126895,74,16253.534206
20.299631,600,16263.064353
28.072383,158,16264.067353
158.580017,222,16265.485713
4.133689,93,16266.076612
132.30602,155,16266.939316
176.249716,243,16268.187014
32.016811,56,16268.490661
114.322546,169,16269.424357
82.224561,107,16270.013297
49.478091,92,16270.530038
101.420602,131,16271.273966
595.757661,600,16280.562009
91.778352,184,16281.769677
97.697652,136,16282.628824
47.105717,60,16282.953496
37.735521,109,16283.545727
54.602785,126,16284.176937
202.602582,329,16286.110173
567.409663,600,16289.996159
260.813266,298,16291.655499
34.920845,80,16292.087827
80.157827,80,16298.373406
53.44771,70,16298.733639
129.339705,246,16300.066283
171.756546,304,16301.650963
79.637281,131,16302.329823
46.57345,80,16302.746967
17.755085,78,16303.183616
53.715999,73,16303.649632
48.766198,63,16304.016947
175.152289,226,16305.401899
52.38952,54,16305.756765
51.878676,70,16306.24789
37.376228,55,16306.617061
60.622463,105,16307.352732
0.178142,114,16308.095141
80.446882,151,16309.012498
120.072035,151,16309.927354
54.056209,77,16316.062186
27.382612,138,16316.792974
52.29559,60,16317.125726
80.920324,167,16318.044171
111.908274,150,16318.888205
48.73981,66,16319.254954
47.909204,74,16319.648175
10.181516,84,16320.089623
25.698317,136,16320.798235
173.026705,215,16321.951295
178.589368,209,16323.061777
47.541353,187,16324.015956
97.371341,126,16324.778336
55.972195,116,16325.460581
296.547008,443,16334.19596
560.685814,600,16337.540846
24.918448,75,16337.975206
56.843113,144,16338.765072
-0.515761,64,16339.13404
465.844153,564,16342.296232
48.795312,68,16342.710459
16.847397,71,16343.184302
21.581025,60,16343.600181
30.637599,103,16344.196889
51.448182,137,16350.771988
46.929398,97,16351.3047
55.394501,94,16351.884644
193.359305,358,16354.028489
590.857104,600,16357.457291
57.09603,83,16357.883565
50.676819,66,16358.24098
43.12676,82,16358.685835
62.830954,114,16359.322945
27.191167,78,16359.763571
91.525276,168,16360.699279
53.521544,166,16361.757149
55.295268,63,16362.183593
81.55297,100,16368.84269
547.369666,600,16372.33254
43.271591,82,16372.80036
46.644911,114,16373.492875
93.449333,135,16374.270842
50.382163,91,16374.769469
122.388052,146,16375.575574
49.976218,94,16376.098363
100.577305,174,16377.24797
52.190064,73,16377.717847
58.076801,89,16378.286962
31.524886,600,16387.929599
24.938283,100,16388.538009
49.290422,78,16388.958656
52.065494,64,16389.298796
99.319633,156,16390.135725
283.890397,356,16392.177746
51.468689,344,16394.285088
56.642967,63,16394.661955
97.025951,167,16395.648332
423.248248,600,16405.268525
64.929259,99,16405.818041
126.105101,182,16406.884358
31.233271,70,16407.295634
36.445577,86,16407.765781
89.215489,93,16408.300388
74.937799,95,16408.842672
57.18826,71,16409.248344
48.483148,56,16409.584241
72.828223,96,16410.193153
33.374363,62,16410.563468
17.967541,63,16410.975165
54.509845,77,16411.412262
44.05367,62,16411.815885
199.009332,261,16413.279919
94.458447,137,16414.039442
60.116205,78,16414.482913
45.419183,63,16414.864385
57.082521,57,16415.235922
79.406567,146,16416.05543
50.686079,76,16416.46663
122.884421,150,16423.093533
549.827698,600,16426.520193
48.225585,52,16426.800712
161.739259,194,16427.833402
63.373482,176,16428.843007
57.198227,81,16429.302815
53.119014,69,16429.703463
44.279078,72,16430.170206
88.513782,117,16430.807227
50.264752,70,16431.197013
121.359026,213,16432.382711
85.127066,112,16432.993646
28.069013,82,16433.467863
60.012912,68,16433.84465
165.030274,208,16440.896518
54.627397,74,16441.340276
87.771069,126,16442.094125
53.940074,65,16442.502579
47.996561,116,16443.163948
53.91285,67,16443.588393
55.605602,103,16444.16628
45.554746,76,16444.645413
45.209966,120,16445.27004
50.813365,66,16445.633523
55.243069,72,16446.044995
23.150896,600,16449.468575
75.960588,161,16450.551629
126.297169,161,16451.591746
55.795451,63,16457.871198
289.169977,352,16459.922893
247.307849,337,16462.083716
51.425496,71,16462.543557
49.135592,88,16463.114928
54.332324,82,16463.540655
74.725494,162,16464.410592
92.012442,93,16464.919819
52.616282,92,16465.436064
54.193343,68,16465.82096
71.683447,73,16466.244724
24.246321,71,16466.652143
50.080892,168,16467.645084
117.150353,154,16468.517912
119.653904,139,16469.285595
49.594235,75,16469.71562
578.608728,600,16479.355786
175.063978,449,16482.015065
558.586451,600,16485.54608
573.118085,600,16494.814983
376.85214,600,16498.073915
533.884014,600,16501.48033
118.507536,158,16502.313381
54.175728,95,16502.806395
56.223131,83,16503.252262
123.130048,198,16504.346059
594.992001,600,16513.750382
74.255718,90,16514.240481
35.337858,600,16517.858784
149.948612,210,16519.231503
33.783221,129,16520.001993
20.604934,97,16520.588625
138.9099,173,16521.567543
53.432548,79,16521.995681
43.514546,61,16522.336423
563.671062,600,16531.720077
45.783545,73,16532.120184
71.9054,69,16532.528816
104.901837,130,16533.266761
130.193993,182,16534.292191
16.93515,67,16534.650058
47.457165,60,16534.989897
27.953373,133,16535.700006
48.776561,56,16535.996387
578.19826,600,16539.219447
590.357651,600,16548.830089
48.816257,76,16549.273981
555.29126,600,16552.438815
87.852272,141,16553.232134
34.226789,224,16554.534657
53.468458,113,16555.189286
26.967971,81,16555.698099
53.237034,109,16556.422853
45.793029,70,16556.879818
67.486107,128,16557.726181
7.60245,600,16567.073771
97.763798,148,16567.898628
83.478645,118,16568.587393
44.372263,110,16569.168644
53.95356,73,16569.573549
85.816117,600,16573.400063
103.284522,144,16574.262984
57.999181,97,16574.805512
176.405039,211,16576.076438
26.988162,168,16583.17819
159.871712,193,16584.335263
66.155289,81,16584.797186
45.741507,49,16585.078627
54.414512,68,16585.466579
2.93338,70,16585.858675
120.003175,177,16586.800849
107.65159,111,16587.386037
54.730681,72,16587.806965
73.031443,69,16588.18543
48.257077,69,16588.612875
126.735545,210,16589.82885
54.99584,68,16590.229594
59.017227,53,16590.537868
38.621023,75,16591.017074
56.837766,97,16591.533568
116.766775,149,16592.34047
71.700472,89,16592.817491
61.688543,122,16593.523205
12.930358,68,16593.929807
40.323469,75,16600.375378
52.037551,87,16600.917788
85.941076,124,16601.786978
2.215057,68,16602.241781
78.955262,99,16602.836032
48.452701,166,16603.847034
25.985338,62,16604.208531
160.219346,600,16607.626785
55.659344,70,16607.985327
45.570646,75,16608.383134
24.025443,64,16608.728179
59.297713,154,16609.521381
113.3166,175,16610.489881
11.050474,132,16611.234312
51.144704,52,16611.511748
519.672313,600,16620.924384
72.4795,141,16621.810428
63.606531,96,16622.313014
48.030759,58,16622.656096
37.427644,78,16623.081162
59.709127,195,16624.229709
69.058052,74,16624.647821
55.01627,135,16625.378388
41.610248,125,16626.076316
51.006309,66,16626.437186
49.324621,78,16626.831001
32.927284,93,16627.346558
122.049467,245,16628.70143
543.576246,600,16638.115614
44.642408,68,16638.498296
58.988397,95,16639.007939
52.147848,62,16639.348251
86.80081,117,16639.960639
41.867986,139,16640.727218
18.214878,113,16641.343041
41.741781,69,16641.720075
54.703064,76,16642.142415
139.726888,174,16643.127418
21.57508,131,16643.859866
16.586629,92,16644.374253
557.944993,600,16654.113886
72.408277,137,16654.861365
108.462788,155,16655.685472
81.624548,112,16656.277618
166.569331,223,16657.431521
44.336262,62,16657.757288
65.865625,94,16658.266044
159.557542,247,16659.544502
534.815645,600,16662.944549
49.138736,80,16663.459401
41.324683,69,16663.866965
61.010055,90,16664.405008
15.141555,93,16670.930368
27.978835,67,16671.341191
33.842228,119,16672.022603
60.892805,107,16672.624192
35.027023,66,16672.989983
74.769623,70,16673.384429
40.395585,63,16673.764422
8.48231,76,16674.231775
25.800542,72,16674.662977
541.788734,600,16678.13833
33.044842,70,16678.502661
66.616437,66,16678.843893
51.59805,69,16679.198487
48.069186,68,16679.547302
62.158099,89,16680.003124
49.972379,60,16680.310853
-0.972847,115,16680.921868
53.734961,87,16681.419413
499.596932,600,16690.517046
11.26262,98,16691.08442
102.232133,210,16692.310911
108.485059,160,16693.199127
47.682836,132,16693.950176
90.760694,139,16694.779312
23.499893,92,16695.322524
26.07554,80,16695.776097
580.564361,600,16699.302525
20.174589,65,16699.687568
56.019185,74,16706.286817
34.52863,69,16706.695513
50.495362,69,16707.147601
43.619292,61,16707.47879
95.636554,242,16708.792374
102.298138,143,16709.631576
24.089723,59,16709.95103
100.472737,283,16711.572754
31.089819,75,16712.061518
118.831065,144,16713.012305
55.365817,72,16713.458997
151.743765,192,16714.56548
1.702746,600,16723.557957
51.589288,76,16723.963413
102.318182,133,16724.650745
442.071842,513,16727.471043
3.38041,88,16727.922992
64.574767,85,16728.378681
51.474323,154,16729.18407
101.86873,135,16729.905448
96.935773,166,16730.797344
45.642641,67,16731.148415
81.103834,197,16732.169329
64.427094,122,16732.833239
190.353657,243,16734.182332
63.658691,117,16740.674067
69.109808,68,16741.111024
-0.640619,66,16741.545833
-2.140053,70,16741.992079
11.900434,68,16742.409869
61.722973,114,16743.119081
134.537606,173,16744.09936
95.225142,600,16747.437737
56.895881,79,16747.83929
57.662128,98,16748.370662
126.012685,194,16749.460321
69.751856,95,16749.965661
28.710156,75,16750.403368
52.62512,65,16750.781773
47.512647,64,16751.134402
32.794065,600,16760.562165
515.040426,600,16763.699427
54.666523,98,16764.214916
13.150736,89,16764.716179
50.376374,57,16765.037792
88.486979,153,16765.883688
49.651549,64,16766.247723
57.080328,76,16766.669359
58.755975,71,16767.05268
109.117888,151,16767.895811
76.162509,94,16768.436276
40.974552,75,16768.850708
386.292933,600,16778.093147
40.84473,73,16778.507978
135.241111,224,16779.805328
52.410656,55,16780.16037
50.905908,57,16780.506719
53.714987,225,16781.718999
41.527514,69,16782.115486
225.78856,276,16783.610784
18.347993,289,16785.200704
572.067785,600,16794.482718
48.434991,77,16794.881767
46.301512,69,16795.25793
337.244989,406,16797.425473
61.272437,64,16797.79388
64.822391,88,16798.286794
55.548939,114,16798.892145
63.625846,85,16799.407232
114.696467,151,16800.282397
174.760121,270,16801.862154
90.800915,142,16802.620473
46.188141,95,16803.137679
75.342606,102,16803.687896
416.699884,600,16813.274198
106.468401,162,16814.333965
63.358798,162,16815.352506
56.759905,66,16815.692713
55.614328,130,16816.397842
123.090043,186,16817.385722
52.612004,125,16818.025611
85.284078,254,16819.365288
41.674883,85,16819.833936
52.938618,82,16820.284881
55.780434,164,16821.188859
62.709138,73,16821.583354
14.037702,73,16828.106318
138.595148,196,16829.148502
46.013,68,16829.525354
71.047845,95,16830.031694
126.462338,169,16831.072068
44.930623,69,16831.497041
50.651626,102,16832.106055
136.882567,169,16833.100085
32.60696,85,16833.593095
24.044419,58,16833.916787
108.490523,134,16834.645481
42.687144,106,16835.24982
463.252194,600,16838.820134
70.760449,158,16845.645023
44.519845,63,16845.995302
44.544934,60,16846.351948
196.586339,263,16847.886869
91.4481,206,16849.161782
6.038583,64,16849.543153
53.135869,55,16849.88381
35.650735,60,16850.250736
137.243521,199,16851.462669
58.524045,84,16851.923052
122.058225,182,16852.898616
184.836004,600,16856.387587
3.705293,106,16856.982401
66.716149,91,16863.854065
51.0358,71,16864.240544
118.487307,171,16865.194777
52.546414,68,16865.546447
572.272942,600,16869.119813
43.754539,72,16869.52991
47.970402,72,16869.89375
86.033369,210,16871.06143
198.032399,306,16872.795627
38.547239,93,16873.373041
482.583499,600,16882.775723
52.470348,76,16883.219752
47.469416,66,16883.636534
87.903729,128,16884.338448
54.767016,64,16884.6719
148.067065,184,16885.671353
49.648969,56,16885.979815
51.835701,203,16887.187338
52.926731,86,16887.661803
53.485606,72,16888.064102
15.32057,62,16888.393061
21.42347,50,16888.666245
58.107484,77,16889.072368
288.216007,392,16891.158365
173.546745,216,16892.281307
120.719643,166,16899.105134
575.835678,600,16902.424249
11.63774,61,16902.755545
24.362457,87,16903.230515
113.904055,149,16904.02028
164.554975,176,16904.952716
52.327895,70,16905.320125
32.641888,600,16908.609142
49.214529,66,16908.959034
25.57435,87,16909.407331
61.352302,57,16909.730636
148.824618,210,16916.700692
34.982603,95,16917.202195
30.38453,69,16917.620326
56.187451,65,16918.003123
67.4595,70,16918.416918
48.88675,60,16918.788735
70.89547,90,16919.342284
49.4064,113,16919.930172
66.393173,68,16920.296706
398.847151,600,16923.588007
104.086719,145,16924.372348
85.767507,600,16933.762432
112.434397,178,16934.715763
8.68131,69,16935.085188
531.806795,600,16938.426574
69.034753,71,16938.834444
54.855137,69,16939.262869
292.924616,343,16941.313028
14.395477,77,16941.745368
56.894279,69,16942.131768
49.242124,65,16942.488896
116.159425,167,16943.348782
57.050289,76,16943.761501
112.248578,157,16950.549958
18.661243,70,16950.952906
47.852908,63,16951.355261
51.799318,69,16951.745137
22.547146,72,16952.17545
52.537693,170,16953.110215
51.169839,62,16953.434492
108.290027,149,16954.245532
10.559182,142,16955.041471
526.385034,600,16958.750099
40.20315,82,16959.187501
164.494437,196,16960.224369
89.063621,151,16961.092495
55.695359,63,16961.452299
14.022328,74,16961.926297
116.875711,162,16968.638928
68.491572,133,16969.376295
63.088788,64,16969.740021
28.14181,102,16970.321121
53.050124,117,16970.964567
25.520854,117,16971.635546
22.045104,62,16971.973548
60.617521,93,16972.508044
79.115997,83,16972.961379
62.987412,138,16973.725573
69.346331,72,16974.102301
139.60609,173,16975.084056
576.664795,600,16978.337505
38.526323,73,16978.744748
113.388615,175,16985.805865
538.231777,600,16989.065357
89.545996,119,16989.775453
49.850984,120,16990.491913
51.405533,56,16990.851748
201.687838,247,16992.480114
79.505427,167,16993.510266
117.93977,191,16994.567365
121.250394,181,16995.534057
121.860743,164,16996.36037
-7.581885,70,16996.738554
69.329391,59,16997.076748
55.902387,94,17003.701089
70.060571,129,17004.541899
5.637123,73,17005.027754
61.978088,84,17005.603292
19.448857,99,17006.291576
82.200354,253,17007.84413
509.57019,600,17011.173122
593.856005,600,17014.388971
24.782254,93,17014.88046
55.701674,51,17021.154621
107.620141,166,17022.033976
59.120543,141,17022.784107
55.249316,50,17023.041431
50.045581,66,17023.395027
111.282831,144,17024.201954
45.92345,71,17024.582558
59.116567,57,17024.918469
74.919884,102,17025.552379
53.936135,47,17025.846775
13.541954,61,17026.240932
200.700893,257,17027.887509
111.536209,185,17028.968647
29.085266,600,17032.279007
54.534553,66,17032.627669
63.449735,80,17039.0548
106.960734,147,17039.86453
49.584909,69,17040.241293
98.722274,160,17041.077743
106.72328,156,17041.959305
350.242693,463,17044.711957
21.221275,56,17044.996501
60.401375,94,17045.53134
30.414019,600,17049.016049
69.244868,75,17049.390869
43.961636,53,17049.672323
159.930778,219,17056.974069
60.710676,84,17057.43241
97.621667,600,17060.919717
64.107006,76,17061.306649
31.151524,63,17061.648398
32.090547,90,17062.129251
265.834456,600,17065.558848
63.993794,83,17066.069934
53.468511,50,17066.38226
37.146153,56,17066.682096
45.41189,72,17067.044818
114.829057,163,17067.878816
83.87101,144,17074.574894
55.629063,78,17074.991076
50.913584,47,17075.286605
51.948904,97,17075.892505
51.517598,76,17076.350863
12.146974,57,17076.662228
117.800772,177,17077.648232
521.876989,600,17081.502333
101.119073,600,17084.995522
370.743155,600,17094.409641
482.140502,600,17097.810458
122.428032,140,17098.524713
55.192924,94,17099.073218
40.18846,64,17099.451566
51.880311,90,17099.99976
155.85906,204,17101.274732
145.333169,225,17102.504101
152.557039,191,17103.554686
46.336795,62,17109.815894
166.042306,220,17111.292139
50.735139,59,17111.706612
136.381729,188,17112.951726
42.421966,65,17113.347116
8.658498,198,17114.555744
30.991432,171,17115.523422
406.017276,497,17118.221201
38.523248,59,17118.532931
34.645784,117,17119.143496
74.386278,193,17120.159611
37.599221,71,17120.576725
43.950158,45,17120.845775
44.983431,56,17121.155783
78.939128,153,17127.935282
72.550948,171,17128.94826
19.967416,124,17129.702291
116.015067,176,17130.737194
75.002341,149,17131.536659
119.816255,151,17132.321603
-9.707211,56,17132.630661
333.364258,396,17134.745301
42.088259,80,17135.172002
55.988169,71,17135.549891
117.657188,145,17136.326468
140.979968,242,17137.607764
42.156842,54,17137.928158
118.273657,151,17138.835035
33.317322,111,17145.458306
58.527519,72,17145.890521
12.428533,71,17146.312156
76.232463,103,17146.876267
576.885952,600,17150.300153
52.172284,62,17150.654678
51.899069,76,17151.066816
126.78727,207,17152.16836
51.236922,83,17152.694034
40.811901,63,17153.08492
41.142425,63,17153.479176
27.247744,55,17153.809725
201.170874,278,17155.477853
113.642893,259,17162.994157
66.87509,71,17163.345211
149.088224,186,17164.324051
15.826076,54,17164.63697
74.174128,136,17165.35731
110.947215,204,17166.528842
112.190762,144,17167.360522
67.224631,100,17167.96556
112.257917,226,17169.23525
51.012404,66,17169.590794
64.127283,128,17170.307757
66.920745,150,17171.136495
578.573245,600,17180.224128
87.297215,124,17180.917441
44.190244,51,17181.223381
28.920749,177,17182.297528
50.601604,52,17182.585347
36.565301,66,17182.977425
110.048768,181,17184.108467
98.220849,162,17185.161579
34.495486,72,17185.614992
53.667825,58,17185.957653
54.265989,76,17186.384817
43.11212,56,17186.670003
88.929093,152,17187.461514
59.479345,65,17187.796534
127.433887,286,17189.285702
142.321386,168,17190.257152
151.284673,180,17191.213792
40.978122,56,17191.512063
114.68189,186,17198.230924
40.22488,64,17198.577415
28.01767,413,17200.80332
122.553746,172,17201.706141
29.326751,118,17202.357705
114.777553,156,17203.173204
145.790222,227,17204.352605
38.117966,70,17204.733152
49.043026,96,17205.247488
24.751181,71,17205.632568
29.683987,180,17206.637131
69.907395,600,17216.061033
89.278049,94,17216.577008
70.315041,73,17217.020847
47.247623,70,17217.408678
47.965033,148,17218.220737
39.585629,71,17218.601547
50.853105,63,17218.928432
63.473573,147,17219.699204
44.749715,59,17220.022018
44.180482,58,17220.315003
50.148533,146,17221.127797
176.512026,248,17222.536596
50.005314,94,17223.022669
71.640928,67,17223.375078
55.077371,100,17223.915675
38.498321,100,17224.484686
118.160781,172,17225.421518
133.637652,241,17232.539359
9.319521,124,17233.196321
95.191299,130,17233.900104
12.440888,73,17234.343018
15.497747,58,17234.643226
26.63773,137,17235.402589
156.45192,269,17236.864017
47.949851,79,17237.332599
50.761751,64,17237.697949
24.139938,600,17241.174182
55.180299,83,17241.650477
107.641338,600,17251.229575
45.953698,107,17251.819199
159.498234,196,17252.971625
55.686365,57,17253.340521
-15.997628,165,17254.383795
40.287988,59,17254.716855
44.146725,57,17255.029084
104.849487,144,17255.837527
47.931764,69,17256.202093
-1.662673,59,17256.523638
111.610262,600,17259.959474
49.277113,76,17260.41789
22.768313,107,17267.066226
569.533869,600,17270.529819
447.802154,546,17273.434062
55.359958,76,17273.869434
41.144192,600,17277.276895
588.888562,600,17286.213296
49.039437,55,17286.522897
40.276043,68,17286.877621
29.126555,66,17287.220186
58.749574,69,17287.584079
134.607171,183,17288.532529
53.40291,69,17288.951198
592.523996,600,17292.183875
57.565208,69,17292.562283
109.988905,199,17293.664195
44.482009,66,17294.026089
6.521651,59,17294.360487
107.199078,190,17301.395299
18.172305,53,17301.68671
242.815259,294,17303.380583
173.350146,234,17304.735685
53.034418,50,17305.036534
34.974233,62,17305.385896
19.093025,69,17305.785702
181.782958,205,17307.131608
74.7596,97,17307.744714
65.242676,80,17308.272752
15.267831,71,17308.701792
25.811017,81,17309.146435
560.369476,600,17312.748665
17.778025,600,17322.042558
55.220953,205,17323.179124
97.687329,153,17324.023192
334.727067,438,17326.401389
37.667966,135,17327.152231
45.020987,65,17327.488939
4.397719,79,17327.91013
49.624204,61,17328.224748
60.335569,80,17328.672375
53.000702,82,17329.13572
38.177458,94,17329.655325
67.722101,74,17330.058219
582.353779,600,17339.150183
547.637019,600,17342.354954
38.110402,59,17342.666712
25.916741,74,17343.060158
129.340672,156,17343.862399
56.388361,96,17344.394734
42.956161,77,17344.858665
133.215103,193,17345.988898
49.048542,102,17346.614908
63.935546,284,17354.229881
74.284248,600,17357.729098
62.834726,56,17358.031124
45.644322,60,17358.351427
56.342663,132,17359.082353
20.124944,150,17359.950173
19.812381,83,17360.417922
275.029597,343,17362.31316
59.356658,60,17362.665334
47.429813,59,17363.019173
57.590472,99,17363.567475
45.676226,77,17363.972952
55.735914,63,17364.32446
52.205383,48,17364.563842
37.921357,61,17364.89642
22.056865,60,17371.241809
17.47513,51,17371.511577
151.327922,182,17372.513893
61.738289,64,17372.879
49.525325,600,17376.244668
68.063797,64,17376.584159
9.717268,52,17376.891021
57.880631,68,17377.266626
9.396389,64,17377.648535
97.749002,141,17378.404582
56.141657,65,17378.746016
50.427008,73,17379.141107
37.631851,98,17379.663565
40.906421,69,17380.057364
45.262894,65,17380.410848
48.113135,60,17380.736332
49.353577,73,17381.148573
139.942784,181,17382.20295
0.840786,55,17382.494897
465.530317,600,17391.895875
528.834953,600,17395.212107
107.902558,136,17395.920027
80.938873,132,17396.67065
24.642486,72,17397.068045
119.089929,160,17398.020812
48.061516,60,17398.361478
49.611237,72,17398.79529
106.794584,215,17400.129761
99.482718,163,17406.950231
48.599021,64,17407.326157
32.754617,55,17407.635979
81.206383,126,17408.335714
25.752387,69,17408.713133
41.12746,55,17409.027755
143.308906,228,17410.280678
112.282515,224,17411.511359
44.419834,79,17411.918409
58.818868,71,17412.305152
43.02848,71,17412.71015
43.55316,69,17413.056294
57.570023,153,17413.875471
88.200998,122,17414.51737
44.178071,50,17414.765744
47.839488,68,17415.151021
14.987071,52,17415.417114
51.814671,63,17415.747103
48.236925,79,17416.176826
51.763886,71,17416.558554
46.463829,63,17416.925981
51.753588,84,17423.024841
40.935615,67,17423.368327
66.774017,140,17424.142238
129.72094,166,17425.051143
84.580281,153,17425.919272
78.844424,150,17426.74991
39.37037,48,17427.03723
13.797762,221,17428.336126
109.191599,161,17429.277248
89.950153,199,17430.419638
133.86314,237,17431.70558
50.31586,68,17432.080265
88.22929,130,17432.815349
18.456334,71,17433.199098
46.481027,64,17433.530712
63.027898,179,17440.394016
51.945132,63,17440.757472
285.155361,410,17442.936219
92.639923,173,17443.910883
52.927098,60,17444.228209
113.856006,180,17445.200304
493.903939,600,17448.485294
453.845942,600,17457.863607
54.571435,79,17458.314581
170.964148,233,17459.636795
55.00033,66,17460.029376
85.336799,129,17460.900038
57.414474,95,17461.553612
490.794241,527,17464.61218
200.043398,600,17467.829663
38.007367,74,17468.234777
106.433253,179,17469.211866
40.129674,76,17475.592863
22.883797,58,17475.937155
16.299263,58,17476.289739
69.702306,89,17476.857137
447.500195,600,17480.633992
-4.289955,79,17481.072449
442.529566,600,17484.277568
48.242305,50,17484.556998
87.654222,267,17486.007335
27.005983,97,17486.547168
56.270993,67,17486.907933
59.00256,73,17493.247501
37.259415,63,17493.587689
572.911359,600,17496.805413
49.861629,73,17497.213254
31.697209,68,17497.58596
62.828661,119,17498.247317
44.291227,52,17498.549782
45.093916,59,17498.859763
596.116083,600,17502.194536
68.713655,531,17511.029453
270.16,318,17512.876641
114.388385,171,17513.887068
556.703401,600,17517.249026
50.606322,66,17517.620229
142.727035,197,17518.68312
42.163001,63,17519.060858
35.672023,61,17519.408847
387.107997,600,17528.811506
545.970903,600,17532.448382
32.971501,63,17532.788721
-10.470318,66,17533.164047
55.123886,184,17534.13275
147.639225,249,17535.40184
53.557947,56,17535.686164
20.180933,600,17538.877671
41.450899,146,17545.719449
189.040234,267,17547.180031
21.355252,76,17547.6221
17.805398,59,17547.933077
83.938469,159,17548.820652
105.744341,168,17549.812603
41.250985,72,17550.244447
43.07369,146,17551.039588
58.545794,92,17551.625209
12.126279,77,17552.094978
50.935618,62,17552.466536
135.378797,204,17553.695398
45.914971,60,17554.065253
69.811912,168,17555.032291
135.976724,190,17556.072572
69.2464,100,17556.608249
45.737657,73,17562.90788
45.773982,82,17563.358564
55.379174,76,17563.778769
19.160772,61,17564.092176
82.405276,99,17564.661124
120.404134,148,17565.498155
-17.371382,136,17566.27623
217.69038,262,17567.686368
80.299292,111,17568.236943
52.447779,60,17568.556561
179.954872,233,17569.83831
55.043192,76,17570.243444
108.549269,147,17571.057694
13.11475,61,17571.362757
77.82332,106,17571.897301
195.530058,301,17573.601913
53.691587,59,17579.847925
83.983541,177,17580.87554
563.15722,600,17584.083328
60.01887,87,17584.56007
21.775785,79,17584.997628
20.608829,56,17585.333189
-14.092004,75,17585.750107
541.741944,600,17589.203886
94.046726,122,17589.926385
366.046781,417,17598.172158
42.510486,81,17598.663213
76.877134,196,17599.88334
30.439793,59,17600.203362
246.97974,292,17601.669041
47.370211,92,17602.163584
556.028309,600,17605.889366
24.858883,95,17606.412089
99.168395,147,17607.217449
60.471643,77,17607.682239
121.052824,251,17614.939019
52.864726,73,17615.349979
-9.761562,62,17615.684854
66.557657,101,17616.240669
215.30631,279,17617.731384
50.492344,74,17618.120848
31.75009,98,17618.697518
27.995455,83,17619.194177
149.552069,600,17622.669226
114.495693,141,17623.396363
12.921,61,17623.702916
71.067658,89,17624.166038
46.706839,56,17624.45086
195.059367,267,17625.87005
40.070882,72,17632.540613
101.426409,163,17633.402382
46.259637,73,17633.80982
50.512272,87,17634.304259
543.055934,600,17637.841067
85.354749,135,17638.712416
53.139451,71,17639.192508
54.260705,92,17639.769053
75.486527,88,17640.318126
107.996283,158,17641.15172
113.37874,151,17641.946167
48.322165,57,17642.24131
25.7638,98,17642.751595
40.219104,69,17643.106223
563.636006,600,17652.605756
17.731216,80,17653.029391
-2.023983,107,17653.626393
547.407267,600,17657.016436
-6.043243,116,17657.709558
70.959315,68,17658.137165
67.257707,70,17658.53917
47.55657,55,17658.837409
64.301203,92,17659.297932
496.323353,600,17668.541105
166.439492,248,17669.860566
113.823931,177,17670.831449
52.212539,65,17671.206857
131.09563,600,17674.533804
10.481677,600,17677.991742
23.305357,77,17678.416875
57.289306,75,17678.823915
422.473257,600,17687.810992
166.503105,285,17689.336219
59.022184,73,17689.734017
36.900759,92,17690.216297
554.859744,600,17693.488732
200.037477,292,17695.277761
51.400996,67,17695.6755
25.324486,61,17696.04626
509.173323,600,17705.334397
67.451518,173,17706.331594
52.635762,53,17706.630138
44.906278,63,17706.987193
10.743227,55,17707.286134
22.125395,600,17710.719002
121.921224,173,17711.643407
121.24972,168,17712.534613
16.925365,82,17712.987217
31.131691,600,17722.282531
28.726305,57,17722.585529
75.394596,136,17723.321952
48.918133,63,17723.6888
27.059343,127,17724.389501
48.509311,145,17725.161502
44.780031,72,17725.532229
54.060131,82,17725.967869
48.066231,96,17726.481939
93.44132,113,17727.070476
180.725195,229,17728.289522
72.13698,178,17729.232625
46.741646,73,17729.620436
40.910166,284,17736.993371
66.519791,72,17737.370462
117.300537,600,17740.918198
164.710881,211,17742.157827
224.33691,286,17743.812772
26.945336,62,17744.144876
117.066259,173,17745.056718
53.129546,87,17745.533921
47.424523,70,17745.917266
15.740431,66,17746.27627
47.160522,56,17746.578074
38.221702,61,17746.90165
574.111601,600,17756.014825
103.402863,144,17756.825249
0.291819,117,17757.455855
51.624912,91,17757.975143
37.780481,77,17758.404087
43.475463,75,17758.837123
1.796385,66,17759.212014
154.348636,314,17760.985429
59.764926,94,17761.477355
90.469948,127,17762.209719
47.282362,61,17762.54566
159.836295,218,17763.835501
55.431846,70,17764.218483
60.28136,164,17765.066114
22.834407,65,17771.247141
51.613075,84,17771.718732
27.652698,63,17772.090747
39.642942,48,17772.381936
53.014475,57,17772.742517
398.152163,460,17775.524581
53.037054,162,17776.376247
62.555002,78,17776.763426
49.432494,80,17777.164739
49.893789,60,17777.482584
293.541253,329,17779.385293
538.210404,600,17788.62374
42.403654,600,17792.121707
111.881611,178,17793.077413
74.245338,173,17793.983371
132.275697,159,17794.815406
47.016133,88,17795.284561
35.834014,62,17795.622195
22.749859,63,17795.99105
48.457335,69,17796.401129
27.449597,97,17796.960613
47.434018,76,17797.39477
92.082284,141,17798.148563
97.550358,250,17799.443228
54.251733,65,17799.803841
6.689446,53,17806.206481
54.574956,59,17806.536908
16.783137,90,17807.05721
44.072978,86,17807.565962
63.856779,74,17807.999965
20.789333,61,17808.354796
12.346691,67,17808.713571
58.499575,87,17809.200024
65.674049,93,17809.691413
56.035638,75,17810.100321
45.571317,60,17810.458795
74.756796,99,17811.071711
16.472401,102,17811.702492
25.673463,61,17812.07581
76.773398,115,17812.720328
516.253018,600,17816.206079
37.634484,600,17825.43893
54.442955,61,17825.800003
27.980176,161,17826.767728
82.348201,266,17828.426533
60.215897,121,17829.101052
83.647507,156,17829.911414
55.646594,71,17830.305854
74.984054,142,17831.088756
49.554685,57,17831.393734
108.15108,137,17832.084369
64.598165,128,17832.737685
53.321498,54,17833.030862
71.938618,81,17833.461294
34.518138,67,17833.828427
13.728706,98,17834.327062
567.069477,600,17843.666991
101.980226,149,17844.437887
39.534933,58,17844.748484
16.556993,55,17845.05064
113.273987,201,17846.153907
33.310806,64,17846.527243
54.418614,141,17847.301392
20.029627,106,17847.859581
54.55516,67,17848.205085
89.718175,135,17848.943361
56.902284,61,17849.277133
44.437491,71,17849.66409
46.467911,70,17850.060447
121.265268,156,17850.917619
31.466755,600,17859.887405
36.243032,80,17860.339413
471.125625,565,17863.617731
92.278213,111,17864.188634
344.788601,501,17866.888926
33.457839,111,17867.480175
55.869419,71,17867.876537
49.926526,98,17868.417327
110.673657,151,17869.219512
46.337085,61,17875.341132
83.547336,106,17875.930314
44.943567,138,17876.723963
41.975611,59,17877.052513
47.002645,64,17877.415039
127.307223,167,17878.341582
44.005913,59,17878.647647
202.118865,275,17880.167756
17.112397,78,17880.610962
19.577097,55,17880.925509
95.885629,121,17881.598638
563.667692,600,17884.831991
49.485182,71,17885.205809
81.558579,137,17885.940042
49.453892,90,17892.359177
11.466004,145,17893.233037
44.816465,72,17893.644967
17.409012,600,17897.111364
70.283612,67,17897.481991
34.030196,172,17898.393441
55.293404,82,17898.820437
1.743139,73,17899.219442
561.734951,600,17902.327424
93.046007,174,17903.268841
96.855055,180,17910.30905
22.103025,60,17910.648925
409.855808,501,17913.343431
71.308786,104,17913.888535
57.32376,134,17914.619814
213.769542,309,17916.313491
63.477795,118,17916.974685
52.168438,63,17917.300366
137.758391,258,17918.671134
35.603943,60,17919.015722
96.845308,151,17919.835812
48.4405,68,17920.206815
-11.074437,56,17920.520928
65.970108,109,17926.739492
47.688493,64,17927.090992
62.82857,89,17927.560976
56.427313,65,17927.928706
39.818497,112,17928.535414
47.055567,62,17928.876988
116.136681,171,17929.828111
54.257504,60,17930.16612
51.433536,53,17930.460155
48.863212,98,17931.036251
47.052472,51,17931.305171
39.031646,86,17931.779767
87.441698,161,17932.644233
57.297016,65,17933.00728
113.005241,171,17933.982904
42.134314,103,17934.5494
40.37846,62,17934.899418
33.377102,68,17935.306366
18.270508,64,17935.645513
89.348438,600,17944.902667
80.326393,123,17945.699624
37.300032,60,17946.099397
111.158173,174,17947.184709
82.674438,177,17948.290101
62.207083,74,17948.678669
100.037334,130,17949.34059
40.665057,66,17949.698924
58.916376,83,17950.144527
91.953655,103,17950.741274
528.861821,600,17954.226676
41.216118,65,17954.569094
25.901344,67,17954.929081
29.44293,61,17955.240955
60.631907,73,17961.495459
111.153259,159,17962.312558
102.228785,168,17963.221625
92.384382,140,17964.032948
67.149242,94,17964.554926
5.083558,95,17965.071965
32.468218,63,17965.460429
54.772625,190,17966.605608
-5.03759,50,17966.890507
17.739229,65,17967.256262
59.020814,177,17968.2716
27.386895,63,17968.588845
34.17566,115,17969.176689
75.66598,170,17970.090042
251.69758,280,17971.632247
536.518692,600,17980.953526
45.121468,60,17981.280439
588.26879,600,17984.512478
43.418475,82,17984.947224
103.580619,189,17985.997655
7.040354,59,17986.300595
77.577764,180,17987.255846
59.069164,104,17987.795396
42.86693,51,17988.087971
204.90278,405,17996.267008
33.54556,62,17996.595215
17.589811,60,17996.913784
42.446116,66,17997.277666
53.971039,60,17997.628767
62.958687,188,17998.631843
442.033932,550,18001.68942
-3.650759,51,18001.961815
49.697469,69,18002.341951
308.47618,600,18005.795877
44.523192,64,18006.133968
56.134596,72,18006.490573
127.881651,217,18013.664468
297.010369,372,18015.688579
14.571323,58,18016.034863
51.63919,53,18016.351959
53.123554,53,18016.665914
46.824459,64,18017.058547
56.366751,68,18017.448748
39.637028,114,18018.130217
142.714269,226,18019.357643
586.458628,600,18022.566622
42.57973,72,18022.928291
17.454772,55,18023.210717
55.649396,73,18023.629757
1.787719,600,18032.936241
45.651459,60,18033.246032
116.771575,248,18034.612249
43.839283,566,18037.686089
74.198945,113,18038.297668
110.154747,158,18039.165603
41.834302,95,18039.667675
54.246698,61,18040.012187
9.802788,92,18040.507448
-0.838068,69,18040.853161
-5.192805,78,18041.249795
55.875137,92,18047.552831
569.120847,600,18050.702789
505.305735,600,18054.002092
121.350596,167,18054.884973
15.710631,75,18055.276734
145.517688,600,18064.85315
32.580734,68,18065.225977
58.448506,64,18065.54962
477.189631,600,18069.066262
112.60401,185,18070.169199
37.447851,106,18070.74092
45.158352,63,18071.084836
141.887428,193,18072.14791
56.159549,71,18072.566165
86.416867,161,18073.464721
108.033879,127,18074.110047
71.507129,111,18074.708016
45.891125,112,18075.299833
89.682747,147,18082.087258
101.321395,152,18083.011986
197.868467,323,18084.82419
516.765709,600,18088.105487
43.355416,77,18088.507571
50.841153,74,18088.876183
47.244645,71,18089.232247
48.63421,60,18089.535833
49.640981,68,18089.875373
277.796001,317,18091.568125
551.531103,600,18100.96602
62.093642,70,18101.400854
31.766176,83,18101.880354
553.569232,600,18105.396402
511.12952,600,18108.590238
11.78964,93,18109.113033
92.366082,125,18109.792454
16.561237,62,18110.145883
51.574369,65,18110.496174
46.391006,56,18116.767016
27.26352,145,18117.56983
61.616044,103,18118.136352
46.926771,69,18118.510098
31.006672,58,18118.809706
17.827229,70,18119.189163
18.998368,105,18119.780421
103.518712,164,18120.648851
152.044551,225,18121.886618
46.327387,101,18122.44317
46.113674,53,18122.733064
108.446177,157,18123.570375
36.912476,64,18123.896598
223.011359,279,18125.389506
30.593483,142,18126.181668
475.93632,600,18135.236748
44.839256,80,18135.66849
46.740179,126,18136.324236
49.582653,56,18136.611289
130.271616,199,18137.714128
59.89303,74,18138.100823
47.480022,98,18138.587886
42.89312,113,18139.186262
53.331302,142,18139.955216
24.95024,600,18143.275677
174.181038,209,18144.614957
62.153572,76,18150.939874
3.934655,56,18151.321962
93.379799,126,18151.961814
153.051927,206,18153.035093
553.746149,600,18156.410549
34.235549,95,18156.931512
562.398631,600,18160.141969
88.949547,148,18160.942417
218.84622,600,18170.473797
52.702318,80,18170.89541
104.723859,145,18171.647041
55.345299,63,18171.988151
42.469941,268,18173.39246
47.115154,55,18173.690331
87.127591,121,18174.329981
48.440113,106,18174.881275
69.033812,71,18175.256323
48.909064,54,18175.538776
125.237034,170,18176.421769
50.946916,102,18176.980284
12.491086,600,18185.943578
50.014829,61,18186.298949
394.104023,600,18189.567056
108.746601,490,18192.308716
101.663791,140,18193.125029
5.382283,61,18193.479635
51.094431,59,18193.838325
56.270659,71,18194.261478
50.283071,60,18194.621305
52.31677,127,18195.340985
85.392526,124,18196.023988
1.158649,600,18205.35983
55.281403,69,18205.714406
-8.661394,53,18206.009716
567.597779,600,18209.14493
34.159802,72,18209.50615
119.489914,163,18210.35002
543.587523,600,18219.535978
92.500627,169,18220.471736
50.619266,78,18220.886868
52.289645,67,18221.264912
114.658812,177,18222.290194
393.38404,444,18225.169894
63.686568,86,18225.677253
70.517122,97,18226.204637
45.313696,62,18226.506271
45.575758,59,18226.810939
121.834721,163,18227.635409
42.266047,67,18227.982257
101.538105,153,18228.754807
51.404804,66,18229.109419
49.80193,79,18229.519774
68.218743,186,18230.589292
23.836553,62,18236.808301
17.325499,169,18237.707008
129.111074,181,18238.705996
75.616446,151,18239.560003
60.643759,98,18240.071759
39.956702,63,18240.410714
104.286115,600,18243.709582
45.016163,58,18244.021537
264.343352,302,18245.643145
47.075999,58,18245.998712
38.869697,81,18246.44408
73.932109,166,18247.356022
112.349145,195,18254.549913
34.399971,116,18255.22857
22.922632,79,18255.668254
29.804581,106,18256.201453
45.895546,98,18256.715732
17.380891,60,18257.055743
51.669599,59,18257.414114
27.143475,82,18257.845977
55.461809,288,18259.389636
149.152657,179,18260.345323
44.759878,149,18261.123264
40.116187,89,18261.598649
5.359421,59,18261.899354
508.115359,600,18271.069878
48.106775,96,18271.59494
116.744551,142,18272.347156
37.434256,81,18272.831172
60.682208,96,18273.39957
22.868029,131,18274.116593
20.92807,107,18274.709762
61.570839,62,18275.024726
62.205545,63,18275.357514
45.563601,91,18275.868408
33.746682,67,18276.218216
580.854449,600,18279.42915
248.869979,435,18281.789928
89.266515,206,18288.790164
24.992854,107,18289.395484
161.840053,228,18290.623764
31.609745,110,18291.22488
30.260907,70,18291.588048
46.870339,62,18291.951139
50.546584,56,18292.285987
187.421156,238,18293.680423
26.458144,160,18294.572449
46.270391,82,18295.021851
46.126077,64,18295.388368
308.545028,376,18297.418887
20.693583,88,18297.867394
379.24766,559,18306.927555
19.313835,62,18307.242987
139.449498,205,18308.308313
92.341974,122,18308.982082
64.827592,221,18310.154333
23.982173,87,18310.642831
165.011399,185,18311.620851
73.365508,600,18314.903634
152.51909,189,18315.926893
28.832373,60,18316.28071
282.94701,344,18324.056829
42.251438,81,18324.491922
47.437112,117,18325.109026
36.946907,65,18325.461098
93.506228,121,18326.135102
36.893366,71,18326.542679
88.495098,130,18327.280425
18.072043,65,18327.665142
57.898755,142,18328.501547
55.176668,85,18328.963629
130.906321,181,18329.90461
287.234237,466,18332.493412
112.664153,160,18333.379035
56.508435,120,18339.740774
274.132838,600,18343.071242
47.774709,52,18343.371085
66.259258,192,18344.470238
39.890364,84,18344.908795
64.964439,93,18345.419046
55.139731,75,18345.811174
25.591319,75,18346.240591
57.260767,79,18346.711172
190.042771,231,18348.030607
111.55954,138,18348.798357
118.434018,149,18349.641309
43.486667,72,18350.036216
52.091425,55,18350.333496
127.40648,176,18357.320169
561.693653,600,18360.92683
536.999815,600,18364.384207
53.053028,76,18364.776262
116.150358,166,18365.679184
52.949191,60,18366.059581
53.000209,52,18366.368932
66.51,74,18366.859919
85.279033,163,18367.874035
25.216477,63,18368.25407
48.800723,60,18368.622246
66.394388,92,18374.9838
61.440603,83,18375.432677
64.837823,71,18375.798074
202.740612,257,18377.233671
94.560179,186,18378.24528
565.073478,600,18381.443956
100.745798,116,18382.121372
18.402968,57,18382.474821
12.15559,99,18383.082843
47.928395,45,18383.348234
62.818728,94,18383.91447
13.09396,57,18384.28644
32.941891,58,18384.599751
40.981191,58,18384.938523
46.10818,57,18385.278662
85.919279,122,18386.021613
20.223385,144,18392.713613
53.482282,58,18393.037434
144.985172,183,18394.055743
93.196075,118,18394.687326
174.458035,265,18396.11941
571.881677,600,18399.438824
65.063262,61,18399.778094
139.23824,251,18401.088483
120.451654,301,18402.693136
13.000456,68,18403.080982
51.496838,65,18409.495044
56.991607,132,18410.188067
46.015032,83,18410.617577
33.9635,104,18411.177619
79.055781,111,18411.756003
29.599685,54,18412.044677
49.627116,65,18412.381348
65.197137,107,18413.036828
44.306458,50,18413.326634
60.899343,80,18413.771312
39.775029,151,18414.675349
55.448124,61,18415.036803
46.149924,69,18415.467379
78.245822,98,18416.02776
41.476652,80,18416.472714
77.294962,137,18417.250552
386.02857,469,18419.827693
545.744501,600,18428.953757
9.104105,55,18429.270614
19.92064,78,18429.721909
29.751091,91,18430.225241
314.112738,349,18432.120796
80.64214,177,18433.095158
48.432074,82,18433.583592
0.413368,53,18433.899446
53.77745,75,18434.320346
489.810736,600,18437.610332
51.298613,69,18444.155993
40.155011,82,18444.617807
61.870928,67,18444.967323
537.137657,600,18448.207106
31.424869,58,18448.56883
15.140305,59,18448.920241
54.833842,72,18449.348261
56.907804,86,18449.861945
29.748704,600,18453.359999
25.486224,81,18453.801338
135.56001,161,18454.717135
71.496622,169,18461.394359
58.484909,80,18461.864258
30.525135,101,18462.446626
88.291909,202,18463.560925
28.288327,100,18464.16053
49.554806,65,18464.54814
49.322265,61,18464.90451
50.72184,51,18465.199709
41.667907,47,18465.470846
547.156216,600,18469.000102
-3.119074,83,18469.517275
59.331548,60,18469.885944
552.193996,600,18479.290663
167.72651,232,18480.544829
39.835787,84,18480.993014
344.03466,392,18483.311423
107.094414,157,18484.195571
198.403095,228,18485.336493
73.610446,146,18486.128715
376.7435,600,18489.390557
100.067314,251,18497.054678
12.073246,54,18497.351911
31.070212,84,18497.833149
24.37177,600,18501.307478
47.927897,74,18501.706908
49.974343,57,18502.010325
58.242068,73,18502.395056
85.923939,189,18503.391587
86.098681,126,18504.07312
82.933513,120,18504.716452
-4.187952,55,18505.02729
95.565978,147,18505.813682
41.743144,80,18506.216914
538.800091,600,18515.884226
42.14188,63,18516.240305
67.816619,85,18516.69575
69.479172,109,18517.314666
31.927223,70,18517.698492
59.158895,95,18518.241565
42.46404,67,18518.634041
30.809882,62,18518.971794
-1.232087,75,18519.375908
49.366129,60,18519.716787
118.95515,144,18520.504303
76.461157,117,18521.170897
106.248816,151,18522.071622
46.663231,52,18522.397864
135.980125,162,18523.347947
44.772581,54,18523.626543
83.351853,121,18524.260253
399.361689,600,18533.448375
11.029257,69,18533.827896
55.929268,58,18534.163184
83.092639,84,18534.602791
36.485953,600,18538.188975
54.528806,85,18538.642815
91.332049,175,18539.629037
72.245421,108,18540.214543
10.950658,60,18540.562096
61.339368,78,18540.991291
47.667887,51,18541.287945
120.197464,144,18542.059755
20.665628,64,18542.390433
42.647117,66,18542.756716
14.558706,60,18543.097168
154.746742,229,18550.514948
110.641486,160,18551.380859
58.432033,70,18551.734837
47.718168,45,18551.971549
67.753985,200,18553.051075
62.747811,71,18553.454522
44.815027,65,18553.818496
44.470809,52,18554.100802
34.53834,600,18557.488557
120.772585,169,18558.385211
10.277162,60,18558.720766
535.970542,600,18568.393293
323.360534,484,18570.946155
94.717817,167,18571.855833
54.316434,79,18572.299211
37.810979,52,18572.598986
126.928754,172,18573.527396
48.437518,66,18573.890714
44.0023,68,18574.283886
252.386863,347,18576.295407
39.349899,89,18576.810177
36.613277,62,18577.168054
51.522384,68,18577.515645
551.193826,600,18586.707684
47.865969,66,18587.089587
47.550005,73,18587.507137
64.106905,84,18588.002566
33.980537,70,18588.406982
47.263749,64,18588.734937
127.436592,165,18589.61475
18.206424,61,18589.954939
39.037006,190,18591.06231
48.368155,55,18591.365853
27.247551,128,18592.075529
214.498208,236,18593.335895
54.439258,68,18593.689499
55.949526,65,18594.037758
-4.80476,60,18594.352329
94.596301,117,18594.988467
-1.708722,71,18595.356814
76.422941,139,18602.500231
-0.72161,75,18602.895528
78.129898,101,18603.409743
61.792448,88,18603.87726
48.035708,118,18604.530254
31.837963,105,18605.103726
114.479242,217,18606.282086
43.883192,69,18606.653939
49.921927,90,18607.157081
109.12939,213,18608.370726
259.425479,333,18610.160456
208.873201,600,18619.233029
101.65427,163,18620.15249
20.249228,65,18620.519668
94.615092,154,18621.369921
55.935945,52,18621.652052
68.023984,101,18622.225804
36.756015,48,18622.477476
17.274232,68,18622.8379
16.13804,82,18623.269173
55.866345,57,18623.582566
68.539982,89,18624.04638
46.734151,58,18624.36517
42.415398,76,18624.777038
87.921849,111,18625.402441
48.258864,60,18625.728169
22.322,305,18627.403195
64.755552,109,18627.987041
32.562366,74,18628.398484
89.991732,180,18629.340445
17.488116,600,18638.554988
44.91846,68,18638.94125
69.612223,600,18642.553391
80.780593,116,18643.341963
119.617307,179,18644.348114
65.75034,220,18645.549849
4.935424,98,18646.096622
54.206305,97,18646.608458
24.177835,57,18646.910317
42.862191,117,18647.527954
78.690667,109,18654.220562
10.888088,69,18654.624618
79.966339,167,18655.531775
333.711211,418,18657.790665
120.884152,179,18658.802434
128.364755,176,18659.769174
16.122529,600,18663.030564
537.582786,600,18672.24037
88.607584,144,18673.071828
100.231128,157,18674.007082
48.738387,65,18674.386087
15.77712,600,18677.662058
108.178724,109,18678.212825
42.149584,72,18678.607383
237.730683,326,18680.319577
584.931451,600,18689.642858
66.156591,91,18690.138271
113.281482,232,18691.356247
62.326538,65,18691.717707
87.109808,129,18692.377951
41.340495,71,18692.753083
48.19524,64,18693.089649
52.646842,53,18693.362603
16.922816,56,18693.656595
60.468899,61,18693.989378
508.422588,593,18697.281317
340.140963,457,18705.617413
50.209359,57,18705.908737
240.382051,267,18707.580005
54.401299,91,18708.17845
38.866764,67,18708.591897
37.300066,71,18709.055934
61.275907,90,18709.640202
16.879306,50,18709.911122
51.105218,152,18710.720589
137.707537,201,18711.77881
110.734731,167,18712.616297
369.942455,600,18716.226033
39.629307,60,18716.618564
19.825586,102,18723.295691
95.190885,192,18724.520107
437.366066,600,18727.848166
0.858782,61,18728.200943
57.932673,66,18728.566503
75.047391,83,18729.009637
20.001501,83,18729.468755
50.238304,66,18729.856664
114.376906,163,18730.868514
189.598563,385,18733.115317
572.899937,600,18742.276231
193.025406,241,18743.568725
554.942647,600,18746.931971
49.41482,65,18747.299536
549.104229,600,18750.501715
46.157924,56,18750.816958
17.384775,67,18751.18915
421.493908,600,18760.415634
543.637435,600,18763.831104
1.184415,460,18766.566802
53.564006,63,18766.949864
65.465656,171,18767.952733
551.813468,600,18777.231637
518.659497,600,18780.511895
42.303466,71,18780.874359
16.416266,137,18781.577137
107.915644,187,18782.545068
79.881917,180,18783.503246
-2.040385,50,18783.788658
38.175753,392,18785.925921
75.240018,92,18786.429204
52.819008,66,18792.812974
1.506126,76,18793.221879
42.871966,72,18793.607346
135.659761,189,18794.656982
42.823365,71,18795.03188
513.253257,600,18798.29468
61.048508,74,18798.691934
30.399216,163,18799.54017
45.400018,60,18799.871017
79.279339,91,18800.348523
289.335624,335,18802.110792
39.192603,47,18802.353157
7.502283,80,18802.779374
49.428348,45,18803.021225
115.728469,140,18809.719847
20.48727,56,18810.029093
90.471699,139,18810.845438
104.565243,272,18812.396112
40.35376,115,18813.017672
62.024491,114,18813.632974
58.555599,54,18813.938962
38.335689,76,18814.327325
35.207483,65,18814.681676
5.625172,57,18814.989316
86.91619,142,18815.736974
141.447702,195,18816.809726
50.379755,89,18817.330102
88.679668,111,18817.937887
56.089445,57,18818.262328
156.564639,304,18819.992074
172.277958,196,18826.999238
37.305253,95,18827.595469
121.278041,156,18828.418689
11.013288,115,18829.056486
84.134776,600,18832.525515
60.955943,64,18832.888498
49.025351,58,18833.203961
14.432809,59,18833.519676
2.249807,57,18833.856443
85.778523,149,18834.613242
43.58425,83,18835.059873
100.897698,139,18835.804086
-0.429097,69,18836.153028
20.842365,64,18836.477977
46.991434,66,18836.821265
40.11142,110,18837.419876
61.720707,146,18838.213451
125.402296,207,18845.555712
140.326402,215,18846.817465
18.328757,92,18847.348389
591.266818,600,18850.497416
5.916514,187,18851.524131
18.94239,89,18851.977568
50.307539,173,18852.879209
36.96079,65,18853.211368
528.383706,600,18862.362654
549.669994,600,18865.537392
56.142372,108,18866.083814
106.664771,122,18866.741923
57.834139,72,18867.139016
50.802849,79,18867.564185
47.000867,72,18867.947157
96.280797,127,18868.622223
87.194498,117,18869.228862
140.896012,187,18870.293026
383.09606,600,18879.860681
6.204826,100,18880.401174
42.954223,69,18880.789933
85.013405,249,18882.117147
47.147512,53,18882.397372
52.733197,70,18882.777274
91.925406,118,18883.39723
35.870055,182,18884.36974
61.921518,72,18884.753058
163.816485,203,18885.852316
322.234203,360,18887.952487
37.14845,59,18888.321025
130.556186,185,18889.335417
46.916368,54,18889.633973
35.400597,122,18896.210374
565.634609,600,18899.508825
87.558467,179,18900.442433
564.91768,600,18903.701017
425.813337,491,18906.270449
60.938209,74,18906.649095
37.638454,150,18913.015667
43.160056,67,18913.361141
25.162274,69,18913.737038
34.247144,69,18914.108029
17.614593,64,18914.470025
53.671531,64,18914.815662
156.207165,212,18915.966144
-0.137027,51,18916.254426
567.005599,600,18919.623735
35.990325,58,18919.935251
18.070931,59,18920.245738
117.480083,192,18921.259231
14.5474,57,18921.564234
20.962367,61,18921.920444
31.37898,72,18922.295972
2.279354,54,18922.57698
49.285889,68,18922.946688
25.48956,71,18923.324257
53.053148,78,18929.529102
56.227464,65,18929.889778
89.645389,174,18931.009412
48.12566,104,18931.66268
107.40414,164,18932.730587
49.950891,122,18933.497174
62.313884,74,18933.980923
89.659078,107,18934.575402
-15.181884,293,18936.343641
36.492424,77,18936.838563
48.54309,64,18937.26039
46.46767,61,18937.645903
31.665218,79,18938.12143
45.266776,55,18938.468382
163.153707,235,18939.858869
17.813425,80,18940.296085
11.680905,600,18949.446148
48.017845,80,18949.877543
42.48279,64,18950.230094
45.342154,71,18950.605608
53.410554,76,18951.048965
363.893587,422,18953.503574
146.878621,201,18954.687026
16.014371,114,18955.382203
-9.348567,66,18955.74454
26.987554,58,18956.080748
3.823309,81,18956.527373
58.203841,68,18956.90964
47.254305,59,18957.22387
176.907005,235,18958.503069
46.012333,61,18958.822055
43.90012,83,18964.823797
47.588576,50,18965.088914
156.53095,237,18966.386723
4.623849,61,18966.728859
8.896285,60,18967.090264
101.418827,144,18967.918952
97.955634,146,18968.769556
47.386416,111,18969.424934
576.39328,600,18973.054298
161.018138,205,18974.167143
39.539903,54,18974.441337
80.499127,105,18975.028971
52.203939,66,18975.409569
32.969666,50,18975.71172
16.312573,122,18976.454505
56.487245,134,18983.24349
106.08872,254,18984.668807
93.877741,149,18985.436241
54.781929,65,18985.80721
117.261105,117,18986.449926
125.245107,152,18987.249855
28.33732,119,18987.934198
65.268198,102,18988.485682
16.626514,110,18989.099428
185.022437,264,18990.44386
72.813986,84,18990.910606
53.023966,62,18991.270966
52.096187,64,18991.652313
33.052797,59,18992.000617
116.247764,233,18993.302011
148.415043,178,19000.256011
92.869922,127,19000.935331
5.353105,56,19001.242974
64.118799,86,19001.712176
55.518676,65,19002.09633
128.740745,190,19003.051732
40.7879,67,19003.399951
53.769045,58,19003.716031
56.943659,73,19004.101955
70.63389,90,19004.598116
117.575207,180,19005.576124
22.895606,62,19005.91715
10.897699,60,19006.279952
542.543787,600,19009.472108
37.604157,94,19009.991314
22.495137,56,19010.310055
41.402315,82,19010.749664
23.111183,79,19017.037881
57.173236,57,19017.363985
52.886143,161,19018.19131
44.377964,127,19018.890707
163.410044,220,19020.109868
56.373484,69,19020.518289
48.846616,59,19020.853755
137.667523,196,19022.080031
75.397458,70,19022.535121
44.40766,75,19022.990559
47.249096,67,19023.33815
38.937574,79,19023.768781
38.250673,79,19024.196574
37.185458,106,19024.77431
274.51665,313,19026.548187
-0.664922,78,19026.9704
37.528761,56,19027.24744
20.191211,63,19027.582148
14.054005,53,19027.868745
68.205832,66,19028.226335
46.6934,54,19034.270477
109.712271,162,19035.187314
10.688914,81,19035.609522
9.793498,105,19036.13822
128.166211,153,19036.970483
13.643451,183,19037.927322
87.399481,127,19038.658854
50.274821,53,19038.954423
53.931206,62,19039.35279
64.394168,124,19040.12641
11.17752,148,19040.970617
13.155112,104,19041.523656
19.235585,109,19042.111061
40.121455,600,19051.385443
578.494997,600,19054.613742
20.108962,112,19055.221361
120.5494,600,19058.848051
207.186955,246,19060.266401
14.140305,170,19061.129125
50.803352,61,19061.46055
21.92945,159,19062.351978
128.836263,137,19068.745435
58.687328,83,19069.182462
59.683905,71,19069.563402
35.417732,162,19070.420045
66.405616,71,19070.832674
21.695088,160,19071.745092
45.953196,66,19072.098739
97.857975,150,19072.882659
25.421447,105,19073.453864
45.689275,91,19073.919878
169.381252,205,19075.211275
121.917748,162,19076.287798
578.097275,600,19079.495287
84.901174,169,19086.55436
105.807431,163,19087.4566
-2.334822,50,19087.760157
530.872838,600,19091.14469
48.086626,82,19091.573167
47.643682,56,19091.898515
571.653415,600,19095.364799
102.961204,155,19096.187098
83.896182,154,19097.015645
105.474582,206,19104.049691
50.800327,91,19104.575094
37.564293,132,19105.319266
70.278077,68,19105.674954
51.88043,77,19106.090806
48.798062,70,19106.459887
551.247774,600,19110.167962
39.5623,72,19110.587785
61.897753,61,19110.924689
41.701064,59,19111.230768
5.782132,60,19111.575091
57.167479,69,19111.941819
37.052736,54,19112.231977
40.907177,75,19112.690932
468.587997,600,19121.766132
15.952289,49,19122.017135
535.767463,600,19125.203211
65.118225,600,19128.518474
371.258787,600,19131.792886
534.036352,600,19141.382857
55.697788,88,19141.915813
76.983036,106,19142.575188
131.626857,175,19143.642547
-1.917882,68,19144.039656
0.990337,151,19144.947969
41.919205,68,19145.299667
46.59962,58,19145.643344
23.435515,59,19145.95016
573.536504,600,19149.140781
54.551612,74,19149.529732
112.505621,165,19156.510307
32.830989,440,19159.222373
42.648596,114,19159.808437
74.789936,90,19160.279312
39.348878,44,19160.513335
80.140608,138,19161.237892
52.118981,88,19161.702137
114.673792,149,19162.523838
18.099861,58,19162.833041
52.713971,70,19163.22735
3.305583,85,19163.668227
39.179004,73,19164.087285
10.245379,600,19173.62099
551.330461,600,19176.947856
66.817619,91,19177.524579
29.330461,78,19178.019577
19.304824,86,19178.595466
52.973909,87,19179.041411
49.793837,79,19179.443858
8.346899,76,19179.828338
160.698302,210,19180.914233
48.83245,61,19181.233625
234.612558,600,19184.481799
38.352814,136,19191.143087
27.077403,143,19192.026149
38.054519,77,19192.509248
101.208197,298,19194.199458
536.8879,600,19197.321521
192.12312,228,19198.516279
56.39319,50,19198.787949
237.746801,316,19200.427111
93.675481,161,19201.270982
38.274789,60,19201.583247
17.238435,71,19208.042893
56.348556,64,19208.407866
12.497288,66,19208.777165
46.209498,65,19209.137527
86.539781,166,19210.064793
55.381215,64,19210.408413
48.658503,81,19210.867816
33.229772,54,19211.160632
100.244448,139,19211.932562
77.860644,85,19212.436554
52.480536,78,19212.896472
12.715224,61,19213.25049
102.837628,150,19214.020905
47.69152,143,19214.76464
57.285991,53,19215.043505
45.310752,70,19215.449671
68.568662,134,19216.150784
594.822986,600,19225.222783
86.679287,114,19225.841119
59.973089,77,19226.258076
12.203641,97,19226.866438
53.293677,60,19227.196111
555.658293,600,19230.910709
159.593204,226,19232.199906
46.84592,73,19232.645256
34.626391,76,19233.072169
15.607686,114,19233.692598
64.996845,65,19234.032304
329.388442,481,19236.696014
72.059633,102,19243.404676
29.032552,154,19244.273131
116.110006,150,19245.074458
13.304852,62,19245.415984
89.779697,153,19246.268456
50.630972,71,19246.652106
340.522065,398,19248.862805
52.529132,76,19249.290181
47.306852,126,19249.955822
-5.160343,600,19253.327732
67.508263,112,19253.938465
583.895742,600,19263.331421
527.758133,600,19266.687186
46.079598,61,19267.030451
24.378768,166,19267.981459
49.957124,61,19268.30507
-10.359265,62,19268.634493
5.539993,49,19268.889274
53.785035,70,19269.296999
40.44023,46,19269.571656
72.812142,154,19270.443534
40.571848,104,19271.00023
52.930096,76,19271.428583
133.426027,180,19278.362092
24.672262,162,19279.292443
71.804423,92,19279.825824
46.959672,61,19280.143603
51.359487,54,19280.421065
40.162975,65,19280.760193
133.248602,175,19281.704549
48.508555,79,19282.118492
115.254668,184,19283.106816
569.352591,600,19286.378514
99.012978,158,19287.22597
82.000766,142,19288.051375
46.947103,68,19288.428291
546.254873,600,19297.5202
53.687236,118,19298.193318
122.186751,167,19299.097908
44.184377,157,19299.989581
49.469308,54,19300.3229
-3.672988,65,19300.724594
-8.6603,57,19301.073041
50.183614,57,19301.424421
147.298912,186,19302.577229
50.54261,76,19302.993515
122.466091,156,19303.774388
60.124329,85,19304.26371
27.510543,121,19305.021144
138.609181,191,19306.257506
18.306153,88,19312.854839
81.926503,94,19313.323241
552.845141,600,19316.585244
20.323673,74,19317.006829
53.627336,59,19317.350494
47.989971,67,19317.716191
140.684642,217,19318.865249
42.598806,50,19319.140864
47.714129,49,19319.401291
85.034425,155,19320.196657
39.711693,55,19320.508921
48.372399,120,19321.167289
369.769162,600,19330.512862
557.153633,600,19333.898732
-9.844686,600,19337.333123
26.527613,59,19337.674353
28.022668,61,19337.995034
44.820428,88,19338.469039
89.379736,128,19339.143759
57.885574,84,19339.635072
117.310563,138,19340.447797
105.052798,131,19341.254917
50.165081,102,19347.865883
19.943017,68,19348.262291
30.837763,133,19348.999665
156.018716,182,19350.093572
289.113887,352,19352.285958
36.17778,62,19352.669552
116.902358,152,19353.574644
44.912723,61,19353.913406
47.383654,96,19354.414154
305.660703,369,19356.379474
49.80423,66,19356.747848
90.906889,173,19357.665028
46.787287,102,19358.233364
53.221625,69,19358.625778
37.397834,77,19365.026414
447.447292,600,19368.343564
182.800335,254,19369.747974
58.484181,75,19370.17572
-4.875905,56,19370.496487
53.861388,128,19371.216313
57.457172,106,19371.824185
51.442198,60,19372.157597
227.194872,288,19373.741224
51.14443,600,19382.795156
102.5727,124,19383.473418
468.326834,600,19386.724448
6.533802,59,19387.043457
46.736663,57,19387.364653
13.884474,70,19387.774756
87.676383,137,19388.520574
270.701381,362,19390.5084
65.577652,66,19390.898005
108.992148,179,19391.946409
-4.333683,80,19392.414881
64.020315,93,19392.935119
560.491838,600,19402.088843
82.814834,78,19402.535136
569.019339,600,19406.147429
79.048796,116,19406.831954
38.867696,54,19407.143653
13.89947,53,19407.442675
126.91316,175,19408.391515
28.628694,59,19408.706624
266.287769,341,19410.57569
45.427944,58,19410.903772
29.210983,87,19417.275698
48.620169,64,19417.624035
138.232885,201,19418.80905
45.565797,69,19419.185129
56.609737,73,19419.571091
28.723309,87,19420.063188
518.305294,600,19423.537732
-15.848796,70,19423.933069
58.207953,62,19424.259065
55.444475,64,19424.621183
36.744137,77,19425.06938
17.795012,204,19426.169175
111.463968,224,19427.32873
530.628149,600,19436.266655
72.912716,138,19437.032183
79.165604,90,19437.555537
180.103766,478,19440.601626
52.626248,58,19440.905981
97.262658,159,19441.787966
24.317146,107,19442.355797
49.009224,131,19443.058839
119.713883,165,19443.907233
55.158609,66,19444.269129
115.001207,176,19445.210006
21.718286,82,19451.414179
71.466239,76,19451.887974
162.759156,223,19453.130395
22.919797,76,19453.549238
524.417669,600,19456.818296
74.60524,171,19457.804372
59.392834,150,19458.620617
41.333194,61,19458.970558
136.065586,161,19459.852217
43.506833,65,19460.20677
52.243634,71,19460.600138
40.562345,101,19461.17174
181.06225,215,19462.320421
22.108161,126,19468.975673
49.552837,77,19469.385903
82.504383,164,19470.307773
56.235417,108,19470.899958
491.645188,552,19473.925065
118.548035,190,19475.077533
41.820432,62,19475.454589
-10.49864,62,19475.869984
0.202954,69,19476.334763
59.397363,68,19476.801632
62.635902,75,19477.286616
53.898097,59,19477.621433
37.697982,63,19477.980919
39.103033,72,19478.372045
6.673098,98,19478.904859
110.143543,220,19480.134358
544.134379,600,19489.625807
36.306918,75,19490.077029
26.178836,82,19490.515126
582.315119,600,19493.788408
113.396433,325,19495.440845
48.574359,61,19495.743398
35.883958,85,19496.201603
50.709499,65,19496.528383
61.620205,146,19497.28527
41.13616,62,19503.585451
121.748429,146,19504.378028
18.798046,58,19504.714561
18.867674,104,19505.296292
51.546038,64,19505.650945
524.066211,583,19508.844241
58.436705,86,19509.335517
42.466148,74,19509.770846
90.249358,202,19510.904737
130.881956,166,19511.851904
65.421083,232,19513.209503
8.152408,100,19513.826207
32.875592,70,19514.24766
586.080381,600,19523.494014
48.380171,83,19523.997115
437.921781,600,19527.36167
27.871955,70,19527.786044
41.787493,58,19528.146442
48.472437,57,19528.502725
66.812512,82,19529.023592
158.034268,211,19530.180632
169.825266,198,19531.261819
532.927946,600,19540.344317
126.184728,180,19541.303209
25.348171,182,19542.310088
135.522038,175,19543.308044
63.571467,134,19544.069386
43.870074,66,19544.456141
43.81558,117,19545.115921
46.813199,93,19545.648614
14.301282,112,19546.267053
348.834997,393,19548.496639
22.874427,125,19549.180218
-4.574643,146,19555.908239
100.844067,148,19556.728271
10.633792,63,19557.092686
42.256755,81,19557.564664
40.290653,66,19557.958659
21.773662,82,19558.449165
20.097064,69,19558.878381
137.873418,187,19559.886787
4.467192,81,19560.296526
23.640786,74,19560.662298
531.550898,600,19563.87728
31.760801,65,19564.215074
58.514875,87,19564.690474
10.290687,103,19565.250881
65.195968,135,19565.986194
507.262657,600,19575.284602
34.409308,56,19575.608253
15.267,78,19576.032542
36.223835,74,19576.463149
52.577539,67,19576.85423
41.22601,50,19577.152233
44.754058,53,19577.461135
48.607408,66,19577.857911
44.537594,113,19578.536212
40.351726,141,19579.381822
170.666659,279,19580.95656
92.528834,118,19581.60529
22.661941,112,19582.213486
46.573804,69,19582.582803
124.808883,184,19583.574785
296.392816,407,19591.463318
99.765825,151,19592.257083
558.808165,600,19595.439681
81.193313,177,19596.390002
3.762093,65,19596.789829
45.712467,45,19597.035735
93.31787,212,19598.311639
48.28149,49,19598.613146
72.734114,88,19599.133096
555.066791,600,19608.596747
45.841062,49,19608.880109
118.706191,209,19610.160319
52.460729,64,19610.527877
586.847445,600,19613.971001
45.17952,46,19614.236434
61.073218,95,19614.752628
34.943628,69,19615.153117
130.630186,212,19616.436772
548.030741,600,19625.722426
69.878432,549,19628.653842
31.908817,123,19629.341344
61.426208,74,19629.771463
50.868694,55,19630.086806
44.428104,57,19630.413711
50.961459,107,19630.975437
46.408615,61,19631.31012
1.611564,295,19632.913942
46.331063,54,19633.225723
91.976063,133,19633.94116
47.912496,123,19634.609065
24.185826,95,19635.177251
35.87165,92,19635.720326
45.722961,60,19636.073056
78.361143,99,19642.681291
45.968544,99,19643.294957
53.327919,54,19643.64703
53.679885,58,19643.956742
83.331993,153,19644.765416
18.361191,97,19645.280206
31.385524,89,19645.738682
110.121788,176,19646.6973
61.365919,181,19647.738257
9.720269,71,19648.160509
113.628202,150,19649.047274
45.287911,110,19649.658777
117.024251,168,19650.639861
15.712029,60,19651.002814
47.30295,76,19651.431068
43.953642,85,19651.962688
49.892982,62,19652.327579
46.050705,64,19652.681559
131.585573,600,19662.168401
134.086747,154,19662.996591
211.018401,262,19664.479801
36.947676,50,19664.762408
247.325539,305,19666.349621
81.705329,124,19666.979156
61.618527,88,19667.448207
539.179595,600,19670.726313
44.246834,67,19671.091293
131.548349,190,19677.964517
108.453325,140,19678.729757
85.542735,102,19679.339268
114.820731,164,19680.276808
84.44359,130,19681.042231
49.872769,52,19681.300809
58.244895,50,19681.549295
72.875797,92,19682.024099
214.481947,281,19683.489573
18.722273,114,19684.094077
23.56156,73,19684.460679
72.710962,64,19684.833094
30.12555,112,19685.430055
66.18694,147,19686.243495
65.192412,96,19686.816248
51.394505,63,19687.157531
211.085359,255,19688.510304
22.846921,71,19694.942508
49.55947,54,19695.246009
107.843771,149,19696.062418
117.337565,158,19696.916417
22.80122,600,19700.294459
38.97196,61,19700.652372
557.678351,600,19704.107049
115.913846,600,19713.201099
29.498746,600,19716.678828
41.140164,71,19717.051966
75.073182,94,19717.553454
52.492232,118,19718.2638
192.587516,222,19719.673495
30.357786,57,19720.029888
573.265776,600,19723.416754
569.195427,600,19732.773018
57.1765,57,19733.075835
22.077113,99,19733.572412
71.23011,86,19734.043162
26.813939,136,19734.744669
50.628612,66,19735.112194
106.29096,160,19735.98981
49.79906,60,19736.354314
84.998723,225,19737.703425
44.984342,52,19738.004062
43.25347,48,19738.269882
54.461638,112,19738.858068
582.000149,600,19748.137064
18.195851,71,19748.521165
48.908618,70,19748.923986
49.441792,70,19749.304444
33.311576,93,19749.799208
73.052057,78,19750.212656
45.52672,61,19750.532485
43.720581,61,19750.858798
45.190807,101,19751.441006
71.148208,95,19752.01727
-10.369853,84,19752.576808
95.503689,102,19753.234309
45.583055,77,19753.696771
115.360983,197,19754.729313
37.436445,56,19755.043374
198.780239,286,19756.553547
94.380328,128,19757.31865
11.025396,59,19757.656745
7.110845,76,19758.13429
44.451228,69,19758.570542
15.002493,65,19764.893297
28.967288,600,19768.473476
34.684827,211,19769.660039
43.535623,141,19770.418806
40.841132,71,19770.805858
16.996357,66,19771.176772
58.158616,82,19771.644794
51.58335,85,19772.153327
52.886335,75,19772.58496
58.989731,67,19772.957893
580.38295,600,19782.101147
38.477553,56,19782.452211
66.417338,92,19783.008951
54.231876,59,19783.349393
88.135154,116,19784.010441
54.835075,60,19784.332809
54.826771,76,19784.739545
-18.006069,129,19785.450506
54.129439,59,19785.767563
552.147308,600,19788.982877
44.10568,56,19789.291937
122.036706,151,19790.140776
17.297846,118,19790.847394
76.314453,275,19792.635421
580.587599,600,19802.137445
59.974749,114,19802.782163
21.688308,72,19803.188977
137.27649,166,19804.127729
74.401329,146,19804.998345
482.376495,600,19808.423093
23.167457,90,19808.950282
19.05932,54,19809.254093
9.796977,62,19809.595308
98.575002,144,19810.408388
48.009747,62,19810.741729
48.215193,56,19811.062645
38.875902,130,19817.473112
344.517826,430,19819.914869
49.664507,55,19820.195846
46.226403,108,19820.790972
-6.030151,49,19821.089825
140.119632,199,19822.176413
38.450036,56,19822.494854
45.629809,66,19822.895477
60.374833,194,19823.940947
81.644382,91,19824.39838
21.230746,81,19824.820062
137.599072,196,19825.821945
52.316234,184,19826.85175
33.17358,245,19828.380152
92.591744,129,19835.198688
15.179785,54,19835.489224
66.866989,152,19836.317419
82.747063,227,19837.678021
10.613256,64,19838.084949
187.477259,227,19839.503113
52.002396,59,19839.811985
52.739637,73,19840.197403
131.696753,177,19841.127805
29.536345,80,19841.522673
540.014085,600,19844.904572
16.003271,233,19846.144086
121.525419,175,19853.030083
63.140608,119,19853.689834
71.811746,177,19854.68435
48.02835,600,19858.144518
33.221234,600,19861.787908
49.80351,52,19862.139003
43.892068,86,19862.675304
1.761646,53,19863.015005
557.553197,600,19872.750895
293.283998,322,19874.521295
47.740647,54,19874.825428
86.69817,121,19875.530219
43.820124,68,19875.893483
40.300465,76,19876.295937
48.927101,58,19876.614391
37.392171,68,19877.011343
101.416336,183,19878.027004
20.672895,69,19878.389
20.872853,53,19878.683285
68.858125,106,19879.28925
370.467713,600,19888.533056
-2.174927,52,19888.842977
79.976619,88,19889.30583
36.951502,63,19889.654452
548.071482,600,19892.866107
10.953111,53,19893.153177
16.015075,61,19893.469942
51.569449,67,19893.826543
151.099827,216,19894.964067
41.83166,59,19895.251043
68.543873,81,19895.67717
43.268031,54,19895.957794
22.315335,119,19896.618942
172.821115,244,19897.958201
553.423817,600,19907.205009
135.626164,233,19908.450389
62.503285,102,19908.978188
80.581001,124,19909.642574
50.898561,104,19910.221536
54.45107,60,19910.591828
6.512915,50,19910.864552
53.496429,63,19911.267691
7.916244,71,19911.70095
223.328964,295,19913.544647
24.841339,101,19914.176279
108.87233,134,19914.997365
544.90779,600,19924.078518
39.734798,100,19924.59177
82.703768,118,19925.218481
57.617012,71,19925.603274
20.091553,71,19925.985518
52.447855,78,19926.397237
276.34483,293,19927.963576
579.907006,600,19931.239419
9.911234,106,19931.8335
59.34293,60,19932.177632
127.02108,163,19933.073233
46.336549,62,19939.609845
493.755553,600,19942.884434
573.12307,600,19946.082896
38.041306,103,19946.672932
54.030786,89,19947.196479
112.334077,190,19948.31317
165.405962,192,19949.509089
49.031085,75,19949.968449
67.310071,151,19950.77952
556.701771,600,19960.068566
41.757075,87,19960.549347
82.557851,155,19961.358114
108.788594,175,19962.267372
100.604786,137,19963.031235
40.258221,98,19963.560734
48.821434,194,19964.600883
48.170841,62,19964.929159
51.783969,108,19965.524908
170.706025,197,19966.612827
122.268027,198,19967.694467
57.014585,68,19968.073098
10.735768,57,19974.097291
133.883324,175,19975.061205
30.297782,173,19976.011428
59.612112,70,19976.37498
73.923192,86,19976.846266
418.337388,476,19979.453595
58.027629,172,19980.477985
216.258391,258,19982.044026
48.245072,61,19982.423202
57.388145,69,19982.855705
5.521913,63,19983.263411
53.274715,69,19983.662361
132.259257,245,19985.017996
126.744447,155,19991.819964
45.423384,66,19992.201056
314.815153,403,19994.337211
46.311439,62,19994.669589
74.008784,112,19995.285287
9.751251,103,19995.830383
72.856713,172,19996.745789
-6.805657,112,19997.348594
48.004611,257,19998.727918
17.43394,111,19999.323354
115.616069,183,20000.376816
115.564592,153,20001.234475
39.217107,88,20001.727757
171.907082,221,20009.017108
43.402069,80,20009.428653
153.034162,192,20010.465101
43.972041,60,20010.818637
46.408007,69,20011.18771
105.524023,164,20012.090636
27.8377,66,20012.448348
36.895944,97,20012.963932
27.746601,72,20013.355531
46.559295,68,20013.776459
44.063413,74,20014.230542
74.991175,140,20015.112214
36.692794,160,20016.153325
36.007285,101,20016.687485
135.198972,273,20018.165453
23.695741,87,20018.64477
52.866031,54,20018.914667
65.242158,85,20019.347994
13.44353,53,20019.627554
10.626351,57,20019.93145
67.613066,82,20026.653885
43.360417,52,20026.941225
48.968682,58,20027.263651
50.869434,72,20027.6802
61.484722,130,20028.409593
99.580878,219,20029.627702
58.658632,66,20030.015055
30.461652,56,20030.325257
89.062337,95,20030.840748
43.639253,63,20031.206075
52.824812,52,20031.508108
98.422235,137,20032.361523
36.255965,67,20032.779463
46.462309,91,20033.342663
239.236446,281,20034.915178
126.160506,185,20035.884808
46.41589,60,20036.235077
52.844046,62,20036.564981
48.681303,64,20036.932534
54.38483,193,20043.812524
79.532204,106,20044.474546
49.590548,52,20044.782099
49.24532,124,20045.498044
535.34843,600,20048.815989
548.479159,600,20052.205494
70.877663,150,20053.137822
20.178135,62,20053.502245
44.762199,66,20053.882838
530.477737,600,20063.353158
61.287158,70,20063.717847
18.388383,63,20064.049088
42.293735,65,20064.382793
34.85814,75,20064.77896
555.071132,600,20068.025185
49.513659,70,20068.415878
526.726816,600,20071.630919
65.295216,110,20072.231931
71.151673,177,20079.030437
513.664188,600,20082.33012
51.925139,65,20082.67823
15.104752,56,20082.984081
241.788872,309,20084.643355
128.444263,183,20085.634275
-1.061167,53,20085.923753
89.820984,143,20086.759316
22.565579,170,20087.71982
76.722572,133,20088.589837
136.214339,183,20089.700295
39.22212,59,20095.969121
54.509038,68,20096.420416
30.713299,57,20096.771747
246.451161,379,20098.978284
36.316625,73,20099.369564
102.319115,141,20100.130941
118.289141,152,20100.955464
41.846014,58,20101.289742
45.540333,65,20101.673084
571.380577,600,20104.934238
53.773058,67,20105.304499
41.947443,76,20105.734246
30.893531,161,20106.60842
106.416169,159,20113.417655
53.206308,56,20113.714113
45.987815,67,20114.07718
106.003967,138,20114.833331
264.269344,299,20116.438109
145.956294,186,20117.46087
103.013276,156,20118.302952
33.764424,102,20118.870345
52.775078,72,20119.262458
-6.69131,600,20122.712067
205.72106,252,20124.096304
204.822744,259,20131.606369
56.396717,64,20131.990091
21.965758,44,20132.249305
104.074155,147,20133.129894
86.841904,126,20133.870278
53.991807,58,20134.204499
1.160584,98,20134.787483
44.97728,53,20135.093883
56.171318,79,20135.489499
40.071788,59,20135.802963
48.358548,62,20136.12922
69.151261,124,20136.803014
92.816158,141,20137.586369
33.00417,81,20138.096742
120.2691,170,20139.167588
51.066054,63,20139.548159
131.880895,195,20140.829772
22.247197,64,20141.17609
35.276794,112,20141.786923
47.790167,72,20142.180057
11.600378,59,20142.527883
43.019926,68,20148.900733
47.011665,54,20149.20502
51.059523,212,20150.332834
34.0951,143,20151.070104
108.283259,188,20152.071924
101.292545,227,20153.269768
42.289383,58,20153.577182
400.026561,600,20156.95202
141.360435,199,20158.090792
50.272958,75,20158.512293
64.794395,118,20159.144039
48.372398,74,20159.538403
44.615417,101,20166.193904
34.865363,81,20166.635419
24.322049,91,20167.117673
50.531592,68,20167.480132
14.199883,600,20170.727689
361.912972,600,20174.073194
73.800837,100,20174.677585
49.251133,60,20175.035067
541.991017,600,20184.371301
50.148071,156,20185.191818
42.38771,97,20185.689034
80.148328,145,20186.485839
41.701518,76,20186.939547
552.495584,600,20190.251633
46.213856,118,20190.889764
44.386624,59,20191.214504
76.65685,81,20191.676376
344.140225,600,20201.157873
17.02943,111,20201.753905
44.323721,60,20202.114773
13.829302,57,20202.475636
550.90212,600,20206.040603
54.25838,75,20206.464582
65.416769,110,20207.050902
49.083581,93,20207.537446
56.386758,133,20208.256013
137.593256,173,20209.163337
61.083431,90,20209.674166
37.319759,66,20210.036932
51.418068,92,20210.528669
118.544999,143,20211.354578
115.364259,194,20218.559945
45.484313,91,20219.073093
32.727751,50,20219.363854
519.237871,600,20222.627598
44.39419,65,20222.992996
48.508025,72,20223.389165
125.2837,191,20224.392843
180.436731,232,20225.63658
65.221853,148,20226.399092
21.90794,219,20227.609453
565.689252,600,20236.761157
74.335063,146,20237.581887
52.976845,202,20238.816515
39.772298,52,20239.128724
198.280673,237,20240.648007
55.225098,86,20241.109008
92.986451,125,20241.813532
39.211966,59,20242.138373
53.86939,74,20242.5468
31.995618,81,20242.991025
48.822216,115,20243.587837
42.460537,70,20243.943055
128.518148,184,20244.895769
147.645761,217,20246.052735
161.245781,600,20255.323528
124.277811,156,20256.168472
535.230973,600,20259.586156
20.235035,67,20260.022401
62.822319,67,20260.461835
169.788023,206,20261.636478
0.817322,600,20271.017381
12.651771,136,20271.77531
110.216919,171,20272.706411
95.806886,133,20273.384651
66.413915,600,20276.72871
30.290583,600,20280.172195
102.686531,124,20280.906352
44.622456,74,20281.377974
4.300345,52,20281.71989
80.121098,99,20288.23582
40.8432,49,20288.545831
138.123732,169,20289.507939
50.922281,77,20289.927478
38.341491,57,20290.240798
585.256624,600,20293.720476
48.027681,68,20294.079999
96.257536,203,20295.155964
563.882378,600,20298.338081
85.384797,116,20298.972609
59.782668,80,20305.322563
573.861821,600,20308.787175
17.876081,143,20309.649386
62.6261,132,20310.512468
-12.309643,57,20310.895391
30.033822,87,20311.376951
51.965718,56,20311.682806
94.125064,136,20312.400105
64.487857,142,20313.133628
114.998058,148,20313.965598
45.863361,53,20314.248282
545.83236,600,20323.209108
46.93944,65,20323.551743
45.308543,81,20323.994169
61.741386,70,20324.42567
45.68907,60,20324.745823
40.700243,80,20325.150182
51.811202,129,20325.86789
53.016694,74,20326.257921
95.766408,152,20327.093669
33.941026,600,20330.454597
40.630257,95,20330.930523
45.194929,79,20331.358874
374.822097,446,20339.926382
39.889113,102,20340.517907
59.608971,102,20341.171023
26.45111,79,20341.639199
52.220032,71,20342.077939
47.241419,57,20342.40334
47.590389,111,20342.957944
48.679615,83,20343.399742
171.22005,268,20344.772823
11.694895,57,20345.083764
132.689985,199,20346.198189
73.075581,166,20347.096813
56.252726,149,20347.889867
17.093448,66,20348.277542
26.714328,84,20348.741193
45.729798,144,20349.517207
48.015319,86,20349.944263
59.833167,91,20350.404403
40.177273,93,20350.873233
48.856966,62,20357.192598
47.750396,48,20357.461285
58.343713,70,20357.828817
21.733949,91,20358.294104
566.964523,600,20361.550877
21.51423,60,20361.904995
31.932723,65,20362.290811
50.580528,59,20362.631458
106.807085,149,20363.498293
183.316115,270,20364.898691
529.20291,600,20368.053023
117.023694,183,20374.620503
28.43497,132,20375.405983
49.700251,71,20375.82845
38.288906,54,20376.148882
18.449561,68,20376.519508
64.975873,119,20377.205591
65.631429,169,20378.134267
95.694983,143,20378.844818
19.113415,66,20379.195466
80.629661,125,20379.828038
41.989031,130,20380.511635
61.800334,83,20380.99615
13.762207,57,20381.330066
108.276362,148,20382.168808
57.106597,111,20382.774392
349.912864,419,20390.823792
97.422529,194,20392.050907
31.272865,78,20392.54473
23.529769,105,20393.223762
62.531752,80,20393.758325
34.640188,97,20394.37059
41.446715,79,20394.826974
46.51329,56,20395.150842
25.497857,106,20395.761974
252.200519,477,20398.389325
48.439483,53,20398.675141
3.716416,57,20399.011068
120.594743,207,20400.133654
46.673371,64,20400.479652
49.719852,49,20400.744261
107.589441,137,20401.515895
15.768524,67,20401.881272
104.258714,154,20408.807794
18.222887,65,20409.198599
43.156668,116,20409.899662
90.572856,147,20410.780267
575.259602,600,20414.222628
64.583562,62,20414.57278
49.281935,121,20415.227927
47.593205,55,20415.544709
18.676431,64,20415.873221
80.212338,93,20416.369964
15.480619,78,20416.763817
3.272197,67,20417.118009
114.786895,259,20418.503617
151.765912,195,20419.564843
45.773965,60,20419.900737
40.662086,63,20426.364156
45.0542,62,20426.712154
130.408264,155,20427.585887
415.705218,463,20430.283764
30.441669,134,20431.064035
127.358229,142,20431.834792
207.784314,269,20433.294489
77.891559,110,20433.951734
97.369475,253,20435.515894
37.532288,600,20444.653325
40.00142,60,20445.032643
58.162328,600,20448.467956
47.465807,104,20449.018771
49.449726,50,20449.288922
70.420777,91,20449.765442
157.584331,186,20450.771576
83.313263,144,20451.579592
43.061788,67,20451.948711
185.602082,228,20453.250583
51.012697,70,20453.645858
52.477845,69,20454.062748
30.799114,92,20454.614215
206.15653,299,20462.44622
47.881063,55,20462.77009
8.628512,56,20463.080242
52.035788,61,20463.383393
66.953305,94,20463.92503
66.813215,62,20464.26504
34.459458,52,20464.551085
43.873296,53,20464.830377
23.188877,55,20465.131187
99.59245,135,20465.844229
131.715321,162,20466.738639
54.802517,69,20467.102196
45.272394,91,20467.602613
225.574903,305,20469.340985
83.800579,112,20470.102432
1.933868,57,20470.420786
25.057035,142,20471.270163
127.841671,186,20472.345379
48.506862,55,20472.685874
51.584748,77,20479.247335
101.290912,129,20479.96754
55.762474,90,20480.467789
40.827246,115,20481.087095
50.176342,83,20481.507096
73.245696,137,20482.246232
3.207276,600,20485.488082
141.50908,180,20486.435845
49.476638,64,20486.759338
189.467293,240,20488.083912
42.703274,92,20488.597734
100.698221,151,20489.440629
128.649718,217,20496.647245
549.978677,600,20499.770293
551.484247,600,20503.143682
85.795097,149,20503.942756
35.946915,61,20504.268862
21.228265,99,20504.828004
49.804802,72,20505.25365
37.514051,74,20505.664925
42.238791,155,20506.512494
49.410114,72,20506.881911
9.185176,52,20507.15026
108.380572,230,20514.438537
33.906016,63,20514.793202
29.24899,144,20515.731358
69.86681,124,20516.500434
40.715839,51,20516.831118
120.534413,215,20518.257179
56.59787,76,20518.647208
12.79955,75,20519.045965
8.556849,99,20519.547781
60.891801,68,20519.898998
41.085546,51,20520.182379
590.486793,600,20523.424139
40.509097,79,20523.843093
305.426194,439,20532.109367
91.859803,140,20532.86928
107.868081,124,20533.553274
58.411797,97,20534.03427
90.252646,138,20534.762623
53.166212,61,20535.093428
70.829647,78,20535.488657
52.426226,65,20535.840907
131.525959,180,20536.864173
42.952499,108,20537.456081
114.286964,176,20538.398771
552.263028,600,20541.973888
53.30053,69,20542.328954
14.982521,97,20548.649232
97.314489,148,20549.443272
114.215314,145,20550.231282
416.738899,516,20553.342627
60.937059,101,20553.902792
124.136696,180,20554.816624
46.962411,61,20555.148513
48.799628,61,20555.466122
1.735278,53,20555.742452
101.526626,236,20556.984569
176.948518,600,20566.578588
59.108821,88,20567.053684
137.447857,180,20568.072568
60.50206,133,20568.806765
219.959625,273,20570.317068
6.797357,56,20570.663141
20.091778,600,20574.098299
32.123423,78,20574.5449
42.588616,112,20575.184052
43.643408,48,20575.472349
45.224809,51,20575.756629
-6.227296,87,20576.277167
64.669432,71,20576.67985
138.004545,198,20583.803077
55.903497,96,20584.34539
35.021479,128,20585.007511
48.631095,98,20585.562694
48.355469,63,20585.928731
116.728416,176,20586.858664
132.310597,191,20587.842258
65.824868,179,20588.807974
-1.737576,63,20589.141188
7.769961,139,20589.894389
119.865588,144,20590.681947
49.35112,54,20591.011428
122.540036,206,20592.155614
37.820127,58,20592.493949
11.792597,138,20593.269448
95.961392,151,20594.065797
356.597892,469,20602.40152
119.864019,143,20603.376728
45.909473,88,20603.971863
65.155598,81,20604.476748
50.248591,57,20604.85752
40.028018,57,20605.234423
124.890985,170,20606.334636
10.956958,600,20609.867185
45.926829,53,20610.169433
106.060825,180,20611.12937
51.499537,53,20611.41222
354.361774,441,20619.582947
216.80381,280,20621.044146
69.551808,114,20621.671279
49.261836,116,20622.328027
154.545823,200,20623.503921
49.837916,61,20623.886619
6.291872,78,20624.380523
164.27829,222,20625.732775
39.484448,54,20626.047234
-9.385921,48,20626.315633
135.511038,264,20627.745058
29.527266,600,20636.651479
39.93404,115,20637.296284
120.372148,201,20638.427633
30.91834,67,20638.798228
504.837882,600,20641.989693
15.584976,53,20642.266151
40.210118,131,20642.988956
46.597287,125,20643.713641
51.231189,128,20644.489421
47.675426,54,20644.825975
19.705809,62,20645.175903
47.900827,83,20645.682592
42.188746,72,20646.122872
18.056005,82,20646.580813
49.623497,62,20652.818156
248.327066,320,20654.573186
45.534152,63,20654.927749
31.378469,57,20655.236568
15.208482,161,20656.137692
145.125614,202,20657.260842
75.204385,75,20657.656432
156.861505,191,20658.694152
54.895483,56,20659.011727
57.502817,63,20659.37231
64.682,136,20660.16152
36.833227,60,20660.514925
325.111831,372,20662.656282
152.522657,198,20663.74943
42.518742,70,20670.053473
565.644395,600,20673.317253
9.809959,74,20673.729797
64.820358,62,20674.077282
78.778195,184,20675.071888
189.131162,248,20676.484338
101.7649,159,20677.418849
411.983877,537,20680.319408
11.62567,61,20680.668379
56.107004,67,20681.081348
73.766377,89,20687.47792
124.088388,155,20688.312895
89.905311,171,20689.222421
136.019733,225,20690.399468
54.434616,56,20690.702347
48.055228,66,20691.083785
4.202768,53,20691.372398
53.891859,107,20691.929579
69.751343,90,20692.425496
65.363643,111,20693.005745
87.218756,114,20693.624942
28.655447,159,20694.478048
53.031396,63,20694.81485
72.944679,101,20695.38626
34.504672,61,20695.710721
9.725685,82,20696.164927
41.454198,73,20696.557528
55.794258,90,20697.021744
47.360542,51,20697.327413
36.27731,63,20697.666501
107.644833,213,20704.837505
48.636539,154,20705.767465
7.394133,60,20706.128891
52.576728,71,20706.549383
45.402046,66,20706.926257
550.584093,600,20710.279679
87.495256,132,20710.973866
80.890383,109,20711.522992
277.161516,389,20713.593801
45.242369,73,20713.970585
136.237674,161,20714.889066
16.641784,64,20715.257759
46.881519,55,20715.59533
521.324425,600,20725.256607
49.452954,56,20725.580777
-2.992076,58,20725.895541
538.374753,600,20729.34199
75.718146,98,20729.88025
566.307059,600,20733.100952
115.928959,171,20739.375661
89.147032,203,20740.54018
27.578457,54,20740.842481
17.121634,52,20741.140569
19.290975,61,20741.463483
39.668745,63,20741.797163
48.106675,49,20742.100174
64.718865,92,20742.61923
35.254277,85,20743.092082
83.973638,296,20744.720708
9.677003,102,20745.280816
62.79843,74,20745.678215
26.115895,73,20746.069765
78.280048,208,20747.24049
407.827957,565,20755.906122
45.809226,56,20756.217341
53.245612,60,20756.526896
82.25395,170,20757.522943
56.885504,77,20757.989223
193.369189,264,20759.697904
60.09207,92,20760.277464
51.023305,131,20761.151474
41.635007,60,20761.498979
40.799396,56,20761.785786
20.584606,67,20762.170454
14.509799,55,20762.49104
35.992299,124,20763.225171
49.872086,66,20763.644761
89.364576,159,20764.533752
58.946344,129,20765.245692
195.462149,239,20766.508372
25.862121,124,20767.170871
150.639184,200,20773.934185
112.494948,199,20775.043764
24.276723,67,20775.399746
27.146636,61,20775.712258
73.111497,85,20776.16802
52.874892,98,20776.682844
40.544837,52,20776.968742
98.165401,170,20777.903945
52.12557,76,20778.328377
3.144858,277,20779.791632
41.143731,50,20780.050299
38.340362,600,20783.284504
14.710032,59,20783.614075
197.445847,239,20790.673931
96.807574,142,20791.441282
79.548873,191,20792.518824
50.015162,76,20792.961418
39.144682,92,20793.546854
574.22886,600,20797.073628
491.697661,600,20800.597496
63.120525,82,20801.020466
71.477169,96,20801.528826
102.374565,138,20808.280984
13.802389,58,20808.644153
45.190743,104,20809.263955
182.233943,279,20810.83321
74.467152,115,20811.499646
122.779288,205,20812.632607
46.755016,52,20812.923074
43.949344,86,20813.354527
9.469544,600,20816.587342
44.959549,56,20816.888562
142.188083,211,20818.043479
55.393684,61,20818.407972
-12.318094,57,20818.76868
53.119481,60,20819.148319
127.724783,203,20826.405505
17.24986,62,20826.758662
-3.824511,70,20827.164358
54.306194,46,20827.434942
48.994534,60,20827.748563
123.958049,156,20828.597614
94.813207,230,20829.805777
-5.327109,108,20830.390762
28.700785,67,20830.73494
33.809095,67,20831.101052
42.530069,108,20831.684371
0.818767,600,20834.986008
57.582744,109,20835.593873
116.86248,185,20842.670162
17.200732,80,20843.081769
23.819011,62,20843.428592
54.039549,78,20843.855478
73.547079,115,20844.531192
555.603288,600,20848.121479
501.10869,600,20851.271322
44.886904,68,20851.645328
88.403202,140,20852.41085
45.919665,55,20852.722083
44.778461,76,20853.128394
84.664448,134,20853.850626
73.548196,120,20860.655637
51.230052,129,20861.425989
-10.0,53,20861.741661
71.904143,95,20862.269886
70.079574,171,20863.31426
152.419872,202,20864.60223
454.122466,539,20867.639635
112.021755,154,20868.559067
51.027731,53,20868.878011
378.721303,415,20871.316803
69.833709,116,20871.929581
21.564574,600,20881.580006
-4.267736,112,20882.282526
54.387285,70,20882.683839
38.142164,58,20882.999313
204.964862,257,20884.36694
36.722569,81,20884.789613
49.338011,68,20885.132846
41.911701,67,20885.47137
17.679827,67,20885.802679
121.72905,180,20886.839295
40.815941,64,20887.236956
13.833297,55,20887.553353
170.052323,222,20888.940506
47.395467,54,20889.284793
87.750896,147,20896.027582
540.158534,600,20899.651266
118.413269,162,20900.513268
20.350603,61,20900.838175
582.820771,600,20904.173745
48.214429,116,20904.842628
53.728723,59,20905.169553
18.865509,92,20905.6583
22.260594,157,20906.516703
47.630427,58,20906.835352
43.600529,57,20907.131131
534.571578,600,20916.173415
17.052455,55,20916.460687
258.897268,600,20919.651769
585.665532,600,20922.982809
73.48906,137,20923.82004
27.653872,54,20924.13949
33.870862,63,20924.522483
50.30508,58,20930.628208
561.894525,600,20933.83795
68.574559,80,20934.264928
42.640955,55,20934.571274
96.141993,600,20937.752644
299.346687,375,20939.925869
47.846255,58,20940.278242
520.773707,600,20949.79121
51.853901,65,20950.143449
13.963355,48,20950.405235
72.68331,177,20951.311873
14.184796,56,20951.643108
42.555246,62,20951.996155
61.673061,133,20952.740986
50.615799,54,20953.061166
37.972446,59,20953.422896
49.361008,80,20953.899461
44.991647,67,20954.269382
49.515563,81,20954.706149
95.292896,126,20955.384926
50.754261,64,20955.718948
-6.805532,51,20955.975616
51.552194,82,20956.393441
16.105764,70,20956.75355
30.790687,74,20957.14431
38.887832,55,20957.46179
590.03036,600,20966.573287
106.854204,158,20967.446766
96.458984,114,20968.073122
16.027509,64,20968.425641
48.857394,57,20968.736416
62.0563,126,20969.385576
58.185758,79,20969.827629
33.62099,47,20970.081682
39.196047,48,20970.344755
58.010353,105,20970.910658
54.382864,109,20971.495775
18.979208,47,20971.764241
15.519221,94,20972.314999
160.709875,212,20973.500503
34.488525,49,20973.769239
540.481119,600,20982.992581
21.523133,124,20983.684289
15.301877,52,20983.953075
90.595359,140,20984.753793
180.410524,301,20986.698152
47.187556,90,20987.221861
49.988655,62,20987.567778
529.725575,600,20990.933722
21.133339,61,20991.289977
17.236075,57,20991.623918
31.28814,600,21000.981471
114.317475,219,21002.197085
11.165437,65,21002.555188
92.209151,148,21003.335478
17.245583,107,21003.888012
50.096929,66,21004.261722
6.314308,60,21004.559101
54.695031,63,21004.873583
8.130237,600,21008.111418
49.51169,58,21008.44068
56.188529,78,21008.915153
74.413284,97,21009.487828
64.083356,95,21010.079807
90.037774,208,21017.243086
69.396543,163,21018.173889
101.344938,600,21021.46563
345.508548,600,21024.896712
549.373969,600,21028.334233
81.207895,86,21034.805271
45.753591,58,21035.147951
93.191998,153,21036.113846
42.046194,98,21036.730279
93.794238,154,21037.686735
560.261464,600,21040.987576
20.52619,112,21041.547838
73.471683,76,21041.959574
64.137028,169,21042.999451
75.082359,126,21043.656161
155.388823,223,21044.829165
77.952915,98,21045.404633
61.179287,101,21046.021638
571.042097,600,21055.501766
14.987655,118,21056.126542
26.53426,91,21056.596368
22.403877,70,21056.965933
48.782007,57,21057.273304
40.859774,57,21057.59729
10.75754,64,21057.970035
56.788554,66,21058.325179
193.796513,274,21059.798204
124.04884,187,21060.830391
12.068374,180,21061.841558
51.326102,47,21062.08375
36.708449,121,21062.762161
54.111259,102,21063.332672
420.901156,543,21072.481881
42.897514,51,21072.764964
61.577156,80,21073.207319
42.225221,53,21073.500409
233.426455,310,21075.196887
23.574862,100,21075.762644
57.011169,56,21076.069089
37.802685,67,21076.454462
545.108262,600,21079.732262
78.789303,383,21087.853067
570.995239,600,21090.972307
47.65682,52,21091.258657
513.665264,600,21094.72357
24.070748,78,21095.2138
92.277581,600,21104.505491
20.140945,55,21104.817734
48.232964,59,21105.13737
47.448516,122,21105.777012
35.590391,70,21106.158136
41.190336,88,21106.650558
97.938265,127,21107.34076
7.021193,52,21107.639066
16.782632,94,21108.154088
18.050603,54,21108.467393
17.084404,124,21109.117145
47.394512,147,21109.962457
86.248193,114,21110.58672
201.195637,332,21112.360137
50.45587,60,21112.691338
14.916109,66,21113.058152
54.687691,55,21113.363507
562.443652,600,21122.570893
19.503089,148,21123.457906
40.029444,163,21124.301121
58.481163,70,21124.672082
135.951776,172,21125.541476
554.982406,600,21129.148863
69.611409,600,21132.599134
47.965351,276,21140.241664
76.407044,94,21140.740207
28.163769,190,21141.778302
49.443829,108,21142.348931
557.457706,600,21145.669556
80.406528,226,21146.882031
35.743823,56,21147.218469
32.008136,69,21147.620224
562.734404,600,21156.742221
126.702787,164,21157.614638
429.146513,476,21160.198434
78.151271,88,21160.688485
105.473095,168,21161.540648
11.839178,56,21161.846187
43.379043,58,21162.157363
512.096396,600,21165.431256
36.218799,62,21165.746355
42.938073,600,21174.926545
115.603521,199,21175.963609
49.266686,64,21176.334847
139.699735,261,21177.700176
102.675045,145,21178.4649
45.899047,55,21178.765602
46.899787,63,21179.104063
87.795998,131,21179.820128
47.058776,56,21180.107212
132.322473,269,21181.520436
61.094876,101,21182.031733
49.913792,60,21182.328453
96.973853,260,21183.713067
29.823875,79,21184.135616
570.71844,600,21193.571621
59.124377,81,21194.063915
-11.507745,67,21194.463485
28.314577,98,21195.037734
310.758858,385,21197.082944
29.475387,70,21197.451791
217.326576,284,21199.034363
563.664285,600,21208.153248
6.308416,600,21211.861197
53.494798,71,21212.35109
6.88337,90,21212.910444
51.412685,57,21213.250796
59.716651,110,21213.894376
48.546128,75,21214.310092
-3.557949,75,21214.733329
35.419116,600,21218.263962
399.857564,442,21226.552649
181.455817,274,21228.104532
102.39812,140,21228.862555
38.390611,73,21229.284063
43.824852,79,21229.763616
38.84053,101,21230.364829
20.948988,169,21231.382656
16.088245,108,21232.053881
107.496732,151,21232.940076
270.46202,343,21234.848568
101.484366,165,21235.807536
529.015533,600,21245.052937
23.401639,160,21245.909635
72.546087,85,21246.378645
158.673426,232,21247.676298
50.815492,85,21248.150585
48.953008,54,21248.434031
66.297612,105,21248.985579
118.972543,226,21250.152559
106.230621,133,21250.867213
30.411304,142,21251.639371
380.743177,443,21254.361373
43.741583,58,21260.417755
17.36526,600,21263.635381
37.783478,86,21264.105705
54.701848,61,21264.430633
41.251554,128,21265.132246
51.241094,59,21265.441322
111.880499,183,21266.454637
9.765862,600,21269.819953
100.257846,204,21270.918193
12.839014,52,21271.179708
236.269095,409,21279.328725
57.661791,144,21280.170675
40.951529,172,21281.226041
8.852418,600,21284.65621
37.434089,110,21285.315801
75.241422,79,21285.782227
47.65453,50,21286.075637
15.654303,63,21286.467195
105.033158,133,21287.164781
192.024085,247,21288.442136
80.076413,183,21295.520778
48.569474,70,21295.902156
-11.080742,62,21296.274641
-5.578526,65,21296.668916
-9.054396,243,21298.036986
42.207896,45,21298.290598
99.665485,130,21299.010915
54.368427,54,21299.32812
123.209158,192,21300.354935
16.200028,57,21300.692072
115.183022,135,21301.441123
35.998791,65,21301.789289
558.735237,600,21305.112457
50.08686,70,21305.473189
22.674294,135,21306.187729
48.995663,50,21312.341772
45.894104,51,21312.641271
99.380961,164,21313.539303
38.757799,86,21314.018034
74.866464,165,21314.864823
294.321474,359,21316.916213
15.88134,114,21317.588978
185.65784,224,21318.8868
-4.579876,51,21319.150088
53.956155,52,21319.416755
69.198166,89,21319.874841
32.341987,86,21320.34339
80.589033,147,21321.157043
-10.477567,52,21321.416903
32.863541,61,21321.722194
57.970759,124,21322.369344
53.64863,75,21322.82551
46.645462,72,21323.243709
47.17306,72,21329.657189
115.475578,147,21330.593862
47.321361,58,21330.987546
550.736371,600,21334.647234
386.82577,456,21337.311422
42.422936,140,21338.22662
475.112164,600,21341.654304
17.751816,63,21347.921543
43.283598,65,21348.301935
227.754832,313,21350.010652
12.343741,86,21350.476377
547.351761,600,21353.837823
94.793249,137,21354.554895
76.185963,130,21355.279316
48.565762,61,21355.598339
17.850136,85,21356.090346
76.367447,600,21365.264435
47.886047,78,21365.721705
46.518608,66,21366.074873
38.22701,84,21366.539025
48.582708,56,21366.846663
7.98519,72,21367.225261
45.378429,67,21367.575491
47.302379,110,21368.150768
66.725478,108,21368.698037
457.481482,516,21371.532485
18.020598,58,21371.879186
85.609208,145,21372.743134
91.55401,132,21373.505277
54.227396,65,21373.850523
71.688706,250,21375.300014
44.70139,105,21375.922162
86.393956,129,21382.634146
135.583114,155,21383.569444
22.124772,92,21384.096796
516.734733,600,21387.403291
579.774921,600,21391.046597
42.729972,55,21391.359463
49.154696,58,21391.692965
123.114776,161,21392.58286
14.754125,85,21393.023072
55.46374,67,21393.39185
16.996194,166,21400.22412
97.011763,144,21401.050235
61.780502,102,21401.591612
40.680521,63,21401.955803
8.660995,50,21402.237514
45.154405,57,21402.562271
33.05354,157,21403.491927
5.073751,116,21404.232574
591.944104,600,21407.44975
155.74024,187,21408.447833
48.290159,57,21408.770269
114.657386,147,21409.517238
117.009343,298,21411.140514
31.319962,57,21417.494786
28.658644,97,21418.041713
41.588697,51,21418.310413
43.348814,58,21418.638642
20.173564,56,21418.971287
18.438703,58,21419.286826
48.370094,112,21419.910011
92.645173,167,21420.826175
50.691455,65,21421.181833
40.507738,72,21421.604642
27.214343,63,21421.981151
113.350228,151,21422.836234
84.314163,137,21423.612338
30.486116,109,21424.24648
566.236052,600,21427.501416
43.639213,59,21427.811484
35.541681,196,21434.629343
563.167717,600,21437.789401
258.624574,327,21439.578323
109.529945,234,21440.821296
354.626835,407,21443.03387
50.594604,53,21443.32889
165.114011,265,21444.851226
57.02854,102,21445.431004
51.113986,56,21451.537195
242.285744,276,21453.06836
76.151545,89,21453.578852
17.672949,60,21453.885715
201.148325,260,21455.288242
61.329514,136,21456.037148
50.24543,76,21456.442264
40.192441,61,21456.766403
121.539854,187,21457.743199
102.803248,140,21458.463
48.553117,55,21458.756067
41.924514,52,21459.049403
46.508056,276,21460.595959
46.272443,58,21460.92334
61.763352,119,21461.557679
584.784607,600,21470.646348
75.442641,600,21473.899247
38.679755,50,21474.17087
44.614619,54,21474.493243
78.992496,157,21475.329818
95.124014,127,21476.013893
14.090107,55,21476.311865
48.799537,73,21476.710411
207.273824,232,21477.919878
9.387374,108,21478.521081
51.564405,191,21485.098879
88.223548,131,21485.852236
33.987233,65,21486.210483
36.992337,130,21486.952074
48.172629,73,21487.335879
69.965484,112,21487.958203
66.734784,600,21491.270931
18.184451,57,21491.566483
382.652412,439,21493.945084
18.330656,110,21494.522161
60.247192,600,21503.547468
67.1246,152,21504.345266
259.922404,303,21506.095014
42.869688,51,21506.385812
100.68027,146,21507.21987
92.838741,119,21507.911575
45.333973,205,21508.976724
181.846543,260,21510.341424
99.022072,160,21511.179337
87.687599,122,21511.818568
10.727145,60,21512.14384
15.563898,56,21512.47195
100.090349,155,21519.535959
85.63773,131,21520.376971
121.373994,174,21521.506485
156.42185,200,21522.666181
44.039472,51,21522.945053
212.695358,286,21524.477158
33.826105,125,21525.126356
523.584016,600,21528.420362
46.85905,72,21528.799233
15.776622,54,21529.084718
98.212372,600,21538.562157
51.47176,54,21538.863755
89.712813,212,21539.966615
110.252659,135,21540.658572
64.014724,184,21541.71724
44.06569,52,21542.016636
110.099595,162,21543.002017
10.94995,53,21543.328659
52.39727,93,21543.952876
21.398708,59,21544.318652
42.731685,56,21544.689292
96.161864,140,21545.55372
69.479144,73,21546.027841
17.880328,60,21546.419371
56.344023,64,21546.809793
13.659839,70,21547.219654
67.464953,100,21547.814087
557.646932,600,21557.247443
40.386906,92,21557.854615
56.755684,50,21558.173904
24.480975,101,21558.749268
105.7892,162,21559.624628
185.479358,270,21561.200243
390.229578,442,21563.62769
34.841098,105,21564.184767
3.705876,56,21564.473447
67.037902,156,21565.28959
4.823513,600,21574.731876
42.549644,52,21575.028633
1.459639,88,21575.545702
79.914695,180,21576.581102
87.777755,95,21577.100708
-7.852469,148,21577.999898
51.156965,56,21578.325052
16.637556,65,21578.673692
49.735922,59,21579.001753
219.191021,330,21580.872184
54.59201,67,21581.249434
104.818944,154,21582.087032
16.366871,105,21582.674462
-0.475587,49,21582.969552
96.923814,124,21583.680766
55.676015,71,21584.078575
542.611936,600,21593.401293
-10.526387,52,21593.70114
104.937258,142,21594.503818
11.068148,58,21594.844767
58.521586,74,21595.280371
40.073557,108,21595.895219
53.404065,54,21596.208285
132.99328,233,21597.624852
46.133087,61,21598.015735
51.007376,133,21598.790356
39.656141,56,21599.102303
147.793062,212,21600.278685
46.618073,68,21600.675709
89.801483,140,21601.470204
103.903779,150,21608.235901
15.296738,76,21608.71501
74.252028,75,21609.208417
78.551317,115,21609.940044
77.375564,154,21610.903325
98.525978,127,21611.585019
52.27135,60,21611.892645
11.928715,73,21612.293174
11.452718,53,21612.582882
104.032317,126,21613.332
363.414084,600,21616.430206
34.373275,69,21616.780098
56.138058,61,21617.096902
98.155414,162,21617.967237
39.397765,139,21618.708333
43.866874,65,21619.051044
76.335388,113,21625.412406
78.387484,140,21626.166132
-8.901626,55,21626.475804
52.855213,75,21626.863077
251.437341,312,21628.502673
52.392531,56,21628.806171
-2.059441,53,21629.085074
15.311924,58,21629.393208
17.911791,153,21630.209372
-1.270843,50,21630.467738
45.733082,77,21630.91259
59.579215,136,21631.66068
34.007948,144,21632.424897
214.95092,301,21634.024422
44.829687,112,21634.625652
397.516075,600,21643.697625
45.722221,59,21644.042518
42.261459,116,21644.693439
61.097275,72,21645.125691
115.077691,175,21646.150614
40.437758,53,21646.49659
119.721351,161,21647.451145
-1.517739,51,21647.736465
12.954364,354,21649.709199
51.842744,59,21650.018942
46.993458,137,21650.745323
53.048974,56,21651.047613
45.415768,399,21659.330609
49.396188,56,21659.620275
54.83063,44,21659.86357
37.407711,61,21660.185973
38.722554,59,21660.494175
10.52526,94,21660.999075
38.249426,132,21661.708231
35.785795,68,21662.086926
35.818766,101,21662.662965
230.338982,337,21664.610448
42.388105,57,21664.938178
108.236931,183,21665.956692
552.194549,600,21669.205544
85.246508,163,21670.080894
34.639278,83,21676.336586
45.615061,50,21676.608023
44.6873,115,21677.221383
75.439802,140,21678.066601
37.928048,101,21678.736423
38.706068,47,21679.034473
267.863974,302,21680.885904
37.873258,52,21681.182644
27.851333,600,21685.243964
80.286502,144,21686.13627
120.509834,184,21687.279773
0.244582,65,21687.65574
108.419654,147,21688.433092
328.26903,415,21696.729318
45.647084,57,21697.077325
35.114951,44,21697.336581
16.20105,56,21697.638651
289.020224,363,21699.661252
19.216588,600,21703.078074
50.31672,63,21703.421416
48.909359,79,21703.861431
23.369969,66,21704.225703
24.652967,109,21704.829837
40.997134,77,21705.236398
47.189135,73,21705.641139
8.644779,54,21705.936345
109.344859,600,21715.262054
35.310989,600,21718.660739
51.471344,56,21718.985854
20.67295,199,21720.160994
577.30197,600,21723.672407
143.312187,323,21731.636015
87.96139,600,21734.962978
58.628278,124,21735.649378
33.353473,53,21735.947386
49.321332,47,21736.240976
14.129828,60,21736.621548
24.21351,74,21737.075632
138.423745,148,21738.024341
48.353816,82,21738.532562
290.955538,390,21740.675809
499.217564,600,21750.090238
41.649356,139,21750.947833
49.91085,61,21751.324301
5.703967,58,21751.653928
62.821642,71,21752.071981
166.439397,231,21753.48128
51.083861,58,21753.855766
49.669126,74,21754.300821
23.542874,600,21757.818445
553.871581,600,21766.925617
22.90749,85,21767.385887
50.161758,70,21767.760484
567.984739,600,21770.952416
14.30335,57,21771.240246
563.464915,600,21774.606275
206.884361,280,21776.146029
74.919498,142,21782.696858
53.758332,50,21782.96154
6.59546,60,21783.267311
15.722975,58,21783.576789
60.500808,79,21784.009659
546.577932,600,21787.342471
46.218718,54,21787.62377
45.505031,66,21787.993394
38.821661,64,21788.330312
8.933797,61,21788.685564
105.057904,158,21789.544728
541.165524,600,21792.663256
106.873453,161,21793.542359
33.184862,46,21799.598719
66.994127,90,21800.099362
73.957992,152,21800.960666
49.267449,53,21801.296484
20.04584,87,21801.831638
20.634722,65,21802.225155
160.121318,195,21803.488567
50.612883,76,21803.987806
59.097466,178,21805.09337
573.786554,600,21808.427706
41.679756,67,21808.815691
40.657194,61,21809.15093
61.673156,79,21809.559453
3.384679,53,21809.860057
27.869248,63,21810.186752
52.70093,68,21810.56659
43.226395,53,21810.864677
88.859606,128,21817.487672
548.381565,600,21820.693914
363.835732,434,21823.111902
129.669223,160,21823.986442
55.398956,65,21824.308487
94.361019,134,21824.988095
-11.092265,75,21825.402316
49.231574,70,21825.796136
46.424291,109,21826.437298
14.936999,87,21826.89139
94.478264,137,21827.701386
-14.603862,314,21835.703051
55.852782,96,21836.318199
568.693496,600,21839.664514
399.180018,472,21842.192101
33.261874,64,21842.535627
38.33196,106,21843.09084
185.977719,265,21844.516615
43.288689,59,21844.81902
46.324989,75,21845.235212
63.29791,81,21845.653935
98.741007,149,21852.297871
56.673905,85,21852.724588
19.182976,70,21853.086104
24.532591,53,21853.383235
54.255802,99,21853.939923
56.084651,87,21854.437998
34.714264,159,21855.330691
17.659932,600,21858.962252
119.113165,147,21859.84743
60.385974,78,21860.278097
115.935767,161,21861.23905
26.178304,119,21861.962948
103.243862,152,21862.833405
58.302917,86,21863.32675
40.848744,62,21863.672779
38.788283,179,21870.433692
48.527566,66,21870.81261
35.221593,71,21871.224162
317.790406,348,21873.072484
158.408776,176,21874.03714
51.840446,75,21874.466329
55.727272,55,21874.782359
124.174466,195,21875.960265
47.014609,55,21876.316293
41.682658,61,21876.658042
44.678706,57,21876.99734
554.624427,600,21880.4088
54.684484,159,21887.469314
47.226162,50,21887.752504
39.495109,62,21888.13129
564.389262,600,21892.070583
49.348867,48,21892.356744
15.7874,600,21895.820081
35.278444,49,21896.139111
459.531158,600,21905.497434
34.283138,75,21905.902044
55.624209,70,21906.320199
18.129097,85,21906.763387
61.192809,69,21907.190454
60.089817,125,21907.91979
319.238224,382,21910.017743
-1.604947,85,21910.545496
127.165606,194,21911.806562
59.867389,165,21912.841665
32.407547,70,21913.303027
127.640851,188,21914.506178
4.343944,54,21914.836257
24.586561,600,21924.214475
108.405724,162,21925.149579
7.899434,171,21926.107736
-2.983679,64,21926.445809
16.898212,68,21926.800306
237.338153,317,21928.452961
112.128315,135,21929.194255
46.374049,73,21929.60287
75.675585,100,21930.194953
253.815377,301,21931.80964
41.224551,51,21932.083213
60.810653,117,21932.728995
145.669934,171,21933.716352
215.164398,386,21941.636754
127.361576,180,21942.732398
58.336839,160,21943.796487
109.033152,162,21944.833389
27.489375,600,21948.187634
304.08146,350,21950.284391
33.828748,44,21950.55027
44.365159,49,21950.838133
40.353471,82,21951.2773
60.906026,90,21951.762756
14.080417,78,21952.189831
157.711796,177,21959.08942
50.036691,80,21959.51475
46.701362,58,21959.835068
44.526515,103,21960.412366
34.247883,75,21960.804083
22.48659,600,21964.16227
29.433342,600,21967.75348
64.932373,71,21968.190213
77.178277,137,21969.019212
245.726117,321,21976.897831
50.13524,56,21977.242062
57.862314,65,21977.631569
12.803942,60,21978.004124
546.795595,600,21981.333323
115.688096,166,21982.219803
14.367003,66,21982.560548
43.423457,52,21982.835919
5.832327,78,21983.260143
48.994961,73,21983.616812
230.757765,261,21984.998512
-5.482053,115,21985.593878
145.838396,179,21986.534248
44.076642,100,21987.085675
41.275453,56,21987.404407
112.607024,138,21994.266571
560.630376,600,21997.76591
45.137184,56,21998.099466
40.265009,58,21998.448497
148.927725,210,21999.555426
73.355015,191,22000.56846
45.68137,58,22000.892122
54.026596,57,22001.226636
22.286371,64,22001.565964
52.846029,52,22001.856066
87.839135,132,22002.635434
57.57202,64,22002.970671
1.149424,51,22003.253087
47.936106,62,22003.577311
45.994303,64,22003.899872
39.234702,144,22004.639374
353.855088,426,22012.816749
308.76383,395,22015.121679
519.360803,600,22018.498773
37.4462,110,22019.098013
521.74587,600,22028.231169
42.087619,79,22028.713546
84.05345,113,22029.426975
87.031305,161,22030.404703
28.838425,600,22033.804037
52.610908,72,22034.159184
46.792407,69,22034.530838
-12.093831,63,22034.879109
28.583468,600,22038.302427
65.850859,600,22047.701167
14.357846,311,22049.546428
51.685272,79,22049.999781
147.01915,239,22051.325612
99.580802,137,22052.063179
28.525397,600,22055.476562
75.757222,94,22056.04817
48.787643,64,22056.438579
8.172547,128,22057.267555
154.448173,290,22064.74842
35.420287,69,22065.141017
50.302324,53,22065.417959
126.02683,146,22066.234752
51.877206,55,22066.560858
19.851211,85,22067.058975
41.960363,52,22067.393283
2.139751,69,22067.770764
370.89144,538,22070.674365
563.471763,600,22073.885765
17.889389,60,22074.225383
48.936254,50,22074.503311
42.770962,61,22080.763418
45.715492,55,22081.064829
55.564622,75,22081.491222
29.887536,63,22081.834851
12.638875,86,22082.335871
43.270481,87,22082.891797
108.346738,230,22084.328607
7.73947,85,22084.812739
58.428599,118,22085.42831
20.372757,59,22085.725715
56.403017,54,22085.996486
343.971245,435,22088.366943
111.392347,130,22089.069019
55.148056,62,22089.422808
44.789916,60,22089.742405
80.611027,91,22090.2634
48.572702,79,22090.699103
27.831614,600,22099.736283
42.832833,59,22100.078578
558.798037,600,22103.401473
45.752153,68,22103.757485
54.953929,66,22104.113514
44.330621,84,22104.582654
27.927923,60,22104.902905
9.875402,154,22105.719476
155.864318,192,22106.759104
96.424517,146,22107.587249
8.624211,76,22108.031326
102.078546,164,22108.935167
100.285134,136,22115.544161
27.335582,122,22116.207539
152.15549,238,22117.602664
544.029609,600,22121.360452
124.34575,137,22122.198299
80.040998,98,22122.783669
-11.459431,294,22124.368216
55.016234,107,22124.952724
71.838213,101,22125.503372
56.454342,66,22125.838237
58.655179,146,22126.613209
6.160677,50,22132.902028
50.860948,60,22133.227671
-16.268066,50,22133.499088
45.467124,49,22133.754014
44.507225,55,22134.079429
68.967263,65,22134.434943
544.631197,600,22137.707311
563.048461,600,22141.056145
9.163668,52,22141.353404
125.193718,201,22142.504195
53.256392,108,22143.055246
40.330007,68,22143.4296
46.316388,60,22143.754256
131.900041,172,22150.601177
104.434123,126,22151.292554
536.473928,600,22154.833992
179.353102,223,22156.044965
38.510373,97,22156.615279
18.187991,74,22157.061211
36.161117,94,22157.675132
81.134807,112,22158.402456
543.453209,600,22161.629272
12.044947,65,22167.789352
53.153811,51,22168.076283
79.781547,134,22168.848763
40.415168,74,22169.309425
114.657367,169,22170.349471
41.284094,63,22170.720206
124.704762,182,22171.72139
50.963885,56,22172.000296
34.301722,60,22172.317736
92.901304,155,22173.170835
44.040491,47,22173.424455
-5.369951,70,22173.842795
47.876404,53,22174.112432
47.494047,58,22174.439734
531.095066,600,22177.766548
39.281072,83,22178.187361
135.281194,189,22185.485232
48.705053,53,22185.776446
40.141904,84,22186.232311
102.50177,168,22187.187679
14.156583,56,22187.496898
47.103917,62,22187.830883
32.965886,52,22188.127627
77.624912,600,22191.647158
130.09456,163,22192.630661
14.226571,60,22192.972258
20.813381,61,22193.299349
17.86939,71,22193.684736
98.300093,136,22194.423755
60.148358,63,22194.785391
89.79455,294,22196.402567
-5.914729,59,22196.713304
50.336136,66,22202.789205
48.045361,120,22203.454734
0.015915,52,22203.722598
560.681732,600,22207.174431
87.152826,122,22207.939711
44.713287,162,22208.979714
30.212242,600,22212.235454
-2.076908,49,22212.506282
27.39895,66,22212.866971
146.546987,184,22213.961369
45.18382,60,22220.280073
47.249428,72,22220.715229
45.356951,53,22221.025875
131.139494,200,22222.15753
-1.263888,66,22222.503706
98.676014,149,22223.399347
60.951123,93,22223.930514
533.333043,600,22227.32472
547.49953,600,22230.621286
17.606717,57,22230.94127
123.074022,153,22231.855031
68.100397,97,22238.376377
115.472077,242,22239.70915
149.373567,167,22240.592814
450.127883,600,22243.868484
41.788809,54,22244.178751
33.523783,109,22244.840013
-6.134949,67,22245.245536
69.024706,261,22246.86425
41.519174,184,22247.933344
106.149307,278,22255.350962
392.209668,473,22258.122885
105.602408,141,22258.898684
10.880672,51,22259.193322
11.351925,90,22259.665951
370.734471,517,22262.434834
54.177529,59,22262.773218
45.91699,51,22263.032521
26.160331,101,22263.568966
40.835349,61,22263.888015
183.839776,233,22265.133679
45.729567,54,22265.416449
86.883427,111,22265.984801
46.682098,47,22266.229763
37.899349,57,22272.407706
53.785009,91,22272.924822
45.103075,83,22273.388833
44.335048,50,22273.659895
-10.906262,64,22274.001063
42.256139,44,22274.242175
21.259545,102,22274.767108
156.147166,195,22275.764947
115.606267,156,22276.629409
47.41809,75,22277.065591
141.255461,281,22278.74148
559.997366,600,22282.284459
172.41071,600,22291.50345
58.068058,70,22291.880907
-6.297964,71,22292.248013
47.084668,55,22292.563841
522.897516,600,22295.921735
15.705129,59,22296.259569
56.668347,84,22296.754185
12.070172,66,22297.138362
20.235703,56,22297.449314
31.390894,94,22297.95766
38.545396,51,22298.214517
48.953928,65,22298.557428
81.628987,137,22299.256719
43.098397,72,22299.657266
46.830822,51,22299.948866
33.054231,117,22300.582569
57.468931,144,22307.620194
55.831053,60,22308.005816
555.250461,600,22311.553038
-10.132508,51,22311.841646
78.243331,124,22312.597576
40.561754,55,22312.949032
392.793944,449,22315.404285
366.012073,600,22318.776496
49.765628,68,22325.401328
60.5077,78,22325.942444
39.369018,44,22326.225547
-7.288344,56,22326.555449
62.192277,75,22326.996354
37.889925,48,22327.254268
49.620158,100,22327.789103
135.59633,191,22328.888937
43.733342,66,22329.270323
531.384114,600,22332.568081
54.549388,66,22332.930525
89.939054,124,22333.586191
527.591527,600,22342.954719
37.615431,59,22343.275146
33.239649,120,22343.986737
5.831953,600,22347.391984
278.064229,296,22349.274534
45.980446,96,22349.779781
159.085448,229,22351.012397
85.972644,135,22351.822534
95.991515,123,22352.470209
130.919008,146,22353.228523
16.970231,100,22353.764466
9.542105,59,22354.066928
21.351862,59,22354.385204
43.929635,83,22360.820457
150.606303,198,22361.865461
56.38365,51,22362.139926
50.395228,58,22362.439413
31.767018,60,22362.760925
397.382064,520,22365.512103
-7.799686,112,22366.138092
43.688818,135,22366.900941
8.28029,64,22367.317165
565.715809,600,22370.578818
54.487078,75,22370.975758
207.204585,277,22378.200955
186.469585,229,22379.445019
45.282572,55,22379.744765
-7.154767,55,22380.063723
124.85068,166,22380.972736
173.588226,215,22382.141445
34.338004,55,22382.46286
45.597373,84,22382.930711
59.241607,68,22383.311995
102.93778,159,22384.175532
24.149123,63,22384.508986
110.280214,128,22385.164322
566.713875,600,22388.383152
41.083618,50,22394.415769
37.497648,143,22395.216167
50.949329,124,22395.932356
31.015298,123,22396.651187
568.963854,600,22400.176116
4.076858,86,22400.635574
37.105784,46,22400.885598
49.200828,60,22401.200024
161.254939,204,22402.31663
76.198596,600,22405.882691
88.572484,135,22412.803178
15.078129,112,22413.419775
51.840106,99,22413.955361
9.608194,84,22414.437576
-15.891457,121,22415.083212
101.230377,141,22415.827624
52.521765,52,22416.120606
64.342897,67,22416.482831
86.721534,600,22419.85738
70.016242,103,22420.443949
88.372629,600,22429.317001
13.201688,85,22429.852132
17.553908,60,22430.245329
89.368833,157,22431.197032
62.715592,63,22431.560379
474.849393,600,22435.129649
51.636285,67,22435.506998
130.308447,600,22438.851152
40.049166,600,22447.520992
31.463971,79,22447.943037
33.838228,105,22448.502885
337.294109,449,22451.104891
63.270515,91,22451.61725
23.963092,100,22452.19668
46.959291,230,22453.48632
56.595384,76,22453.876375
35.065232,147,22454.753947
6.721971,152,22455.683817
577.412381,600,22465.059301
27.373436,61,22465.409126
58.855573,73,22465.833065
40.503385,49,22466.104538
105.981609,270,22467.527703
83.692099,142,22468.283161
43.10268,52,22468.575435
29.206589,46,22468.799935
21.120267,63,22469.164528
552.241883,600,22472.318234
98.404419,179,22473.300504
70.298909,191,22474.268214
41.593668,65,22474.614556
23.257269,600,22484.052891
528.616882,600,22487.594561
206.671898,236,22488.925246
95.447836,204,22490.033672
45.749389,62,22490.398571
51.10383,58,22490.750233
-2.171822,60,22491.120272
219.954351,247,22492.401537
6.093643,58,22498.728901
62.977187,97,22499.264832
13.435194,59,22499.624187
20.750931,66,22500.028836
42.77646,92,22500.553964
30.679861,50,22500.83455
33.733274,172,22501.812855
544.226052,600,22505.07524
119.918123,159,22506.024678
28.433332,119,22506.695749
392.376397,600,22510.469497
175.152019,205,22517.650614
46.306737,50,22517.96292
15.267125,600,22521.63718
125.126262,159,22522.699493
55.962114,88,22523.262676
120.774272,261,22524.753267
63.763796,66,22525.111056
45.355772,63,22525.429472
117.178157,169,22526.340914
280.940935,455,22534.868681
45.628462,80,22535.345781
95.635612,112,22536.022322
34.977121,62,22536.351604
111.583173,157,22537.225468
81.896962,105,22537.799881
12.805305,66,22538.159727
132.188369,177,22539.14513
43.41863,47,22539.428927
59.030823,53,22539.760239
24.03697,86,22540.264084
57.530366,206,22541.481859
43.930903,101,22542.077268
17.762584,97,22542.5924
48.975702,60,22542.90957
581.824782,600,22552.245217
48.080264,115,22552.917935
9.053324,62,22553.272796
41.382509,75,22553.709357
30.109974,149,22554.521344
52.368028,122,22555.208798
28.789194,77,22555.651314
143.07281,155,22556.637326
46.038872,66,22557.01635
45.1451,57,22557.3495
319.966628,406,22559.499263
521.405345,600,22562.750357
37.593078,63,22563.075839
274.975925,409,22571.063972
-8.26039,71,22571.491507
52.41086,48,22571.771188
159.57878,213,22573.010226
44.602952,81,22573.426711
37.890282,73,22573.800572
92.369516,600,22577.149828
151.979367,219,22578.392649
114.031065,182,22579.389224
15.43997,66,22579.756103
57.469507,127,22580.460401
48.01714,52,22586.515377
173.645401,274,22588.033015
80.640732,126,22588.728986
20.121615,56,22589.022726
34.109869,53,22589.33095
49.654976,51,22589.600438
169.834236,281,22591.417806
46.118484,53,22591.784155
547.855642,600,22595.201257
39.605043,84,22595.639623
36.449937,77,22596.038566
144.851927,172,22596.917187
37.120767,115,22597.514627
35.934839,133,22604.21447
63.99501,73,22604.693875
540.167573,600,22608.024173
409.366712,465,22610.574186
54.811543,86,22611.005555
167.337786,237,22612.382548
39.853882,61,22612.791002
170.696045,188,22613.910932
154.240343,190,22615.033359
14.658724,64,22615.434486
53.491862,144,22622.227976
70.094736,131,22622.949474
51.264089,50,22623.209785
33.750171,78,22623.615349
219.571076,320,22625.310896
9.389189,126,22625.991896
84.281381,147,22626.819631
96.663228,162,22627.652391
75.817728,165,22628.524168
48.880562,57,22628.836349
554.534556,600,22632.273381
110.550441,156,22639.104036
59.774864,95,22639.633936
497.662807,600,22642.889267
56.121556,110,22643.465131
92.586808,132,22644.15383
341.386082,420,22646.447078
58.053987,93,22646.921711
0.301518,600,22656.567205
180.343648,274,22658.51393
73.139342,135,22659.293766
214.114801,239,22660.619358
53.382833,72,22661.050566
283.205234,346,22663.061593
72.097643,118,22663.698053
130.866836,165,22664.614632
44.660068,57,22664.935056
564.204745,600,22673.933312
95.197215,171,22674.873989
334.051406,437,22677.138157
445.309898,587,22680.373055
36.796465,97,22680.970653
50.940539,58,22681.321012
73.163305,106,22682.0094
17.986968,82,22682.530271
34.896871,62,22682.921718
91.008796,119,22683.680127
125.164454,600,22692.83604
43.941285,51,22693.114041
101.389683,162,22694.021565
5.780082,56,22694.378227
540.328121,600,22697.71469
547.352699,600,22701.020864
50.687072,73,22701.439159
15.488095,59,22701.752318
19.053887,59,22702.071155
76.933901,126,22708.856714
73.917938,170,22709.817024
35.127464,74,22710.271428
-7.641493,63,22710.677577
-9.510519,121,22711.41713
23.975614,121,22712.222591
113.129642,223,22713.493102
156.049709,294,22715.070463
25.966127,83,22715.498174
44.545842,67,22715.838168
88.489975,145,22716.577399
451.825897,600,22719.779533
332.17594,600,22729.115965
523.950266,600,22732.360903
118.382834,172,22733.298007
6.410658,67,22733.666975
3.558189,99,22734.190767
52.910518,75,22734.589127
28.251682,600,22743.976791
35.928218,103,22744.606765
41.133125,64,22745.024716
7.315336,77,22745.53579
26.640691,95,22746.093276
73.302794,105,22746.644535
12.863097,55,22746.942334
-5.68375,64,22747.282953
537.184522,600,22750.38727
69.910522,101,22750.941139
506.188366,600,22754.365672
44.766964,106,22760.58243
131.194587,171,22761.519565
65.063683,148,22762.357748
40.637425,163,22763.239419
570.6546,600,22766.591861
22.486945,152,22767.393864
14.852261,65,22767.745614
47.894512,71,22768.118034
123.691508,173,22769.017055
21.330433,78,22769.413162
216.12703,274,22770.873457
8.49364,56,22771.22453
559.525292,600,22780.168161
60.051242,68,22780.526961
16.679769,600,22783.931562
51.13805,61,22784.273662
395.513193,600,22787.571245
124.621148,172,22788.520508
45.075656,61,22794.751963
124.815123,179,22795.78553
56.974487,143,22796.553868
116.276718,191,22797.576241
359.646873,435,22799.953917
42.405674,78,22800.401809
541.543542,595,22803.943169
11.490501,61,22804.257911
40.040279,89,22804.72129
-2.208543,79,22805.131372
560.902209,600,22814.346312
112.75868,173,22815.309319
553.093767,600,22818.715559
112.910817,201,22819.92813
149.188892,340,22821.746295
29.607225,73,22822.127798
53.835648,113,22822.737316
31.416181,107,22823.321416
128.442795,210,22830.406434
64.992346,62,22830.745523
48.927759,53,22831.051457
561.361085,600,22834.794859
465.527091,549,22838.01635
34.116478,90,22838.564523
69.367047,206,22839.68909
46.587083,67,22840.04723
69.76042,170,22840.914078
29.818014,61,22847.347382
123.276326,231,22848.600336
6.441716,61,22848.935187
76.283407,158,22849.763912
69.648212,66,22850.116846
13.230387,95,22850.62367
53.975598,66,22850.972301
44.634736,51,22851.290067
-0.304849,83,22851.756858
37.2659,600,22855.270302
111.534063,233,22856.48193
48.10888,56,22856.795565
103.707343,156,22857.687664
538.64895,600,22866.898024
364.081116,600,22870.311822
49.191892,77,22870.728928
47.673058,53,22871.038941
581.404808,600,22874.258464
39.831516,142,22875.010018
38.626103,81,22875.431786
17.434465,257,22882.85744
42.571138,66,22883.226223
31.397385,55,22883.543742
55.148313,80,22883.997648
309.147863,494,22886.680497
93.730304,139,22887.443024
27.311805,67,22887.797818
2.618027,92,22888.309729
88.18663,151,22889.192931
36.785783,78,22889.60642
556.162111,600,22892.978518
51.931206,81,22899.395826
59.071087,86,22899.827816
44.172144,75,22900.213874
96.827506,132,22900.947755
54.934552,79,22901.393734
42.665906,68,22901.73424
66.724874,72,22902.12186
26.587876,102,22902.668388
111.562115,249,22903.996351
9.680483,62,22904.323618
41.675758,56,22904.616782
31.621969,109,22905.203242
214.450944,270,22906.656308
52.420783,58,22906.958583
50.613193,68,22907.331016
355.82589,411,22909.517792
105.51534,150,22916.120626
56.187472,70,22916.474771
-13.112324,164,22917.366093
61.442831,65,22917.711384
542.299825,600,22921.222536
43.949622,115,22921.874573
555.945517,600,22924.988182
68.078431,148,22925.74391
49.518873,54,22926.028718
53.742892,64,22926.369243
52.592684,600,22935.635808
43.812355,157,22936.643824
49.045133,67,22937.08601
48.882573,51,22937.406528
38.231814,66,22937.818453
46.909417,51,22938.137067
87.397351,146,22938.935065
335.326948,416,22941.116865
80.418142,108,22941.71488
36.939115,51,22942.00975
559.04958,600,22951.389398
176.329565,600,22955.11526
101.626435,151,22955.88932
552.715818,600,22959.038799
20.951252,77,22959.469315
48.461475,57,22959.797925
103.1622,146,22960.651725
64.062471,94,22961.142174
91.49187,148,22961.971988
63.877662,65,22968.106867
115.442692,238,22969.403375
153.272825,231,22970.624977
15.667268,82,22971.066502
55.425011,80,22971.495419
108.065773,112,22972.119779
46.567596,57,22972.435847
208.279409,263,22973.859184
578.261974,600,22977.686212
50.066324,66,22978.083322
22.285305,50,22978.358545
49.504014,71,22978.716618
27.950557,101,22979.233401
585.445053,600,22988.642272
62.304524,136,22989.432048
46.572191,52,22989.80429
46.279083,58,22990.149518
42.27601,59,22990.525456
23.779699,96,22991.067338
88.658645,222,22992.193013
66.579455,95,22992.703332
48.906011,85,22993.162325
-6.826516,67,22993.519324
573.333081,600,22996.805039
18.514816,54,23003.207988
40.935941,78,23003.621532
142.750059,600,23006.988759
51.76206,74,23007.399626
42.250355,70,23007.78048
50.963909,51,23008.048368
570.405473,600,23011.429025
540.72284,594,23020.746969
44.479408,90,23021.224614
572.689871,600,23024.468689
45.211699,69,23024.835557
44.23646,82,23025.261446
27.806087,63,23025.589396
569.421121,600,23028.691311
1.420063,128,23029.392084
52.793234,57,23029.693311
545.583124,600,23038.726539
19.167489,124,23039.412169
8.451762,51,23039.710423
46.462129,72,23040.108463
30.332355,600,23043.624374
49.83248,59,23043.988057
567.70158,600,23047.198007
54.660147,86,23047.671681
205.037116,258,23054.795396
47.775476,70,23055.196067
462.238245,600,23058.388186
73.56876,186,23059.350747
575.113839,600,23062.681262
90.7532,204,23063.862361
49.190316,53,23064.148375
582.11709,600,23073.303495
-5.058384,58,23073.620364
41.288724,112,23074.259322
63.164066,600,23077.534607
49.492667,108,23078.09482
73.521106,123,23078.733948
43.131442,84,23079.196716
13.841569,101,23079.703811
120.491434,149,23080.479294
17.351658,63,23080.822653
49.443993,65,23081.166224
38.879568,102,23081.74256
109.370606,202,23088.855395
51.193451,51,23089.162601
54.874576,50,23089.420609
47.320145,59,23089.752021
94.555365,156,23090.579847
92.604639,176,23091.542058
53.376415,59,23091.887278
55.286097,166,23092.789379
42.790892,60,23093.107313
501.673122,572,23096.22913
521.826808,600,23099.377675
42.796965,67,23105.752474
65.879024,75,23106.137986
47.098892,58,23106.448406
53.712659,98,23106.987125
204.850472,242,23108.364628
19.815422,58,23108.708357
31.538021,86,23109.236149
430.055166,600,23112.730716
14.245514,600,23116.069684
105.062562,138,23116.937529
256.09308,287,23124.834844
58.331864,107,23125.447762
567.290885,600,23128.881188
162.062092,206,23130.161339
55.301634,78,23130.657774
156.421588,224,23131.978308
108.652243,170,23132.915775
54.809498,236,23134.117128
131.941503,266,23141.247082
509.49757,600,23144.605746
49.680333,55,23144.886867
74.490975,98,23145.405958
109.304233,182,23146.457507
46.980929,59,23146.807748
28.072973,45,23147.109309
147.35315,290,23148.772154
92.322767,131,23149.470904
443.570345,543,23159.24486
97.813212,118,23159.904826
50.027436,65,23160.263723
29.444224,88,23160.747282
51.504667,48,23161.004962
121.039872,189,23162.02925
47.389493,62,23162.356478
13.024203,62,23162.672174
42.539495,81,23163.14859
36.85183,60,23163.478962
44.388586,85,23163.959512
24.829428,79,23164.440944
44.247018,65,23164.831969
25.39426,48,23165.109884
44.483525,91,23165.655788
42.293098,65,23166.025226
18.510272,235,23167.355592
45.837403,52,23167.666745
49.27817,56,23168.000297
45.040396,53,23168.332965
139.032507,225,23169.729465
45.853821,76,23170.208512
561.881708,600,23179.298242
44.363179,66,23179.698285
48.704148,83,23180.162648
-4.898317,52,23180.458153
54.689286,53,23180.742243
344.684782,540,23183.740909
83.462329,145,23184.532995
570.484123,600,23187.95985
91.324893,143,23195.104405
-7.622469,67,23195.513137
78.465485,108,23196.128443
56.117915,104,23196.677995
97.279756,136,23197.389547
10.349392,64,23197.749089
102.53721,133,23198.464172
52.092353,64,23198.828548
73.057404,78,23199.311576
125.691834,168,23200.226925
46.043029,74,23200.611418
21.65111,71,23200.979715
55.376666,103,23201.537598
6.619463,57,23201.833652
131.623342,202,23202.912302
508.293196,600,23212.28956
155.072147,209,23213.528733
81.415253,132,23214.26145
85.662272,249,23215.593319
29.560112,94,23216.099112
89.070095,121,23216.755297
73.382607,163,23217.599112
110.305349,153,23218.429659
31.413205,101,23218.977489
84.465562,173,23219.965732
45.170651,88,23220.444879
23.970897,600,23229.935284
36.108966,85,23230.405993
-5.430423,84,23230.864916
145.272987,183,23231.892301
461.269316,546,23234.828256
41.832436,136,23235.613649
449.821009,504,23238.444952
44.305113,100,23239.008388
45.350303,50,23239.277172
154.017473,202,23240.385128
113.687505,159,23247.28943
383.949961,449,23249.633614
227.018324,301,23251.217831
-2.878622,48,23251.475123
56.867194,66,23251.839238
135.802361,199,23252.893373
64.915014,122,23253.51715
69.378729,125,23254.1712
17.136266,104,23254.74298
48.664681,51,23255.034343
48.918003,75,23255.473886
225.979807,262,23257.003008
49.092876,69,23257.395247
498.540156,546,23266.426861
77.85534,134,23267.134287
39.991894,59,23267.443715
496.583219,587,23270.469952
51.035577,53,23270.72891
44.269724,66,23271.079347
102.089351,149,23271.85332
24.510045,150,23272.651005
42.560923,62,23272.994582
114.724708,144,23273.776135
57.629501,199,23280.891918
8.834674,68,23281.2478
32.175141,125,23281.920278
47.413767,120,23282.57806
288.480449,293,23284.172786
52.386709,45,23284.408222
119.672156,156,23285.305728
-0.357218,67,23285.70942
45.134458,66,23286.094404
571.610828,600,23289.46464
46.247395,58,23289.791944
538.631328,600,23298.986277
50.504489,59,23299.309383
441.565223,540,23302.186054
40.184818,56,23302.493565
45.228904,57,23302.79909
87.745572,257,23304.122458
528.069162,600,23307.315486
21.082113,108,23307.955283
26.963559,81,23308.441212
48.072139,75,23308.875954
53.985371,65,23315.198067
45.412754,60,23315.562893
113.599109,161,23316.535559
28.12232,177,23317.478884
47.78694,54,23317.776904
282.186931,377,23320.056099
76.687358,102,23320.718577
18.672893,58,23321.042624
29.965277,68,23321.433947
41.146548,50,23321.734364
79.539187,174,23322.752826
572.059454,600,23326.13559
46.831716,57,23326.461395
54.397042,136,23333.081816
-6.817104,59,23333.394371
37.004544,162,23334.278757
133.099007,165,23335.182747
51.979621,68,23335.554066
6.226187,58,23335.869392
198.007474,491,23338.8405
227.30358,277,23340.42972
569.288779,600,23343.82858
54.681091,71,23344.244879
42.591279,50,23350.464694
13.357613,88,23350.93085
46.33171,62,23351.258305
47.478903,78,23351.666153
49.308203,69,23352.054761
49.373429,55,23352.379345
20.936318,600,23355.873082
81.319899,108,23356.567406
23.034361,95,23357.154803
49.851127,52,23357.502971
523.731321,600,23360.752732
24.983291,103,23361.324636
49.101382,55,23361.638326
46.26066,274,23369.087688
46.824987,61,23369.424948
53.34978,59,23369.768079
31.378181,170,23370.790358
186.000752,254,23372.461662
60.784477,77,23372.955266
122.73763,195,23374.079596
47.516346,55,23374.397314
41.450208,53,23374.692638
70.6462,147,23375.497031
40.744796,600,23378.754369
48.25738,52,23379.069601
557.289374,600,23388.843732
47.073358,50,23389.119134
61.424526,83,23389.56093
575.324351,600,23392.790266
-2.068321,429,23395.128568
53.219404,53,23395.418674
47.980973,105,23395.962025
57.709185,62,23396.30732
545.021054,600,23405.623709
5.176631,71,23406.050076
76.949211,127,23406.701878
111.906896,157,23407.509496
107.476548,188,23408.515042
68.173037,258,23409.946406
35.342056,125,23410.702597
-1.879334,53,23411.025605
47.554493,70,23411.46047
65.770429,114,23412.098271
18.820639,66,23412.451167
30.580029,123,23413.110913
252.345213,600,23422.478003
48.012335,71,23422.870614
301.995524,409,23425.287845
42.877726,99,23425.899376
76.458163,139,23426.805588
-0.041701,52,23427.080918
-8.524088,66,23427.4775
421.721216,516,23430.239145
43.513794,59,23430.557088
46.875997,117,23431.160688
86.885751,143,23431.933359
12.965905,73,23438.23289
80.44526,104,23438.795755
36.293381,600,23442.054094
114.848001,179,23443.039105
33.489364,62,23443.419612
46.870284,51,23443.736871
38.210462,66,23444.148261
43.859965,50,23444.452665
41.458316,80,23444.933526
50.528358,67,23445.325331
84.272725,178,23446.341752
42.824597,62,23446.712928
76.629993,149,23447.637724
48.682845,46,23447.884717
45.915297,59,23448.209962
123.636876,178,23449.116275
47.740609,59,23449.414461
38.410488,63,23455.432996
48.003888,74,23455.850593
70.250254,65,23456.187065
86.935344,177,23457.138615
67.988562,98,23457.772035
53.875387,77,23458.255575
393.597987,498,23461.121819
-0.732932,83,23461.558733
522.192852,600,23464.757456
43.878021,47,23465.037926
40.061009,88,23465.605431
395.477181,502,23474.741652
100.824569,197,23475.856911
99.509375,143,23476.661318
59.289832,53,23476.975651
52.56185,68,23477.361224
37.922888,78,23477.843753
119.663726,145,23478.740798
83.920296,152,23479.647444
19.07317,97,23480.143647
211.05597,268,23481.515936
52.50806,161,23482.369027
59.064121,129,23483.07209
48.789396,62,23483.417953
429.583062,509,23492.068404
59.536049,81,23492.504382
558.445058,600,23495.646323
98.144926,147,23496.491664
69.631741,96,23497.048623
45.014789,76,23497.494218
433.275126,600,23501.259864
108.031652,131,23502.115974
537.358176,600,23511.535838
41.541567,64,23511.891654
115.696808,160,23512.821182
10.883039,61,23513.179395
43.791185,108,23513.818164
29.693751,68,23514.291569
58.990926,59,23514.65525
45.651848,53,23514.96447
74.644132,169,23515.885823
405.158792,452,23518.288271
539.604358,600,23527.586797
20.651338,82,23528.039201
24.595346,52,23528.342016
53.911844,67,23528.749078
24.968621,600,23532.213313
574.495896,600,23535.505988
37.08811,44,23535.755254
37.01869,84,23536.272187
39.753004,69,23536.706605
135.049728,206,23544.047397
83.18952,123,23544.763028
14.223616,600,23548.191651
47.620586,63,23548.50843
91.756316,162,23549.351458
36.038307,72,23549.73947
16.195033,77,23550.177319
69.912817,105,23550.771769
66.726817,104,23551.342509
53.132016,61,23551.687853
49.58776,62,23552.026385
26.276111,218,23553.226002
48.678929,105,23553.826134
47.388365,82,23554.275402
8.966738,50,23554.574579
52.452544,71,23554.947772
33.695873,59,23561.062116
63.838183,78,23561.515125
40.356265,99,23562.090117
232.231722,306,23563.881052
36.699111,58,23564.1882
-3.871966,76,23564.614327
540.453044,600,23568.099893
19.005471,195,23569.32686
61.025762,66,23569.708308
51.689896,61,23570.072073
108.299582,132,23570.763643
510.762156,600,23579.859073
56.901065,91,23580.39499
106.751557,142,23581.20463
45.491885,60,23581.5408
565.164783,600,23584.741525
47.320877,67,23585.094533
60.917009,60,23585.396818
82.149281,157,23586.236893
25.925906,119,23586.902744
25.211472,186,23587.979617
67.307409,110,23588.598201
442.593168,600,23597.845659
17.00897,204,23598.912256
131.137138,142,23599.65063
35.031921,56,23599.938242
33.136183,142,23600.689228
296.112814,342,23602.617251
28.987768,79,23603.068371
352.095678,392,23605.359906
16.495383,600,23614.52443
50.548151,60,23614.863806
115.188708,144,23615.67943
541.578425,600,23618.990314
39.564291,60,23619.352599
46.476638,107,23619.963008
74.516956,107,23620.624353
30.60352,50,23620.928626
62.879941,80,23621.440396
118.220387,172,23622.483865
85.131017,136,23623.186244
27.59394,55,23623.465504
556.267429,600,23632.553975
374.097869,534,23635.42613
64.70751,82,23635.882607
77.935994,144,23636.682284
97.386545,140,23637.48179
46.104301,51,23637.74914
146.037995,236,23639.028117
63.910844,134,23639.763646
77.067384,106,23640.33722
51.774634,101,23640.881256
47.14727,67,23641.240787
25.595685,57,23647.709766
46.902542,66,23648.087532
41.225091,62,23648.441313
196.688066,351,23650.693995
58.156929,57,23651.086504
126.90969,334,23653.151537
2.862777,109,23653.779516
121.280374,154,23654.629917
579.057661,600,23657.944741
37.869069,71,23658.372585
-2.090953,67,23658.768128
10.44303,66,23659.150404
37.31089,105,23665.509677
68.301753,144,23666.321472
96.50561,600,23670.00498
309.584563,600,23673.589068
537.35964,600,23676.784478
52.005959,274,23684.108771
82.361118,128,23684.784804
99.365743,600,23688.096086
97.061499,153,23688.896837
68.135268,128,23689.597092
12.131541,600,23692.975106
71.243604,100,23693.4949
28.233582,73,23693.904295
54.638281,60,23700.154925
474.771577,577,23703.524469
51.091261,65,23703.866447
75.374551,196,23704.954594
55.728217,600,23708.693081
161.764832,191,23709.737669
38.97298,56,23710.083824
42.152765,56,23710.424108
144.211061,189,23711.551708
18.866427,54,23711.847058
79.48048,110,23718.661352
24.913421,166,23719.630864
69.776054,60,23719.999395
60.988528,79,23720.496004
56.022419,117,23721.177339
49.816762,117,23721.837852
44.502023,91,23722.340216
12.475775,600,23725.603508
39.594821,133,23726.328091
48.935846,55,23726.620626
-7.878569,59,23726.927235
8.431134,68,23727.309791
17.891841,112,23727.929933
79.008223,125,23728.652792
77.94657,128,23729.425235
483.970388,571,23738.74659
51.633353,61,23739.09213
52.053925,62,23739.439739
74.4016,335,23741.182194
574.696281,600,23744.467414
23.99223,184,23745.488927
55.414402,116,23746.159077
20.779405,57,23746.516651
235.656249,295,23754.390886
57.360822,66,23754.838292
14.836909,109,23755.497539
0.922841,49,23755.780333
61.74782,128,23756.519949
289.304272,353,23758.540647
51.399022,58,23758.865725
100.027499,167,23759.794263
56.694508,163,23760.646316
28.170644,600,23763.897592
135.213343,189,23764.949382
13.199425,56,23771.178098
14.521755,600,23774.533716
183.34024,300,23776.162547
29.934612,73,23776.558591
49.043353,59,23776.893417
52.066791,74,23777.284039
65.26651,251,23778.609132
574.908251,600,23781.754979
49.831187,72,23788.131694
49.661748,57,23788.468256
73.607144,199,23789.582793
48.234145,55,23789.885301
-7.213482,54,23790.180374
10.642998,58,23790.499936
47.03746,51,23790.776656
46.954528,60,23791.118411
40.13766,68,23791.464764
45.646718,95,23791.988438
566.143825,600,23795.576757
42.90419,54,23795.920308
43.085347,76,23796.377329
34.891077,65,23796.751771
15.866993,56,23797.087256
50.019466,56,23797.416086
95.768759,136,23798.21162
66.049797,97,23798.756384
415.545187,600,23807.910058
118.514106,160,23808.777391
134.740604,156,23809.593783
66.582116,65,23809.92869
65.490945,293,23811.531066
44.790152,54,23811.825383
51.889762,149,23812.699053
525.478704,600,23816.405624
519.941676,600,23825.684548
15.451474,66,23826.04612
26.634441,68,23826.409561
415.369566,492,23829.169304
20.910314,53,23829.507994
52.584585,58,23829.817595
46.375012,61,23830.130294
17.477119,61,23830.435501
52.576144,54,23830.739445
45.602778,75,23831.138118
580.511372,600,23834.376935
89.960226,193,23841.669435
44.267546,54,23841.983346
129.70497,210,23843.12013
54.328376,65,23843.497768
12.796347,58,23843.797523
564.523716,600,23847.074845
66.846432,108,23847.67837
54.548257,60,23848.010896
503.751603,600,23851.235275
35.111171,208,23858.264219
45.531952,69,23858.63069
108.397793,148,23859.423198
571.10435,600,23862.822396
86.023684,122,23863.60231
63.332937,76,23864.043148
31.053282,68,23864.477085
35.641756,61,23864.800313
584.307479,600,23867.990268
55.613167,60,23868.322462
51.684336,106,23868.948278
52.401141,97,23875.137557
33.253697,115,23875.785477
23.702771,152,23876.68711
77.257034,600,23880.034536
46.408936,58,23880.356179
567.927402,600,23883.920045
53.577375,63,23884.268888
588.325966,600,23893.799685
62.277812,600,23897.159664
31.806024,52,23897.485837
53.5668,57,23897.834065
45.100374,85,23898.35043
42.827619,167,23899.314918
187.601708,231,23900.636611
96.922593,174,23901.561713
75.558455,289,23903.153106
66.737424,275,23910.816039
48.291485,70,23911.242316
534.171493,600,23914.522967
55.974714,67,23914.897162
3.621281,51,23915.197343
102.999903,306,23916.901258
40.252154,100,23917.449086
30.643672,51,23917.725784
96.412312,144,23918.475059
50.767968,67,23918.839065
46.102969,61,23919.172599
59.118678,102,23919.732473
368.466333,600,23929.02329
42.383243,62,23929.366328
47.960254,112,23929.991827
37.423689,59,23930.310081
46.243307,51,23930.595165
232.335178,331,23932.395687
20.028974,600,23935.742259
107.510038,161,23936.714563
131.552946,162,23937.68486
51.350438,65,23938.048663
168.364407,216,23945.331144
586.357241,600,23948.673155
163.746842,386,23950.843843
32.350889,64,23951.182523
169.548023,233,23952.498528
46.992855,600,23956.131484
43.055285,67,23956.480057
46.195703,65,23956.833797
42.722376,87,23963.034902
182.420612,372,23965.091129
530.713464,600,23968.543342
46.212553,170,23969.486143
353.958131,470,23972.202007
43.495564,58,23972.563111
90.545241,180,23973.582749
557.380394,600,23982.687003
1.376403,104,23983.248202
82.629332,103,23983.809806
137.917494,231,23985.045496
58.969724,63,23985.372525
33.671223,117,23986.041368
21.912303,69,23986.422129
128.414666,152,23987.265154
92.126396,242,23988.664663
42.385835,90,23989.213655
440.630097,600,23998.685877
206.422144,274,24000.278213
37.813476,58,24000.585501
51.7412,72,24000.986259
533.47855,600,24004.223875
63.902976,223,24005.448281
465.590973,600,24008.602301
385.157905,460,24016.972904
221.830298,271,24018.397484
43.190554,156,24019.28957
6.838189,117,24019.934068
65.702991,80,24020.371434
44.473583,69,24020.75877
50.382742,69,24021.119907
50.219413,64,24021.47085
68.473288,195,24022.534113
-2.709131,69,24022.92569
41.0384,73,24023.336796
33.824172,61,24023.678168
48.545543,57,24023.979504
30.089566,65,24024.338531
40.631748,600,24033.864533
461.986871,564,24036.964769
30.117616,600,24040.223576
292.248487,364,24042.221161
0.218255,58,24042.568267
35.331677,87,24043.031453
39.099794,67,24049.038463
206.312779,310,24050.754798
32.672501,68,24051.14907
148.581301,323,24052.99435
21.149268,74,24053.364457
108.046317,142,24054.076469
534.386177,600,24057.268339
49.263427,72,24057.64353
91.825505,600,24067.322154
49.332089,60,24067.696653
28.299806,103,24068.309792
41.889373,74,24068.763342
50.61228,57,24069.108348
543.28938,600,24072.787031
38.714742,66,24073.147499
57.005427,131,24073.851009
581.080333,600,24077.101932
53.789112,61,24077.417468
65.353695,70,24077.797285
144.466798,198,24084.792622
341.178137,600,24088.567268
567.291964,600,24091.890919
40.511282,80,24092.332081
551.143333,600,24095.812283
44.179875,86,24102.15483
46.158835,56,24102.468349
46.657972,59,24102.802435
74.601745,108,24103.432063
115.505931,168,24104.383934
49.417755,100,24104.906544
50.600321,56,24105.210541
43.355335,105,24105.808543
51.998356,55,24106.110407
557.555864,600,24109.404847
172.889901,221,24110.614793
51.369023,50,24110.901444
29.337506,61,24111.239836
45.881508,48,24111.506855
21.035367,60,24111.856333
53.355063,67,24112.252838
73.843737,129,24113.000716
49.394225,64,24119.609245
108.807039,149,24120.61223
43.136506,56,24121.015486
83.065626,98,24121.605234
26.633375,152,24122.487238
97.553076,600,24125.727605
569.223985,600,24129.042488
120.188186,600,24138.358592
41.227731,55,24138.637677
46.257321,106,24139.183557
-8.42859,56,24139.474704
34.313634,71,24139.855323
54.613777,57,24140.196794
19.203393,54,24140.529948
43.205157,64,24140.933432
49.076392,123,24141.663025
62.083694,74,24142.12096
43.072895,55,24142.438683
-7.141552,129,24143.246627
46.535984,92,24143.828245
95.433672,105,24144.424978
41.409942,79,24144.89014
45.842315,59,24145.244286
47.658369,63,24145.627648
53.831924,74,24146.061087
46.46351,65,24146.424635
38.214456,50,24146.723522
36.458738,62,24147.074672
44.089125,138,24147.855564
127.36948,188,24148.85315
345.661156,435,24157.462495
353.54987,482,24160.030061
50.823801,71,24160.437985
40.49897,65,24160.822628
543.993098,600,24164.044587
357.587725,426,24172.098879
93.886213,128,24172.784713
43.578856,137,24173.57742
28.097796,109,24174.172389
487.008863,600,24177.552822
128.226683,239,24178.872206
98.741225,144,24179.691322
44.456055,67,24180.053055
54.722687,68,24180.4244
9.396497,73,24180.819767
102.722625,150,24181.625752
8.049441,112,24182.222423
46.19183,63,24182.568406
-1.993411,51,24182.831155
40.226042,77,24183.225937
39.613512,71,24189.48058
37.131885,55,24189.775716
99.603021,133,24190.492441
0.367101,57,24190.787975
17.456751,600,24194.081552
61.33661,208,24195.238333
19.719493,95,24195.738358
45.540759,72,24196.119486
34.875652,243,24197.493359
49.954957,53,24197.815578
63.0537,55,24198.181334
130.920688,199,24199.474135
45.120339,101,24200.197443
291.491942,600,24209.91879
47.689908,59,24210.258591
153.543238,251,24211.7791
97.779061,600,24215.346333
70.092149,130,24216.111446
44.78813,84,24216.565141
67.311868,116,24217.166523
43.811197,86,24217.631889
34.959607,177,24218.59807
23.125164,51,24218.859874
156.719373,279,24226.419424
217.427414,292,24228.03151
517.186332,600,24231.62457
39.931551,85,24232.198991
104.506087,164,24233.253749
41.496756,91,24233.848583
145.602381,252,24235.401879
553.940344,600,24244.691115
17.588918,56,24245.039178
48.497485,51,24245.331832
22.942307,192,24246.481403
102.485156,283,24248.039475
393.996981,460,24250.539641
13.582856,59,24250.899786
65.675469,77,24251.364731
14.173382,93,24251.898449
38.409415,95,24252.422235
46.730177,67,24252.769183
114.117022,183,24253.783353
52.467501,66,24254.192029
51.533963,56,24254.567977
98.450179,147,24261.120855
18.529456,81,24261.551768
54.243068,81,24262.017733
44.556563,55,24262.337153
133.593997,330,24264.36284
42.592454,66,24264.771343
51.177008,91,24265.304997
100.038353,159,24266.24657
47.498203,47,24266.556007
9.262931,49,24266.833899
163.561908,254,24268.403981
27.329424,59,24268.758667
45.329799,64,24269.12855
57.445647,76,24269.523993
47.892551,50,24269.799324
22.083432,75,24270.213379
149.149679,247,24271.575418
48.81137,52,24271.86693
48.780123,106,24278.572875
100.446423,155,24279.426206
97.036717,169,24280.348264
101.467783,152,24281.306936
334.222357,390,24283.834978
52.005436,62,24284.134892
53.315641,60,24284.461766
-3.307072,55,24284.751325
428.165459,496,24287.426513
38.467732,95,24288.045644
187.871141,215,24289.346629
96.654989,144,24290.101391
28.909651,113,24296.690349
41.112308,73,24297.150211
20.64129,73,24297.591943
37.369699,109,24298.257023
51.787268,61,24298.617826
423.378335,513,24301.510729
6.442177,61,24301.857737
49.822345,111,24302.485889
203.02288,262,24303.996602
126.039502,253,24305.655425
49.207067,90,24306.259836
54.416337,97,24306.831407
127.879981,600,24315.912416
361.265269,417,24318.187466
20.980939,57,24318.516299
49.657398,66,24318.897658
6.056067,65,24319.293275
15.414372,71,24319.693425
92.419632,162,24320.582251
46.970454,67,24320.958488
43.258076,108,24321.593229
44.335987,111,24322.200977
14.461153,68,24322.57701
95.814511,114,24323.229588
54.595429,87,24323.708136
94.984859,138,24324.485966
106.020182,153,24325.363374
4.923391,77,24331.728896
253.500181,326,24333.648727
51.476477,77,24334.061402
43.530008,57,24334.366813
91.134967,126,24335.079598
82.24698,157,24335.932359
74.647369,132,24336.632071
73.210009,107,24337.21506
47.772714,61,24337.526287
44.352303,116,24338.151272
58.716458,64,24338.484576
15.296719,122,24339.149118
58.705822,64,24339.533119
44.495118,52,24339.834665
40.602295,171,24340.810882
494.69541,600,24350.346572
60.760438,113,24351.003134
86.577102,218,24352.340091
38.208927,254,24353.671416
2.951469,67,24354.035592
106.246699,158,24354.93349
23.049301,64,24355.317363
37.710137,78,24355.800159
62.952712,82,24356.319559
39.030863,44,24356.6062
45.010543,66,24357.01513
20.345001,72,24357.480207
144.650632,222,24358.684965
340.107506,456,24366.836313
88.456744,112,24367.449509
40.498876,87,24367.926388
24.31443,600,24371.167811
552.5491,600,24374.479628
115.945537,168,24375.388153
38.89216,89,24375.917104
70.843381,386,24384.172907
379.882127,575,24387.333315
63.546844,103,24387.887321
21.02762,114,24388.526189
153.433649,212,24389.684991
96.193757,174,24390.569938
141.804029,161,24391.450455
547.056204,600,24394.753351
9.911656,49,24400.678513
78.884301,141,24401.488482
42.286557,126,24402.234534
116.669369,211,24403.464182
-14.991274,48,24403.730812
-2.305103,158,24404.571191
6.445377,600,24408.008504
60.566113,81,24408.460435
341.953474,400,24410.727033
180.675377,222,24411.939854
-17.712624,50,24417.865496
218.909632,600,24421.131425
44.67626,95,24421.649819
24.705894,600,24424.956736
127.120661,152,24425.961298
32.265283,60,24426.350374
56.609811,74,24426.804085
596.605501,600,24436.09169
106.992942,600,24439.263612
43.520782,52,24439.557678
44.173152,57,24439.871908
77.480937,144,24440.675749
23.477394,63,24441.036052
12.930004,600,24444.557551
129.366985,196,24445.698138
24.269381,86,24446.196296
54.875036,67,24446.563463
132.112964,172,24453.392416
114.151449,136,24454.089686
142.106529,179,24455.052236
50.949058,105,24455.665029
50.466606,60,24455.985542
43.890887,56,24456.308576
33.033448,129,24456.9695
-6.872463,52,24457.228747
40.639223,72,24457.605343
94.878422,214,24458.754917
16.218047,56,24459.083422
53.110846,64,24459.463849
8.413684,600,24462.916069
-2.507821,61,24463.258403
81.441554,600,24472.574493
38.940358,61,24472.895927
44.181782,75,24473.312769
47.600607,53,24473.608652
137.320888,181,24474.577369
60.173112,210,24475.735434
29.221623,359,24477.741189
41.019797,62,24478.088256
42.433498,89,24478.624223
563.468423,600,24488.102528
46.462938,210,24489.236885
3.201979,356,24491.145329
15.749018,58,24491.493598
260.851341,600,24494.773856
355.979855,600,24498.248151
180.133596,254,24505.440339
56.002279,67,24505.775037
20.549358,71,24506.144457
108.74948,191,24507.135292
98.320845,169,24508.069915
70.741066,72,24508.458293
28.013608,66,24508.800094
30.272372,88,24509.242646
-3.735961,49,24509.511461
10.805982,159,24510.361797
62.876488,169,24511.269008
36.155738,71,24511.663522
145.704717,263,24513.102667
43.142851,90,24513.679606
-2.684148,99,24514.257617
32.441926,49,24514.554299
39.939249,46,24514.8153
45.906435,186,24515.844534
119.239017,194,24522.889687
17.432841,53,24523.145709
55.059888,87,24523.603933
83.782344,201,24524.636428
99.062605,151,24525.4758
115.903568,331,24527.340591
66.880165,63,24527.705269
46.245644,77,24528.122987
90.974871,133,24528.860929
105.612607,164,24529.733365
47.654772,81,24530.159894
52.992569,69,24530.527382
71.790919,126,24531.225153
44.553462,171,24532.173049
42.088203,67,24532.549804
30.955184,56,24532.863715
60.373479,101,24539.501731
49.320752,51,24539.772439
74.597951,172,24540.711467
84.315172,109,24541.310197
47.090711,73,24541.69269
545.894804,600,24545.030688
44.05037,70,24545.431494
26.700055,600,24548.778539
16.682415,70,24549.181538
540.805423,600,24558.750419
44.158311,104,24559.378382
79.478454,201,24560.471043
67.65593,67,24560.839103
27.635172,79,24561.256963
19.198227,70,24561.622428
107.588022,162,24562.504236
14.751685,60,24562.831611
17.775006,57,24563.167743
38.915049,72,24563.549137
38.625128,80,24564.002048
340.491642,600,24567.248704
582.933721,600,24576.565527
107.237711,216,24577.791278
46.448433,59,24578.155786
20.71855,123,24578.909593
2.14563,63,24579.308055
38.50541,69,24579.72926
47.812264,66,24580.115049
238.992961,305,24581.770486
65.95751,64,24582.116464
46.276938,51,24582.401026
213.629149,286,24583.910004
122.337432,188,24584.884184
90.451607,113,24591.334743
66.030284,128,24592.005924
137.549073,206,24593.176189
103.871129,158,24594.117379
59.499419,91,24594.663339
39.960629,64,24595.048529
55.145665,186,24596.160889
39.503342,231,24597.416808
46.637498,63,24597.752058
45.96482,58,24598.078876
48.588073,49,24598.385329
83.130842,134,24599.187774
97.223471,164,24600.100895
142.499307,179,24601.136737
52.640012,93,24601.664561
117.254025,150,24602.53356
16.109639,51,24602.808291
590.779348,600,24612.067353
439.373866,600,24615.335479
588.405733,600,24618.641271
35.218124,139,24619.450843
11.245201,92,24619.993202
103.744859,172,24626.816856
44.439232,56,24627.143603
24.930864,93,24627.710603
88.888176,211,24628.890062
122.163981,183,24629.88375
85.328657,131,24630.559576
58.213989,122,24631.22371
85.286741,150,24632.012038
28.863192,58,24632.320724
42.129221,192,24633.320408
48.51213,77,24633.745676
184.152113,213,24634.989484
36.094846,60,24635.369644
108.466731,188,24636.423268
32.577846,60,24636.750663
39.959179,493,24645.327139
589.60937,600,24649.057777
69.373505,177,24650.021267
143.911755,188,24651.051299
40.172052,87,24651.565668
44.65623,83,24652.065603
70.23543,225,24653.4622
22.433729,600,24662.778134
44.659021,49,24663.049443
119.761636,402,24665.237961
21.25969,103,24665.809956
59.789895,107,24666.474265
70.194941,75,24666.927324
33.600385,111,24667.559042
84.778662,114,24668.20665
122.925081,159,24669.076563
11.905927,58,24669.391074
52.045314,49,24669.651478
80.317661,99,24670.196008
395.641225,455,24678.561999
40.533314,122,24679.209731
53.865499,70,24679.573593
491.380999,600,24683.084842
46.339412,73,24683.527449
181.445298,214,24684.879566
60.26055,74,24685.305705
129.47835,162,24686.175689
104.404675,152,24687.036993
101.318749,145,24687.852016
99.508168,138,24688.573467
80.175666,127,24689.251343
29.432843,56,24689.559509
104.571989,152,24696.267231
23.141101,119,24696.916184
588.265179,600,24700.565683
49.018814,56,24700.86888
40.493615,60,24701.193958
27.116733,148,24702.024901
235.277959,282,24703.564837
60.543789,600,24706.936279
24.903067,95,24707.446972
140.593021,252,24714.731111
44.350179,48,24715.014424
47.036291,62,24715.362325
22.712695,600,24718.885486
44.891052,78,24719.332032
244.038811,317,24721.047026
115.505044,176,24722.169656
100.127702,600,24731.690617
16.597072,58,24732.04312
80.015233,143,24732.921743
80.863077,600,24736.51214
8.187566,600,24739.882067
570.117372,600,24749.060976
47.951663,62,24749.404098
234.99662,281,24750.946757
27.630988,68,24751.326511
40.478343,600,24755.188842
64.019519,115,24755.891769
55.185989,77,24756.301009
64.48762,118,24756.944094
48.166022,56,24757.232085
50.714324,96,24757.741392
40.355745,81,24758.142916
43.914376,55,24758.428265
9.810952,600,24767.627003
38.894087,61,24767.984599
47.484905,73,24768.433608
47.011595,52,24768.770486
456.633632,600,24772.332186
18.326973,67,24772.737427
498.384258,600,24776.066877
31.138388,160,24776.966071
50.177857,76,24777.389704
589.356248,600,24786.996901
441.941962,529,24789.939847
63.064175,218,24791.112597
273.443332,600,24794.337999
40.153031,600,24803.881322
32.151791,69,24804.254809
97.871406,170,24805.163173
46.181203,109,24805.717294
11.371932,80,24806.161705
51.563905,59,24806.511663
244.903187,600,24810.011469
110.736365,134,24810.720748
49.968231,60,24811.033318
19.907879,68,24811.371134
556.225319,600,24820.413544
60.641537,91,24820.892619
489.333571,600,24824.141978
51.228718,62,24824.469319
10.895796,74,24824.871977
461.044331,529,24827.740441
50.55374,74,24828.163458
23.835441,70,24828.595148
21.663959,95,24829.209371
39.874959,54,24829.518131
95.236776,142,24830.288555
110.329708,159,24837.190087
44.506322,52,24837.466357
50.961155,53,24837.761867
361.149713,437,24840.177777
72.881129,221,24841.345598
39.792058,54,24841.646657
25.234389,58,24841.970413
181.692749,231,24843.329429
64.976251,96,24843.863292
103.549523,172,24844.838709
35.26051,67,24845.18857
444.211574,548,24854.07116
190.268255,253,24855.433309
102.310717,190,24856.452633
84.460862,122,24857.104617
83.965233,158,24857.947353
358.107664,449,24860.508482
379.907076,600,24863.747855
61.465786,68,24864.148682
-2.653127,63,24864.505842
86.415334,121,24871.05687
143.952012,184,24872.078989
558.482742,600,24875.715049
41.712136,64,24876.153556
-3.57892,90,24876.738411
19.44794,138,24877.559191
32.014737,51,24877.867735
44.577312,65,24878.215367
69.515413,77,24878.620234
92.764892,131,24879.334872
175.054581,245,24880.653241
578.372697,600,24889.975679
43.223181,78,24890.423763
46.656575,60,24890.777155
32.34675,125,24891.509805
47.562512,125,24892.227296
58.944557,174,24893.22157
56.095345,62,24893.577218
42.979347,48,24893.829196
101.437758,116,24894.480118
427.932152,600,24897.944798
45.259737,51,24898.212646
5.950457,72,24898.605337
11.999973,58,24898.906158
49.297793,63,24899.258202
378.971618,600,24908.472744
51.806987,52,24908.791467
15.969371,70,24909.254419
63.808775,66,24909.685212
42.596022,51,24910.009498
23.28955,74,24910.446437
534.458482,600,24913.61571
26.093235,75,24914.034983
55.920073,77,24914.485482
35.934934,104,24915.107461
130.912268,174,24916.019895
97.249839,136,24916.774904
107.285088,197,24923.985732
44.046514,79,24924.455102
50.833785,62,24924.808407
226.8243,277,24926.359269
147.864461,208,24927.468499
-1.361735,176,24928.374891
46.079001,56,24928.671957
243.079463,304,24930.32271
70.178765,140,24931.126462
77.937604,97,24931.65654
52.041806,55,24931.941958
30.162537,112,24932.553365
1.564408,55,24932.84591
95.06456,125,24933.566481
41.493318,59,24933.913599
56.345639,600,24943.218501
91.012361,185,24944.191031
1.837647,67,24944.537269
47.069004,77,24944.952344
4.712185,54,24945.239339
49.193096,130,24945.909939
48.806834,57,24946.213476
79.140896,131,24946.884801
64.527454,68,24947.267465
62.694762,59,24947.611777
47.075315,56,24947.992329
49.693218,87,24948.5515
78.468484,155,24949.53518
105.877224,125,24950.348518
24.47444,276,24951.842294
46.442041,69,24952.18173
130.681117,182,24959.229738
555.285475,600,24962.578711
392.702544,600,24965.840262
68.663093,113,24966.418199
18.18971,56,24966.723648
54.327285,84,24967.197892
40.707531,143,24967.987905
40.910269,161,24968.850706
517.007828,600,24977.782732
79.91037,164,24978.653989
41.774665,63,24978.974311
51.134045,48,24979.240021
23.337023,101,24979.768792
51.377106,60,24980.113618
102.898273,192,24981.148321
40.649031,62,24981.487749
50.370109,84,24981.962207
30.209972,49,24982.255863
-1.353954,116,24982.8695
45.182387,58,24983.166832
19.276975,65,24983.506117
20.923271,63,24983.86308
71.753364,99,24984.383937
118.452311,173,24985.296602
27.984894,600,24994.682955
27.890262,120,24995.446165
54.087343,66,24995.867116
3.741394,53,24996.179247
17.472912,71,24996.560997
-10.649557,59,24996.865624
87.551545,110,24997.417451
142.702231,191,24998.458653
572.188561,600,25001.951854
16.317536,64,25002.35956
27.028208,63,25002.698147
100.392872,163,25003.659007
15.477904,55,25004.001185
63.371771,65,25010.387279
267.797985,414,25012.742044
111.369684,352,25014.680414
75.444005,137,25015.426069
52.894418,47,25015.673206
113.339004,164,25016.524046
55.640817,104,25017.10841
87.812575,254,25018.509794
522.784882,600,25027.590393
44.579805,58,25027.91072
230.007237,454,25030.437924
22.11457,70,25030.836192
14.06411,64,25031.173108
107.298801,129,25031.859354
65.632174,161,25032.72768
34.412778,166,25033.62614
6.718713,183,25034.683063
44.424204,135,25035.501732
45.136014,53,25035.862706
51.523646,60,25036.240733
53.441055,110,25036.884016
17.435227,63,25037.243231
49.954762,53,25037.54984
45.860217,71,25037.921778
3.616566,75,25038.312672
53.786485,123,25044.939642
73.286802,108,25045.494879
21.221797,62,25045.850719
12.758874,71,25046.230298
11.491704,53,25046.514679
37.466938,60,25046.85849
8.6889,55,25047.174075
101.328544,115,25047.840356
41.314035,91,25048.348739
92.896189,178,25049.385266
94.101167,127,25050.038822
89.595649,153,25050.878465
30.227841,61,25051.200511
57.160257,93,25051.698468
50.683367,66,25052.058807
65.274368,62,25052.413004
506.371009,600,25055.846002
27.546365,48,25056.114783
115.638411,178,25063.066761
415.817509,563,25066.201818
43.348474,66,25066.57545
155.140907,294,25068.240756
17.444927,109,25068.858152
50.352056,92,25069.347775
124.499586,160,25070.256212
-7.093054,139,25071.038989
8.800101,600,25080.350701
50.929091,75,25080.766758
95.958924,156,25081.593791
518.566363,600,25084.889089
106.080697,600,25088.505341
41.645466,57,25088.831178
263.862839,600,25098.257022
250.125802,600,25101.557411
72.124551,600,25104.899514
30.429539,173,25105.814054
55.946859,69,25106.172168
44.362448,171,25107.152376
109.877771,132,25107.921979
582.918009,600,25117.271793
116.622933,177,25118.231747
549.750816,600,25121.446078
44.601987,60,25121.771787
20.643312,58,25122.094845
515.193505,600,25125.26867
51.886775,61,25125.582486
-4.353802,62,25131.827522
-2.870059,55,25132.112203
57.000606,75,25132.499138
23.727819,212,25133.622892
43.895773,67,25133.97714
251.961745,291,25135.616411
567.610038,600,25138.870084
31.859442,115,25139.43857
42.815382,52,25139.702669
10.118114,60,25140.03321
382.811266,600,25149.222832
22.831162,52,25149.536839
63.549793,99,25150.074056
123.346922,136,25150.822002
64.100683,64,25151.214857
232.91161,309,25153.193985
55.526078,79,25153.696757
269.201341,344,25155.673213
88.395138,128,25156.366686
59.628396,89,25156.862922
133.670128,194,25157.952947
57.776038,73,25158.367733
6.182186,51,25158.667299
130.190252,177,25159.688487
62.457268,208,25166.910914
-0.21999,49,25167.207583
40.694463,63,25167.557565
49.835025,57,25167.871285
31.506787,85,25168.336732
-10.336477,73,25168.699579
49.231706,184,25169.662317
47.041762,182,25170.631288
-1.750467,230,25171.870314
119.089029,158,25172.700224
-2.88123,127,25173.384362
-2.565666,60,25173.694896
85.568967,222,25174.859998
222.28099,600,25184.097473
42.603304,56,25184.398522
108.082857,600,25187.728962
68.704568,66,25188.10008
74.899493,128,25188.783438
93.134727,600,25192.202997
57.058797,73,25192.631774
32.9736,129,25193.428032
43.748396,60,25193.760205
96.006516,142,25194.544464
19.155144,66,25194.920909
106.943441,146,25201.691406
45.615145,47,25201.962399
451.852139,600,25205.353135
31.762564,62,25205.716298
64.412607,124,25206.474708
53.074466,138,25207.198381
19.032308,150,25207.955456
-2.641334,48,25208.225981
148.365366,215,25209.355285
10.721664,69,25209.724623
179.414743,600,25218.846311
133.353987,236,25220.150264
161.856106,231,25221.429635
46.955135,72,25221.809551
50.261082,75,25222.231681
52.605246,72,25222.630657
359.694575,465,25225.245708
49.851687,57,25225.578828
116.12459,443,25227.886933
33.235084,75,25228.293581
30.785571,600,25237.497369
51.355819,76,25237.908107
18.782716,69,25238.306156
54.553558,67,25238.729941
551.864028,600,25242.555612
62.557361,60,25242.933709
20.979257,334,25244.926856
98.620386,153,25245.76813
53.348596,71,25246.172254
349.049472,423,25254.333527
49.131933,65,25254.706913
57.326773,215,25255.999361
-0.369162,51,25256.33469
100.224225,205,25257.701324
50.705967,57,25258.064396
4.185372,71,25258.522392
89.652341,147,25259.418263
60.529957,101,25259.952647
45.308154,55,25260.241994
503.589975,600,25263.456116
40.011777,108,25264.030773
68.535697,125,25264.695363
33.797606,60,25270.854658
333.88439,600,25274.199566
33.810787,50,25274.50999
561.36184,600,25277.831726
18.018044,600,25281.024963
-3.475812,58,25281.316403
91.520567,600,25290.441831
112.190213,160,25291.415896
16.156113,600,25295.005678
152.520989,179,25295.974497
121.453165,176,25296.99011
103.162167,243,25298.25822
-8.146388,68,25298.612069
134.700189,215,25305.420047
8.455159,72,25305.80847
47.723338,61,25306.145982
162.431571,259,25307.496128
54.135787,55,25307.776927
56.344371,134,25308.512925
52.149137,54,25308.826477
30.443455,103,25309.416866
140.027002,190,25310.490638
583.794054,600,25313.65434
182.216442,244,25315.047242
49.485335,67,25315.428633
517.658888,600,25324.715854
49.381533,109,25325.300755
406.545747,468,25327.794725
-10.983349,49,25328.05097
51.33098,52,25328.325369
72.845689,600,25331.540591
23.136038,108,25332.114039
95.170637,151,25332.927218
43.523486,81,25339.204552
75.657113,98,25339.780704
95.904131,171,25340.800616
51.835537,67,25341.216793
560.852802,600,25344.575151
52.230774,64,25344.929211
36.944192,64,25345.319745
75.271941,149,25346.152815
44.283032,54,25346.449057
14.970552,94,25346.956008
44.587776,44,25347.215685
42.188236,55,25347.515636
49.286887,61,25347.884387
87.424034,135,25348.662907
104.275706,162,25349.61183
302.615813,600,25358.962509
105.054045,160,25359.82861
164.028749,240,25361.121718
26.323348,363,25363.322608
89.172981,343,25365.127771
147.99783,201,25366.210458
40.579227,56,25366.514375
16.853401,53,25366.7971
53.067299,59,25367.116702
79.641934,162,25373.751079
26.898411,53,25374.037636
83.773844,116,25374.669638
-5.938244,99,25375.269427
50.457018,79,25375.69982
388.755504,498,25378.9859
480.744232,600,25382.551452
-3.782872,49,25382.810675
59.928059,210,25383.948661
203.09834,307,25385.645115
70.870614,98,25392.104777
90.279928,147,25392.949333
237.450625,276,25394.475036
418.353163,600,25397.751244
36.924562,63,25398.09931
209.209949,265,25399.482906
-3.07789,117,25400.118046
247.09161,515,25409.135967
207.2942,262,25410.601467
69.23373,261,25412.075782
0.784352,134,25412.867354
44.318048,73,25413.302193
54.203038,84,25413.776754
512.607065,600,25416.902027
95.316346,139,25417.621379
40.564104,56,25417.929114
47.550561,66,25418.3076
45.476818,107,25418.934796
102.035298,150,25419.750531
8.334166,59,25420.067993
25.751929,600,25428.997907
85.535864,135,25429.719023
20.264586,97,25430.264004
94.873581,324,25432.01816
119.826177,307,25433.653545
111.184352,139,25434.387417
86.429153,116,25435.033008
43.512165,86,25435.493709
47.476248,56,25435.805446
91.939362,157,25436.605889
189.854643,237,25443.495358
52.780268,122,25444.150043
557.384128,600,25447.566287
43.396641,47,25447.814054
53.714449,77,25448.209969
81.432523,154,25449.025896
46.910119,78,25449.492951
133.831637,211,25450.728789
17.198469,208,25451.797827
45.419352,102,25452.341597
99.024992,209,25453.433194
51.46778,79,25453.834688
47.934307,56,25460.199777
51.219822,55,25460.473941
43.254056,127,25461.145684
47.517984,76,25461.581389
-19.697454,50,25461.86157
425.505329,547,25464.849946
145.73567,376,25466.907651
-7.389048,50,25467.17424
19.491576,64,25467.512552
0.321814,52,25467.802191
563.899023,600,25471.042017
559.885715,600,25480.418107
123.470535,167,25481.373289
44.091805,177,25482.45008
94.175966,153,25483.399126
127.884436,164,25484.439839
556.411099,600,25487.618616
41.953008,54,25487.89201
55.061091,65,25488.230594
47.416421,63,25488.554989
16.8757,59,25494.449134
42.139764,94,25494.976965
-2.669314,63,25495.334298
19.489157,94,25495.843408
76.273481,145,25496.649964
69.786043,167,25497.53214
35.31165,108,25498.097833
50.422749,114,25498.716376
95.421114,131,25499.438492
36.523065,188,25500.429286
113.559942,193,25501.457218
44.560727,70,25501.828206
70.914514,65,25502.179991
19.55841,135,25502.993084
350.556507,600,25512.195206
75.419417,80,25512.697632
-9.659504,103,25513.293227
15.946929,62,25513.667634
419.007552,600,25517.003558
43.22408,83,25517.434329
44.545814,44,25517.674843
77.892762,77,25518.072617
-2.759958,404,25520.423686
39.421522,112,25521.104425
172.871541,224,25522.418472
58.078087,118,25528.795896
120.101575,171,25529.77248
500.318616,564,25532.733486
36.97288,317,25534.414242
17.749681,74,25534.800462
543.475545,600,25538.070485
582.817726,600,25547.182487
82.92449,111,25547.758939
53.24147,129,25548.452001
45.568552,48,25548.710284
76.622492,164,25549.71286
65.3848,86,25550.255263
56.668218,161,25551.285535
57.649941,152,25552.285439
-10.0,48,25552.543529
72.148805,175,25553.469769
47.516865,62,25553.800017
13.979611,183,25554.750877
13.150053,63,25555.071019
127.004169,161,25555.975949
8.278065,50,25556.242912
-3.176266,263,25563.856447
72.026527,131,25564.581768
166.884189,221,25565.797915
45.426585,60,25566.130425
38.258708,117,25566.772424
47.32326,133,25567.535571
63.094206,116,25568.210478
64.040776,66,25568.564314
39.657834,74,25568.983786
35.387346,63,25569.329911
138.657529,175,25570.266832
32.049192,600,25573.654209
88.132886,121,25574.28044
97.246817,600,25583.115654
11.283289,68,25583.473758
50.1977,56,25583.77608
33.927176,80,25584.244238
46.086864,113,25584.912283
94.676641,185,25585.992257
14.872174,53,25586.336061
90.274385,159,25587.347198
51.443803,101,25587.892765
570.116321,600,25591.195983
56.133543,59,25591.488241
36.550307,117,25598.022396
69.574323,123,25598.747341
28.282958,64,25599.106576
502.919066,600,25602.658963
506.087721,600,25605.980067
46.550781,85,25606.483022
52.520322,60,25606.841889
94.41079,124,25607.550544
46.962781,97,25608.099827
10.136641,84,25608.562727
42.617978,97,25609.074877
56.125263,64,25615.208025
524.081797,600,25618.399779
32.438104,83,25618.842771
55.732945,68,25619.195125
73.163667,107,25619.739823
98.744063,145,25620.519172
39.398315,47,25620.771528
74.502114,240,25622.031879
53.019609,60,25622.373613
68.976488,123,25623.067315
50.079164,54,25623.358215
35.475566,47,25623.620841
36.682437,70,25624.004377
184.039604,235,25625.353727
71.325434,65,25625.703578
93.573987,154,25632.432832
105.51933,171,25633.36311
137.389171,196,25634.421635
104.387935,148,25635.242455
59.652222,142,25636.079482
76.579927,150,25636.952264
7.297086,65,25637.317365
46.128139,71,25637.699428
53.194934,95,25638.24165
149.54975,600,25641.597162
2.299675,113,25642.235295
148.481116,259,25649.487645
74.461807,194,25650.626633
38.288548,55,25650.931272
143.668579,290,25652.455215
98.621835,150,25653.279735
344.446999,600,25656.77191
574.582942,600,25660.693332
9.626683,58,25661.057302
35.569871,60,25667.200893
46.757509,53,25667.498737
103.99118,169,25668.406734
46.063443,76,25668.829318
51.460433,117,25669.471816
158.65962,209,25670.691096
37.232867,69,25671.135409
567.873091,600,25674.785458
115.078821,207,25676.001731
5.158772,419,25678.3188
36.620298,69,25678.701196
75.183984,125,25685.132691
46.381864,126,25685.845377
103.919946,169,25686.76762
50.974118,73,25687.168358
109.466104,241,25688.507629
16.476463,600,25691.725909
43.465188,57,25692.037614
90.635985,154,25692.877939
394.582804,494,25695.955154
57.965117,80,25702.34485
24.303612,118,25702.984823
19.010994,600,25706.533931
22.155122,50,25706.802893
46.002388,100,25707.32359
313.295105,445,25709.614128
45.7929,58,25709.91278
46.943485,50,25710.171068
96.878313,136,25710.893736
59.865981,64,25711.238585
-0.738564,96,25711.801977
39.942018,54,25712.133998
81.511462,160,25713.126883
118.781278,160,25720.2123
315.209362,349,25722.487831
21.793578,600,25726.356545
46.54138,61,25726.689786
109.173164,145,25727.428757
51.38756,74,25727.811374
49.941723,66,25728.143163
510.87346,600,25731.473577
48.164948,62,25731.820096
114.778668,509,25740.451872
576.606369,600,25743.781626
46.929774,64,25744.136595
12.521173,59,25744.514118
66.9296,95,25745.029988
181.075904,266,25746.507209
192.385317,219,25747.766519
49.588836,59,25748.119029
352.063792,396,25756.509412
181.629298,256,25757.929329
213.731537,272,25759.358284
10.835268,59,25759.662173
-1.246402,220,25760.822067
49.087204,78,25761.248145
521.031994,600,25764.458965
21.805748,600,25773.560377
19.769789,57,25773.881845
66.333061,78,25774.292903
45.812423,64,25774.625854
28.634372,59,25774.925294
310.995729,600,25778.196883
136.623972,235,25779.526662
60.720999,94,25780.071375
58.286322,86,25780.573571
48.565281,105,25781.159465
47.555703,61,25781.543809
6.479759,51,25781.803212
40.555937,163,25782.693514
-19.310482,58,25783.011457
106.248245,600,25792.599941
49.563572,83,25793.0861
2.236809,129,25793.84988
88.04966,176,25794.896105
73.142123,74,25795.338674
31.640482,235,25796.657819
550.024346,600,25799.907975
9.803905,63,25800.298602
349.382087,441,25808.523013
26.839994,86,25808.976333
51.248742,73,25809.36386
533.28217,600,25812.741052
63.521452,197,25813.779357
41.683683,73,25814.187972
41.667757,72,25814.56791
49.112231,65,25814.917431
1.429257,129,25815.630655
123.670829,217,25816.949036
127.408584,195,25818.152565
71.006281,348,25825.804069
35.588754,63,25826.161608
5.787924,279,25827.841794
51.270384,120,25828.472738
149.583205,221,25829.670827
44.882394,64,25830.030005
142.363873,166,25830.962248
154.356811,219,25832.127024
30.550766,86,25832.655671
552.539908,600,25841.920244
51.129046,67,25842.290556
163.874136,176,25843.232728
30.540056,60,25843.548148
231.01616,600,25846.847511
60.650416,62,25847.216505
20.517132,600,25850.798751
160.028979,196,25851.925895
11.206999,61,25852.275973
51.646515,50,25852.576359
36.845165,80,25853.03226
39.523005,53,25853.394189
127.502721,600,25862.694211
45.986985,68,25863.071986
139.287458,600,25866.620298
65.573832,122,25867.264269
428.858278,600,25870.54476
41.783262,57,25870.851642
157.972739,182,25877.77694
276.79148,453,25880.347192
49.179202,71,25880.772676
322.951801,374,25882.828075
4.205066,83,25883.274325
24.402698,79,25883.698488
37.635,119,25884.338262
115.764907,192,25885.341279
65.538494,83,25885.775114
114.987893,188,25886.731339
162.545625,230,25887.993734
50.50597,68,25894.194895
70.630718,94,25894.715306
176.451277,217,25895.931162
120.472626,148,25896.723443
59.914544,141,25897.508018
89.239435,119,25898.184802
30.851467,180,25899.117164
8.847316,62,25899.463554
49.441923,73,25899.840261
583.644463,600,25903.07709
40.930028,86,25903.590004
17.674781,70,25903.998681
13.95686,55,25904.33417
24.555679,187,25911.587595
112.099296,205,25912.774168
6.170571,52,25913.055364
564.844501,600,25916.290657
114.362583,183,25917.253194
43.838364,67,25917.615189
59.770839,64,25917.96435
149.581886,270,25919.370152
41.636889,59,25919.713709
571.667778,600,25928.783353
49.996874,57,25929.144293
44.817089,79,25929.575114
49.736275,139,25930.377383
43.322535,62,25930.697615
47.730991,62,25931.027161
43.307091,144,25931.848703
73.696143,108,25932.492139
413.726266,493,25935.260015
554.841552,600,25938.81111
17.662652,58,25939.118641
129.514413,258,25946.526641
0.020389,50,25946.815079
66.811814,105,25947.422307
-13.938284,49,25947.694156
30.55176,97,25948.239118
19.960784,107,25948.816313
74.57402,120,25949.447423
44.445093,111,25950.071496
85.911462,119,25950.744256
65.06881,103,25951.292524
56.715514,75,25951.691064
138.135154,208,25952.835671
154.596817,262,25954.231438
571.071261,600,25963.421706
48.356874,578,25966.487651
134.266657,171,25967.43841
-8.022336,58,25967.779972
31.022618,76,25968.223515
67.75451,120,25968.855988
93.823103,125,25969.503085
45.140296,50,25969.771333
64.254938,97,25970.283505
35.201163,61,25970.616215
32.725727,159,25971.470134
12.745344,142,25972.248781
105.352542,146,25973.037442
54.71686,103,25973.585454
113.759587,156,25980.204187
47.647007,66,25980.547178
56.302474,85,25980.970674
44.153471,71,25981.35321
40.995642,49,25981.622716
22.332216,83,25982.100756
82.72247,179,25983.098839
49.654072,77,25983.574256
176.092795,229,25984.917495
57.268714,211,25986.079256
48.01524,67,25986.460495
-15.648915,93,25986.953104
13.555265,64,25987.29367
15.763642,50,25987.531888
45.504375,59,25987.844398
97.326538,109,25988.409799
45.458524,90,25988.873555
50.312374,75,25989.283692
68.260138,107,25989.869492
43.641394,61,25990.206857
44.147234,52,25990.483316
31.93496,62,25990.80418
53.745927,66,25997.253212
20.682002,86,25997.705101
69.921342,101,25998.245505
48.010244,90,25998.7455
45.940007,50,25999.002511
45.278657,96,25999.50841
44.653435,62,25999.82209
59.420113,70,26000.194494
68.410003,83,26000.656585
253.569568,600,26003.9772
41.429815,84,26004.469755
62.005663,124,26005.146544
10.522253,111,26005.7793
95.649047,211,26006.972122
38.798616,131,26007.699037
9.683108,600,26017.039422
18.066923,95,26017.536297
418.439997,502,26020.218436
528.03683,600,26023.379767
14.523275,50,26023.658414
45.065842,57,26023.952861
31.455182,56,26024.251208
46.462889,42,26024.483532
26.069558,167,26025.407522
14.007825,75,26031.860617
27.605686,175,26032.821523
227.871816,319,26034.493297
102.696969,135,26035.213365
45.521608,135,26035.921171
37.27354,105,26036.474257
47.313269,67,26036.867558
119.201947,163,26037.77524
125.403964,159,26038.677186
64.09709,155,26039.536156
579.509607,600,26048.613019
76.583272,160,26049.466625
138.058175,249,26050.853899
107.035714,445,26053.416547
75.348864,114,26054.053677
171.670582,224,26055.287777
136.389941,164,26056.177727
414.897149,600,26059.643232
37.248395,146,26066.304262
56.179316,90,26066.786439
12.516956,106,26067.367638
213.599871,256,26068.7577
212.409879,285,26070.25803
59.622455,87,26070.743137
137.912712,177,26071.65717
51.479759,69,26072.026366
30.9945,126,26072.710914
569.688145,600,26075.951326
168.926159,267,26083.594911
31.681447,86,26084.035939
571.719339,600,26087.253224
-3.36076,65,26087.586068
53.57902,54,26087.887861
41.494137,68,26088.254369
34.334685,64,26088.611058
5.64806,130,26089.29702
72.107719,600,26092.638065
55.492244,67,26093.029489
88.709882,101,26093.665587
50.18774,66,26094.065189
51.170407,118,26100.561218
47.64188,51,26100.836377
150.411887,220,26102.006001
25.397493,92,26102.489438
475.914577,600,26105.720386
93.920692,105,26106.256428
116.740907,250,26107.621171
44.978747,54,26107.927505
10.157376,70,26108.384266
18.259858,85,26108.925724
10.29371,59,26109.300636
101.766666,124,26110.035215
493.57124,600,26119.61166
41.763012,66,26119.967638
149.661385,178,26120.92834
239.230889,335,26122.878644
50.683058,61,26123.230658
517.149432,600,26126.544156
50.242732,108,26127.108881
56.669306,152,26127.924256
66.122223,110,26128.495309
20.35493,73,26128.90048
43.528313,80,26135.337054
189.039496,279,26136.830792
15.604184,180,26137.890324
62.244099,70,26138.327131
30.649924,80,26138.84226
45.000554,57,26139.202385
81.856985,186,26140.360772
65.094613,128,26141.205556
104.117882,141,26142.001995
37.153595,82,26142.46294
45.68411,70,26142.856312
49.330348,83,26143.291577
553.255196,600,26146.444052
68.661162,75,26152.79675
75.900964,75,26153.217103
516.331127,600,26156.711506
42.206387,61,26157.126394
19.363149,55,26157.444907
34.352791,79,26157.902244
89.994263,178,26159.009724
38.113765,50,26159.316131
71.549428,175,26160.284153
179.737061,236,26161.77365
360.99066,600,26171.177257
13.281647,51,26171.465096
562.382048,600,26174.821313
49.690894,63,26175.186715
45.746272,67,26175.559139
182.770663,245,26176.995382
61.573024,72,26177.39701
97.898062,210,26178.54995
57.675998,84,26179.063934
95.498185,600,26188.653664
126.268947,201,26189.731024
18.307563,58,26190.058593
46.235209,52,26190.348895
104.278442,134,26191.069082
36.129957,59,26191.387529
30.378794,91,26191.883821
-13.611226,178,26192.844261
66.066016,72,26193.247271
-2.802962,55,26193.554371
164.04039,237,26194.944069
92.542109,140,26195.688339
118.397321,223,26196.939027
30.751553,93,26197.424531
90.609282,156,26198.2447
41.294098,57,26198.543362
34.363874,56,26198.849146
83.613497,144,26199.613549
26.167768,113,26205.981537
306.348693,413,26208.14266
262.552928,329,26209.91161
47.379948,55,26210.19911
179.51078,264,26211.587103
31.740205,76,26211.960652
49.594331,57,26212.268082
-18.741377,138,26213.017113
32.241074,42,26213.252461
-10.482566,600,26222.452529
39.34862,50,26222.721808
89.251133,111,26223.322404
61.360272,56,26223.616641
38.632225,85,26224.056767
90.967731,225,26225.28392
46.652235,63,26225.654208
155.129882,200,26226.737301
120.756315,177,26227.750531
49.316725,76,26228.199459
6.813558,58,26228.536885
407.926497,600,26232.005075
124.312665,218,26233.355312
43.17498,68,26233.758057
66.534844,316,26241.392951
-4.435496,49,26241.682533
553.180756,600,26245.061094
40.94806,45,26245.360261
536.230145,600,26248.525787
31.965453,56,26248.820268
52.146541,99,26249.366511
42.942069,53,26249.668753
466.588939,600,26258.767774
46.602812,77,26259.252366
36.74841,72,26259.640757
98.654055,125,26260.34116
49.639654,62,26260.691687
103.564694,234,26261.944577
24.364956,105,26262.487911
51.311917,52,26262.773125
95.452579,156,26263.629745
55.029064,144,26264.4656
48.130314,120,26265.16256
71.478549,141,26266.04265
66.907473,600,26275.448472
39.961364,61,26275.785981
49.91244,65,26276.130431
13.896027,89,26276.64175
-0.591534,94,26277.122408
553.280606,600,26280.473825
49.514156,61,26280.836526
53.599281,76,26281.316521
37.506405,52,26281.658981
175.092712,461,26284.19051
134.205408,314,26285.954047
45.325812,117,26292.969614
12.929336,58,26293.303447
112.43817,213,26294.409756
168.471492,226,26295.612036
10.497886,54,26295.907193
43.857482,50,26296.18168
145.908988,204,26297.274124
142.411072,206,26298.331748
49.73385,220,26299.47515
23.620929,64,26299.796626
142.679496,175,26300.702553
176.8484,241,26302.036184
61.273333,83,26302.532
49.64944,51,26302.837211
583.816322,600,26312.326733
44.628232,49,26312.595048
69.489194,600,26316.155542
33.326926,80,26316.645787
100.42534,165,26317.562952
99.812937,228,26318.738113
75.735493,111,26319.302392
46.122321,60,26319.619668
41.497747,53,26319.898981
30.530188,123,26320.565733
103.488925,154,26327.187487
44.970267,60,26327.488748
87.85833,108,26328.070651
66.749549,145,26328.858027
555.27547,600,26332.222433
49.096073,92,26332.774577
35.959264,62,26333.142755
47.465774,178,26334.155653
458.21882,600,26337.426279
51.840697,62,26337.751774
45.349987,85,26344.231703
40.560231,92,26344.734806
48.59547,51,26345.044226
51.348603,65,26345.436466
49.521668,50,26345.746447
98.786002,162,26346.809347
32.442171,49,26347.120818
77.609586,140,26347.985037
8.227935,362,26349.908177
112.491752,256,26351.300437
36.780779,165,26352.249397
556.561112,600,26355.633583
39.190949,78,26362.406123
67.124163,59,26362.734838
31.183762,220,26363.948812
-6.751286,51,26364.200589
151.086317,225,26365.415374
38.784469,49,26365.690172
147.482811,204,26366.791193
69.960452,84,26367.226837
65.166065,122,26367.881087
26.599067,116,26368.501603
43.879707,93,26369.049102
38.676452,69,26369.414956
101.252157,152,26370.207929
66.94766,112,26370.765667
28.490384,63,26371.09063
57.95665,77,26371.5073
159.560935,241,26372.776271
49.321141,59,26373.091649
107.247682,183,26380.121073
546.739181,600,26383.428879
525.591404,600,26386.811394
113.452105,178,26387.752111
134.822937,174,26388.70809
576.664557,600,26397.828401
52.267901,61,26398.163996
26.03113,88,26398.624132
562.605863,600,26402.012991
407.570963,600,26405.298413
40.059258,58,26405.612475
74.314299,204,26406.759034
53.365658,71,26407.157237
33.225712,62,26407.51138
59.068003,251,26414.947936
159.956805,241,26416.292208
66.408316,321,26418.020938
30.509202,146,26418.807434
71.728033,106,26419.383894
153.456039,210,26420.468852
130.747876,181,26421.408643
212.90842,344,26423.291451
26.452743,205,26424.530586
51.963293,68,26430.776345
39.857129,58,26431.160506
51.449399,55,26431.526906
43.26117,47,26431.831234
102.004218,141,26432.750076
98.95886,159,26433.643211
87.080222,169,26434.5339
59.616397,71,26434.914578
62.648671,61,26435.246913
33.574666,56,26435.523681
44.974634,70,26435.892064
48.056952,67,26436.245233
47.773048,56,26436.534044
220.517583,275,26437.995573
11.827642,59,26438.325506
17.78644,76,26438.760137
60.941507,132,26439.470421
95.123075,152,26440.374194
43.358917,49,26440.666286
10.189285,60,26441.031812
40.185669,83,26441.507032
38.221356,54,26441.878219
97.500701,600,26451.238473
595.871231,600,26454.875647
58.783154,73,26455.289617
44.446991,67,26455.655788
44.511178,49,26455.939974
70.131303,121,26456.59872
-8.098188,58,26456.925249
111.43488,154,26457.784441
3.704745,59,26458.090676
250.857606,385,26466.15619
33.864722,83,26466.657811
-3.060443,600,26470.23618
74.470799,110,26470.799911
50.181142,67,26471.161381
51.857125,68,26471.538983
27.130193,70,26471.960306
580.729123,600,26475.434323
14.047307,61,26475.796104
28.393867,84,26476.310414
-2.383903,52,26476.641376
48.3976,57,26476.978076
33.792734,57,26477.332341
78.836126,107,26477.947232
32.757269,185,26485.015702
6.20287,54,26485.351068
18.319979,116,26486.011896
365.034836,450,26488.541039
95.512454,142,26489.254513
53.090081,55,26489.548314
370.727914,455,26492.015632
36.475381,51,26492.319286
43.930646,62,26492.65992
220.140808,394,26494.83649
88.183944,121,26501.434849
50.098212,65,26501.802077
68.083316,227,26503.032766
53.595319,72,26503.399852
42.007285,49,26503.641143
69.884253,332,26505.441261
45.338245,58,26505.792676
20.684107,86,26506.287151
134.470832,188,26507.28977
45.819095,106,26507.90516
49.337493,131,26508.657088
-20.65593,248,26510.047925
51.675076,70,26510.428566
352.12301,392,26518.677687
123.971918,194,26519.782873
52.733541,51,26520.063776
52.133149,55,26520.402819
167.923147,217,26521.583986
555.09388,600,26524.771821
550.30919,600,26527.926855
347.774155,447,26536.435182
-28.453138,82,26536.923043
-6.338706,51,26537.210535
48.481598,61,26537.540265
34.017242,59,26537.866649
247.890222,561,26540.88998
417.897732,600,26544.151176
113.40722,170,26545.051477
502.706819,600,26554.042707
279.191886,561,26557.096319
48.593339,57,26557.390597
70.462135,600,26560.768003
-18.764067,215,26561.903115
60.083976,600,26570.979169
70.086409,67,26571.327485
148.83929,209,26572.437174
33.053885,600,26576.115685
114.120174,180,26577.248703
93.422198,133,26578.124401
16.020715,67,26578.601335
37.694492,56,26578.940581
157.073586,241,26580.282402
47.874644,54,26580.588244
16.42355,90,26581.059762
12.972946,74,26581.466944
111.769046,600,26590.820413
590.931803,600,26594.023157
110.204232,247,26595.310405
13.647207,50,26595.562431
19.517884,98,26596.088187
51.287244,47,26596.348161
108.733404,156,26597.184601
2.894225,81,26597.638958
93.653599,122,26598.304091
255.618756,323,26605.87008
576.708665,600,26609.404181
123.718801,208,26610.506481
38.096932,79,26610.932985
161.704663,209,26612.026347
45.049974,104,26612.650497
158.295018,193,26613.817138
92.58481,135,26614.65821
118.033807,282,26621.919262
59.545018,600,26625.280676
49.019866,49,26625.567615
-3.657616,51,26625.846744
40.85236,61,26626.196965
110.850287,187,26627.285715
51.295075,68,26627.661227
61.46129,91,26628.189052
61.824032,66,26628.577012
68.455675,79,26629.019274
-12.397636,212,26630.253543
144.544396,224,26631.464913
134.372688,318,26633.163033
106.338677,184,26640.261099
143.532445,200,26641.335523
78.048762,118,26641.966564
36.369225,169,26642.875693
418.515418,600,26646.131239
108.556183,190,26647.157806
47.656308,95,26647.664768
135.136973,159,26648.506911
47.691809,72,26648.892381
457.496308,600,26658.135014
18.639955,97,26658.682882
116.518383,157,26659.569194
211.371678,243,26661.042608
234.067627,280,26662.666719
367.190983,600,26665.844218
50.869498,64,26666.268028
108.624943,174,26667.428434
19.870513,95,26668.046693
52.114354,69,26674.515299
44.365232,62,26674.910714
47.625262,65,26675.315461
99.360327,156,26676.27982
-7.983518,47,26676.579557
19.820621,53,26676.912301
106.68838,154,26677.759245
128.531188,164,26678.720295
19.439589,190,26679.714358
44.505739,95,26680.233902
43.901027,125,26680.89063
50.18136,49,26681.148109
59.879191,164,26681.967988
3.966739,209,26683.06672
68.036314,387,26685.171042
60.168874,118,26691.699946
186.204041,242,26693.177824
40.234116,58,26693.509324
-1.748153,55,26693.816471
48.382699,58,26694.151252
55.167292,108,26694.783528
80.182424,101,26695.325334
123.744768,195,26696.344306
21.20803,53,26696.625471
513.7678,600,26699.880858
115.135214,180,26700.940707
98.51987,114,26701.65628
8.240589,600,26711.150654
86.589133,85,26711.647149
32.644096,74,26712.112721
89.373739,120,26712.829437
78.993941,106,26713.45563
49.430562,61,26713.769921
19.00398,92,26714.25933
332.040001,364,26716.312731
160.675748,600,26719.873116
39.913723,56,26720.194647
32.64482,53,26720.511656
71.311739,154,26727.250948
253.528897,381,26729.508507
32.291231,110,26730.130974
15.640809,56,26730.418493
16.364721,62,26730.746564
49.463891,60,26731.066011
31.065182,44,26731.303336
69.704865,101,26731.839143
43.229587,97,26732.360446
45.577304,600,26735.883247
42.448472,61,26736.245292
52.161379,165,26737.157342
6.65385,64,26737.5051
42.980691,111,26738.125273
113.517392,168,26744.9945
166.559351,212,26746.336948
49.659195,66,26746.760554
46.639897,600,26750.06064
-14.10895,600,26753.509818
544.679243,600,26763.450829
0.774553,58,26763.84234
43.851569,58,26764.22367
43.218823,99,26764.744669
44.148315,66,26765.112308
17.494451,96,26765.659036
-4.517536,49,26765.927326
78.599631,103,26766.464785
75.151508,153,26767.287329
42.243511,92,26767.800823
1.634021,68,26768.176077
57.783954,62,26768.528013
342.975422,437,26770.887726
168.700287,254,26772.37326
78.401602,119,26773.155547
31.726946,75,26773.638783
30.703314,95,26774.232211
431.137487,600,26783.880129
56.067329,60,26784.245528
96.747991,214,26785.46307
55.671353,135,26786.199878
109.508106,158,26787.056414
53.317162,59,26787.431839
96.884149,270,26788.922419
37.459098,52,26789.221356
49.116146,87,26789.695491
79.450571,160,26790.557324
23.180811,53,26790.873267
83.314399,168,26791.840648
48.247481,57,26792.154617
47.40909,130,26798.817039
448.481294,559,26801.994166
55.985538,80,26802.430355
226.5865,600,26806.078559
53.426024,79,26806.498785
0.673566,73,26806.896352
23.15488,48,26807.154742
23.522312,600,26816.341869
474.167898,600,26819.593873
545.343489,600,26823.078658
29.897809,600,26826.240494
24.777104,157,26833.425369
178.388653,229,26834.820837
-0.980683,56,26835.138091
40.265675,54,26835.467198
19.87631,159,26836.429642
272.56971,346,26838.565804
51.912978,77,26838.985393
15.881674,600,26842.137333
55.428394,49,26842.398727
218.454637,293,26844.043922
58.719977,68,26844.413168
37.220271,48,26844.677994
39.050988,134,26851.300102
45.466159,70,26851.706305
98.951997,131,26852.457505
42.274864,71,26852.877226
2.899974,49,26853.145894
128.085866,188,26854.186868
470.744716,600,26857.510015
63.629403,253,26858.930339
268.699349,356,26860.795656
158.905152,353,26868.686876
-0.827433,71,26869.049437
83.567394,123,26869.696177
15.2086,74,26870.111147
54.94516,69,26870.479628
49.975356,111,26871.03785
107.028548,133,26871.740581
92.149453,158,26872.588935
46.383786,57,26872.902599
117.97577,138,26873.745505
268.198189,600,26877.261476
22.394093,72,26877.637654
47.37665,88,26878.120059
551.565085,600,26887.504853
184.450259,227,26888.746643
93.358258,174,26889.689823
91.314377,177,26890.605816
44.520834,74,26891.044196
116.587304,154,26891.926745
100.6051,151,26892.843966
161.395861,262,26894.368813
53.205212,65,26894.680096
46.824568,50,26894.935556
525.069071,600,26904.499951
384.029772,433,26906.900736
241.478036,600,26910.136153
42.411663,70,26910.507493
60.120956,66,26910.859197
474.877132,600,26914.010368
81.354075,118,26920.697834
424.387869,500,26923.401246
40.249528,59,26923.743093
61.884833,132,26924.537747
50.497085,68,26924.901022
77.388555,152,26925.722768
566.27065,600,26928.908741
45.182079,56,26929.221284
39.747539,46,26929.491719
34.277354,72,26929.901924
15.603359,77,26930.315755
10.798735,66,26930.678518
59.538833,54,26930.985717
87.585182,146,26937.883599
47.649936,53,26938.192657
13.302727,72,26938.619912
23.940111,99,26939.184537
10.889563,600,26942.719879
57.098825,106,26943.314475
97.311528,124,26944.005148
243.597259,311,26945.8417
28.045464,119,26946.548204
38.277851,72,26946.961992
143.728271,252,26948.307627
473.149076,600,26957.600713
47.39541,145,26958.340721
46.315984,86,26958.801131
12.071648,53,26959.084768
214.921827,333,26961.022661
30.449384,600,26964.652141
46.655525,63,26964.992236
360.662166,448,26973.455661
56.261052,99,26973.989262
113.702691,167,26974.945934
106.61718,145,26975.760953
33.349631,60,26976.090055
22.771087,51,26976.409067
-10.14149,600,26979.851912
-13.431929,129,26980.593817
292.92451,375,26982.629582
44.368864,62,26982.969274
45.613384,53,26983.278318
39.960434,53,26983.58368
29.613564,163,26984.540802
84.151155,165,26991.38518
42.681712,96,26991.932194
103.246989,176,26992.848963
17.1205,71,26993.231297
325.2089,472,26995.930027
41.196457,162,26996.931902
92.906088,223,26998.201788
44.384277,68,26998.604999
47.573967,59,26998.93296
69.362117,166,26999.805445
54.466989,133,27000.513659
139.081131,192,27001.530354
48.694527,81,27008.010366
62.63514,64,27008.378362
-14.533585,132,27009.155359
6.745868,49,27009.418788
90.875689,115,27010.057142
19.905043,70,27010.443588
40.934048,72,27010.822267
81.153896,158,27011.666252
23.86488,103,27012.195875
569.118524,600,27015.51241
42.162915,56,27015.810307
50.462381,66,27016.176883
37.735644,81,27016.634352
112.372802,162,27017.55138
59.937756,82,27018.011737
242.461607,292,27025.569041
15.172464,48,27025.881829
54.618637,60,27026.246889
77.401601,158,27027.189664
46.538763,55,27027.517992
43.837353,56,27027.842923
22.387468,235,27029.151394
47.534326,61,27029.48038
4.319901,60,27029.805269
550.402822,600,27032.982785
121.722222,162,27033.880376
60.622053,227,27035.1378
32.967912,96,27035.705058
126.401556,160,27036.542911
18.622236,58,27042.637156
52.509838,61,27043.004519
44.371839,57,27043.341
35.010121,58,27043.652537
97.632459,162,27044.527772
38.81482,229,27045.793121
47.103536,49,27046.040634
-3.743992,118,27046.640003
-0.833049,53,27046.889462
122.284199,204,27047.993354
53.260394,67,27048.359972
184.855412,461,27051.169273
51.442832,66,27051.553083
64.549588,129,27052.31653
123.348987,172,27053.346067
23.943826,214,27060.287978
303.50025,401,27062.699564
42.400316,85,27063.141373
1.994839,54,27063.417192
429.936277,536,27066.310453
-5.809914,50,27066.586419
54.444412,71,27066.962725
111.531936,171,27067.912429
26.509443,600,27077.176038
121.979895,187,27078.309394
6.536664,224,27079.604013
80.359063,125,27080.34342
83.158431,180,27081.54051
36.984036,93,27082.115012
54.002574,58,27082.468072
540.945473,600,27085.935456
26.623635,600,27094.831504
518.892693,600,27097.997516
36.851819,66,27098.414961
38.445528,80,27098.902536
192.025409,255,27100.485793
63.981829,180,27101.432232
13.430162,60,27101.771576
530.980012,600,27104.939829
49.266675,103,27105.480372
50.67249,67,27112.007123
29.670759,82,27112.441138
28.406023,233,27113.691233
558.447523,600,27116.929928
69.68201,600,27120.280989
275.565303,296,27121.909244
-9.909329,154,27122.780949
55.788223,69,27123.181913
42.536908,70,27129.339798
84.609914,244,27130.683074
39.297618,172,27131.612294
104.330345,177,27132.645
27.679879,600,27136.079005
16.827459,159,27136.966408
50.679932,47,27137.232661
132.317673,191,27138.38159
145.068449,223,27139.715593
49.90792,97,27140.213754
43.089175,61,27140.545329
58.683274,69,27146.942635
69.224743,100,27147.496028
47.745098,138,27148.295618
25.118161,83,27148.746238
101.075409,142,27149.548808
54.202669,77,27149.993299
66.650386,201,27151.07548
96.648701,136,27151.788273
59.339268,72,27152.175683
-3.155315,66,27152.537534
47.751919,59,27152.846742
11.672814,248,27154.148859
45.011148,48,27154.400338
481.742864,569,27157.54594
48.099844,66,27164.091704
53.891655,85,27164.552311
44.662402,53,27164.836402
22.717663,69,27165.201985
22.79667,600,27168.512151
148.602508,212,27169.716801
56.564906,65,27170.08118
49.742764,83,27170.543743
54.995043,76,27170.979339
43.623461,70,27171.363237
153.785152,228,27172.558506
137.204918,190,27173.596484
282.086175,367,27181.800042
50.325375,67,27182.22297
62.456751,90,27182.812397
43.531088,55,27183.176154
36.658116,116,27183.940745
101.331785,178,27185.022331
127.382535,151,27185.817899
42.717979,58,27186.112918
509.016677,600,27189.646052
47.962972,60,27190.003221
2.504118,260,27191.460166
52.056288,56,27191.743418
-4.343401,170,27192.677857
36.881239,95,27193.225913
26.491104,101,27199.958133
17.626055,148,27200.777587
40.222315,95,27201.299161
43.755988,99,27201.842972
48.180839,86,27202.302305
295.348797,362,27204.22369
16.530094,93,27204.723317
82.405792,169,27205.674191
45.660578,83,27206.141249
58.319265,119,27206.76998
45.865855,56,27207.06012
28.762835,67,27207.407168
0.51232,84,27207.868038
58.998703,67,27208.214043
165.203424,283,27209.784489
298.793324,357,27217.596753
29.010938,79,27218.031168
46.844414,76,27218.443827
-15.571374,82,27218.9025
52.83818,55,27219.211205
16.103826,58,27219.51697
52.378817,64,27219.840394
31.380377,99,27220.381181
50.387804,87,27220.848598
40.860508,145,27221.634925
86.316904,238,27223.04141
4.574723,58,27223.355518
69.063508,600,27226.626627
276.226462,600,27235.913302
48.463103,186,27237.082016
14.880235,61,27237.443653
46.306077,67,27237.832835
54.059651,70,27238.201794
68.169173,67,27238.569343
110.394296,160,27239.471323
96.861268,600,27243.054559
29.797663,142,27243.816069
40.409699,125,27244.489383
90.807228,134,27245.222272
41.880836,49,27245.513468
60.247289,59,27251.956878
85.626737,165,27252.823851
48.238713,64,27253.163034
209.232099,279,27254.625396
7.534825,66,27255.001501
410.659831,483,27257.759596
111.851528,121,27258.409293
17.890703,53,27258.740669
53.452737,52,27259.023219
159.51818,355,27261.050503
45.987397,74,27261.532768
106.000214,182,27262.682116
89.592795,120,27269.223964
-22.12011,170,27270.255612
48.9936,190,27271.24006
66.018756,62,27271.557294
129.777708,193,27272.553526
18.976503,60,27272.866178
51.651665,56,27273.165739
204.093012,271,27274.649288
120.188238,157,27275.5203
34.682437,75,27275.926543
42.602624,84,27276.387114
92.630892,143,27277.268517
271.689217,382,27279.704205
18.907079,53,27279.988805
132.669781,222,27287.299953
87.650449,180,27288.384352
39.227216,72,27288.829375
87.86512,103,27289.377023
-5.757852,331,27291.284136
47.878742,140,27291.999153
18.722521,69,27292.376975
128.218574,375,27294.330358
80.56146,130,27295.056513
61.173876,78,27295.513643
32.468235,147,27296.34462
36.02383,61,27296.696454
36.934618,85,27297.161647
-18.013906,51,27297.474392
41.090613,63,27297.836286
31.17739,179,27304.663517
35.259605,219,27305.99744
235.508447,412,27308.386033
34.887647,60,27308.691965
28.267557,239,27309.97246
51.809544,97,27310.51759
24.729867,96,27311.055377
66.818542,106,27311.642764
58.407724,82,27312.095025
478.152149,600,27315.389306
49.841262,84,27321.526653
559.798981,600,27324.899088
11.84653,82,27325.367306
568.57732,600,27328.610009
18.98456,105,27329.186478
51.299073,57,27329.511957
503.748395,600,27337.606932
448.416455,600,27340.948292
43.225141,50,27341.217044
28.914514,151,27342.008422
573.66061,600,27345.382011
16.452847,600,27353.956783
-5.117779,47,27354.240483
142.985889,174,27355.315876
33.260497,75,27355.766854
2.625331,56,27356.093099
77.073092,155,27356.969188
80.913876,106,27357.509403
256.429303,600,27360.740805
44.821772,112,27361.422987
571.724787,600,27364.618745
118.297934,183,27371.380502
63.459289,87,27371.893945
73.574102,154,27372.748866
54.867926,219,27373.917847
38.338323,122,27374.561639
86.619636,154,27375.377592
18.659227,72,27375.776286
43.568625,50,27376.068507
45.508055,62,27376.39453
0.680589,56,27376.714831
0.668601,61,27377.047737
37.328694,148,27378.025327
498.657453,600,27381.509055
45.248768,57,27381.812035
117.583175,600,27391.139704
56.479725,74,27391.52191
50.287221,52,27391.794482
52.77772,98,27392.326783
532.09272,600,27395.482367
-9.630526,49,27395.727598
45.189529,56,27396.029952
99.699474,133,27396.764828
52.796723,70,27397.156873
-8.75451,233,27398.505882
39.553245,79,27398.957406
56.204896,161,27405.962814
99.872733,157,27406.927614
90.732754,233,27408.339258
50.069173,63,27408.691814
31.01914,155,27409.529049
41.776231,128,27410.201922
417.800551,485,27412.79169
68.512191,111,27413.404714
52.188351,201,27414.509288
126.547462,152,27415.294692
47.285058,77,27415.711751
47.581926,60,27416.025763
331.925336,414,27423.91908
-2.06581,64,27424.272855
191.575839,229,27425.525483
-11.180779,52,27425.804168
325.769099,600,27429.109756
66.78035,80,27429.549036
39.494859,600,27432.86737
163.872563,249,27440.294702
69.776885,600,27443.580212
563.910055,600,27446.92276
52.623273,42,27447.141655
41.040515,69,27447.5306
46.595078,70,27447.901161
150.496261,208,27449.012657
47.444503,49,27449.305331
47.263553,50,27449.557326
266.208299,416,27457.733468
48.418932,62,27458.084001
49.508838,62,27458.40811
38.56631,72,27458.808927
49.307091,135,27459.553286
6.698603,48,27459.827889
49.086904,84,27460.291421
73.840496,142,27461.079641
46.673508,93,27461.596348
-18.517995,69,27461.955403
21.738994,52,27462.228712
87.977907,145,27463.057308
118.680235,161,27463.991605
63.175479,141,27464.873391
26.966838,600,27468.376196
139.326804,287,27475.980253
529.390894,600,27479.408413
49.17187,74,27479.787667
47.558779,135,27480.506373
582.315178,600,27483.636768
5.934672,54,27483.907654
58.186327,600,27493.352051
325.722898,445,27495.930735
324.880083,419,27498.452339
547.824579,600,27501.706241
4.956047,158,27502.584841
47.860724,51,27502.863602
53.97937,177,27509.57684
-4.690441,51,27509.852484
77.50902,87,27510.315542
44.320242,64,27510.682187
161.541106,222,27511.891537
292.166247,355,27513.749092
-4.96973,72,27514.120083
127.777218,174,27515.040905
-14.949941,49,27515.292598
131.71077,168,27516.196107
112.726987,171,27517.078408
158.263464,209,27518.240517
48.065344,62,27518.634105
144.013049,230,27520.102198
121.458659,168,27527.291495
111.667155,163,27528.20357
173.270272,255,27529.679785
23.056028,600,27533.234028
152.507813,174,27534.221919
11.584128,303,27535.885298
57.04329,70,27536.283468
2.925839,59,27536.638512
559.024744,600,27545.980661
110.709081,172,27546.95071
147.418954,202,27548.055853
135.745704,206,27549.303144
21.32612,70,27549.764866
79.197367,600,27553.035369
25.723913,189,27554.042565
44.254513,64,27554.370636
155.978749,218,27555.532357
174.983079,320,27563.317369
48.440341,53,27563.620201
62.008483,206,27564.733122
63.198528,116,27565.373086
98.606534,169,27566.305451
36.004472,85,27566.769482
526.489413,600,27570.28378
30.551337,76,27570.672927
118.597716,153,27571.561768
108.977481,235,27573.067308
24.496702,78,27573.588363
101.013912,600,27583.120137
22.51272,103,27583.79365
23.417902,65,27584.243106
53.775158,78,27584.723648
41.358861,128,27585.403248
31.490713,78,27585.823966
401.137183,464,27588.487391
156.874509,253,27589.869274
187.277374,195,27590.981254
59.969195,167,27597.840612
52.644003,65,27598.220534
55.08498,76,27598.629692
53.484868,96,27599.156628
36.72462,68,27599.501383
104.977646,141,27600.249707
-6.986786,57,27600.539545
87.708229,133,27601.245841
460.95022,569,27604.222479
27.320398,66,27604.558008
262.51871,600,27607.805713
136.352295,281,27615.193013
41.08367,83,27615.680559
207.109423,260,27617.135329
22.735667,139,27617.891921
108.71123,131,27618.6142
44.567511,71,27619.017028
59.796302,96,27619.566882
104.380819,284,27621.172303
32.609507,96,27621.697345
60.763149,74,27622.158502
105.311161,143,27623.024092
546.380352,600,27632.609349
48.8414,50,27632.877594
59.564321,68,27633.250466
80.27152,178,27634.221722
114.218162,600,27637.516551
38.70679,77,27637.973288
-1.654718,51,27638.274315
38.332516,58,27638.602208
96.139817,147,27639.451743
75.258716,98,27640.026792
37.976245,79,27640.511063
139.94617,172,27641.455175
43.570751,57,27641.798687
1.322835,56,27642.103051
141.064866,158,27643.016178
77.525385,99,27643.615334
66.265449,120,27650.195228
133.428192,256,27651.609011
36.847684,173,27652.548553
-8.914371,55,27652.866529
53.164558,90,27653.339787
42.018248,69,27653.704301
423.072296,600,27656.955724
39.23908,47,27657.217029
26.420209,130,27657.966688
72.091977,130,27658.794925
233.871267,329,27660.788078
51.720318,64,27661.132125
160.018414,213,27668.156086
25.276756,64,27668.512223
37.544771,81,27668.973522
38.747461,118,27669.613908
78.502603,155,27670.524897
57.148329,92,27671.053129
42.841651,97,27671.594671
106.143686,163,27672.552114
205.499432,588,27675.863431
157.634959,182,27676.900748
45.575348,84,27677.407876
10.982839,600,27686.738469
289.020886,328,27688.63938
135.869965,171,27689.633513
91.96314,125,27690.341262
43.897753,54,27690.637706
45.415324,73,27691.019966
49.295177,66,27691.347791
67.711012,152,27692.124883
50.9532,58,27692.447971
118.865987,162,27693.351857
63.518989,121,27694.040119
5.737939,59,27694.361782
101.780896,157,27695.206555
138.192457,250,27702.560562
53.687686,100,27703.116821
47.341358,70,27703.520719
44.108674,52,27703.821656
52.417871,102,27704.406294
97.79809,129,27705.089658
-4.092991,49,27705.346796
116.912337,164,27706.194219
41.071995,125,27706.878018
95.464082,96,27707.40444
26.881233,98,27707.925985
115.130998,156,27708.811712
42.888942,59,27709.170774
66.487959,600,27712.704761
44.58681,103,27713.286108
320.630419,600,27722.618819
57.114384,116,27723.290998
112.78901,163,27724.289355
19.823106,76,27724.748779
354.932926,600,27728.199604
46.720883,94,27728.71442
13.844279,86,27729.196347
190.957772,294,27730.77689
122.029237,158,27737.576148
7.417951,54,27737.869669
150.85801,209,27739.05157
12.118085,67,27739.424357
43.250637,106,27739.976873
73.616579,121,27740.604741
257.804236,271,27742.108567
44.870394,51,27742.383858
39.560695,68,27742.774325
-10.226613,54,27743.074762
43.921215,47,27743.330671
138.904106,237,27744.626499
56.055281,56,27744.947029
118.564269,161,27745.85987
101.965499,168,27746.870352
22.283312,73,27747.319249
41.559802,96,27747.880838
595.719398,600,27756.892649
577.573121,600,27760.47577
39.340717,46,27760.780107
42.678457,56,27761.085285
5.539527,49,27761.378257
42.533885,101,27761.970884
585.263385,600,27765.19769
105.103517,147,27772.31268
189.46857,241,27773.636258
267.087949,600,27777.07763
34.15854,127,27777.766476
110.014658,135,27778.472436
84.20592,163,27779.337766
148.809791,203,27780.466016
76.946428,185,27781.442989
49.75314,108,27782.015416
178.768944,277,27789.40223
40.853348,43,27789.63272
577.084129,600,27792.865798
11.812062,80,27793.323988
22.158245,57,27793.62449
586.108369,600,27796.837994
11.170408,81,27797.256022
14.695248,66,27797.621149
524.742825,586,27806.833782
34.369915,260,27808.281174
184.154975,296,27809.947278
103.354603,130,27810.661921
129.176348,208,27811.724487
152.296671,186,27812.735428
65.984942,71,27813.117389
243.33536,291,27814.723333
42.942387,79,27815.172754
40.079014,47,27815.413724
443.441484,600,27824.412587
377.926666,600,27827.801336
133.580262,180,27828.7917
39.747702,73,27829.166557
557.380927,600,27832.455234
129.031499,154,27833.293721
12.956868,61,27833.634041
35.08532,60,27833.948256
143.474671,173,27840.729595
74.719852,600,27844.082457
38.984261,56,27844.365487
-6.916492,47,27844.617241
38.167871,71,27845.002165
-7.940715,72,27845.381436
48.059916,62,27845.70916
257.565544,317,27847.539737
108.375953,171,27848.599677
43.907874,95,27849.217409
38.773793,56,27849.550742
60.799914,127,27850.227733
566.563012,600,27859.321558
12.442686,70,27859.724888
2.960378,46,27859.98548
22.474971,66,27860.327714
54.801936,55,27860.609234
146.780177,230,27861.777743
48.530923,78,27862.217555
12.777409,53,27862.506814
74.867682,80,27862.961391
11.021761,115,27863.606566
48.41061,50,27863.885541
42.48456,55,27864.236381
47.332669,91,27864.766005
265.320409,320,27866.620435
52.138109,51,27866.935736
49.897636,78,27867.365388
54.574124,139,27868.145781
136.75942,191,27869.175274
89.118374,87,27875.525268
56.772326,144,27876.30087
584.898867,600,27879.802778
167.821186,217,27881.017514
-1.847145,600,27884.351915
45.985066,60,27884.660768
38.768381,101,27885.193375
221.178172,285,27892.705481
47.467587,54,27893.016166
2.364553,111,27893.651818
21.744785,103,27894.262711
-12.784779,600,27897.582187
124.97006,212,27898.762289
121.383845,187,27899.757564
46.456525,65,27900.094688
44.978012,70,27900.495404
69.391974,109,27901.110693
168.407632,263,27902.565245
89.841966,102,27903.128424
94.615589,600,27912.427552
47.288579,64,27912.756082
580.765932,600,27916.017995
11.517783,55,27916.340289
79.809066,141,27917.209107
10.582401,65,27917.62472
103.191704,114,27918.25043
16.885207,80,27918.699552
72.150173,142,27919.448581
76.269197,600,27928.721492
97.190046,181,27929.735833
34.184133,70,27930.119222
-4.62398,53,27930.465505
38.394946,56,27930.805912
6.325633,60,27931.208455
50.267241,62,27931.558131
103.595455,140,27932.347107
92.869461,194,27933.356863
84.716494,132,27934.02028
46.213352,49,27934.270524
85.918116,125,27934.979146
113.268901,139,27935.781955
54.839322,74,27936.283
46.077341,51,27936.614024
48.958254,82,27937.125285
-8.783694,48,27937.40063
532.786959,600,27946.980138
516.48247,600,27950.230294
43.867418,67,27950.581564
109.713827,182,27951.571124
30.890333,117,27952.198733
39.282311,64,27952.543371
42.120147,62,27952.859514
148.179469,204,27953.987263
577.953349,600,27963.686038
-2.937683,87,27964.15575
169.204644,230,27965.46961
34.341972,106,27966.107932
280.801206,326,27968.008464
17.945298,57,27968.335945
52.95092,68,27968.701845
162.566438,230,27969.970158
39.620189,116,27970.599833
56.273692,85,27971.060006
27.863581,117,27971.70372
29.763717,73,27972.128063
98.460928,112,27972.754416
32.80536,600,27982.335419
59.149606,63,27982.683705
6.893044,130,27983.405128
48.018994,44,27983.642909
41.855507,93,27984.129451
50.135831,62,27984.45107
99.635909,132,27985.126046
12.468954,63,27985.474982
44.588252,52,27985.752007
36.450495,81,27986.190348
162.002545,286,27987.863496
98.670134,142,27988.6726
36.133055,44,27988.928753
40.628144,124,27989.57915
46.150862,54,27989.876511
92.052951,136,27990.642173
26.643941,139,27991.437662
60.200655,102,27997.979673
37.477839,68,27998.372322
177.632322,274,27999.853337
-0.975295,84,28000.313463
40.577687,79,28000.726963
145.939691,181,28001.684353
576.305095,600,28004.882123
568.142732,600,28008.15724
12.917912,54,28008.516823
538.674717,600,28018.003241
105.365477,127,28018.7072
27.040948,334,28020.622055
74.082444,93,28021.202223
107.614507,150,28022.05356
105.542552,600,28025.340981
47.920495,98,28025.885365
98.069383,600,28034.903288
40.667739,65,28035.246213
10.795932,177,28036.183732
42.792706,99,28036.697414
19.797656,600,28040.140083
104.351211,251,28041.57715
32.089413,74,28042.012034
138.027052,167,28043.029938
57.421152,138,28050.11989
60.197254,70,28050.499987
77.112374,138,28051.214021
4.38034,93,28051.720372
158.120346,220,28052.920534
109.330354,165,28053.797743
516.561791,600,28057.110128
10.930297,83,28057.565626
60.82257,59,28057.908478
-7.314901,77,28058.383229
555.630793,600,28067.854539
58.920265,70,28068.256036
39.685366,97,28068.821762
47.203403,96,28069.377604
34.673027,382,28071.396539
107.333592,201,28072.55829
63.816841,62,28072.907252
0.651134,600,28076.290403
37.246406,53,28076.561002
60.310241,110,28077.174077
-6.365665,46,28077.43196
61.524233,225,28078.604898
44.145603,66,28084.819598
513.666454,600,28088.079422
31.05525,165,28088.989202
54.502627,68,28089.362274
44.724215,125,28090.063064
35.02321,50,28090.341402
38.041391,87,28090.826581
-2.117781,46,28091.068674
302.030169,600,28094.60846
59.387069,58,28094.94342
60.582371,101,28095.532614
47.888245,55,28095.861382
-15.413887,61,28102.003423
360.295445,600,28105.39107
286.536081,600,28108.881786
172.732468,248,28110.298933
-5.033045,46,28110.553073
57.918208,67,28110.907684
68.692828,177,28111.841086
33.327883,42,28112.080901
-5.981539,55,28112.411597
52.623818,56,28112.750028
5.853832,77,28113.224785
83.197901,142,28119.766865
42.838037,57,28120.150671
94.632573,600,28123.495369
42.485564,85,28123.970003
7.594459,77,28124.375251
107.748319,160,28125.238481
163.128829,220,28126.402748
36.440927,92,28126.967591
10.549993,50,28127.293267
46.814452,54,28127.645452
26.321335,58,28128.040359
50.95373,102,28128.717967
130.377827,197,28129.9636
42.357613,130,28130.710047
75.382474,600,28140.083395
51.665181,48,28140.344107
222.136989,496,28143.054885
45.54422,66,28143.40642
77.228091,199,28144.455891
83.847054,118,28145.121257
34.70413,73,28145.505714
110.854917,206,28146.694613
100.958121,181,28147.738605
-4.327113,56,28148.044203
43.336153,99,28148.590603
46.36529,482,28157.416076
46.403719,62,28157.773935
37.923037,95,28158.350944
24.153899,96,28158.920192
276.197517,306,28160.776233
571.542455,600,28164.215043
52.663466,90,28164.672485
90.291053,137,28165.421006
537.390001,600,28174.692684
31.083403,49,28174.974908
539.483678,600,28178.452928
370.644452,442,28180.908279
556.268833,600,28190.106572
12.118816,54,28190.40608
1.021652,50,28190.66576
574.216937,600,28193.961482
22.435725,75,28194.345813
312.317964,410,28196.531023
45.959078,92,28197.009671
530.676689,600,28200.270541
42.403357,63,28200.64223
24.239143,171,28207.70923
77.598656,94,28208.304626
477.123094,600,28211.649141
130.443679,158,28212.477107
109.041431,170,28213.446453
110.6735,164,28214.372249
134.209393,185,28215.307249
551.125556,600,28224.48425
267.690625,380,28226.767225
48.302295,53,28227.078478
33.037134,46,28227.348499
68.784579,73,28227.777175
40.18349,47,28228.08136
-9.408923,60,28228.452919
23.40167,151,28229.396762
56.69423,48,28229.677651
18.705756,137,28230.50843
-5.807495,54,28230.790004
178.14529,206,28231.914292
35.838934,63,28232.252965
40.595906,83,28232.736024
251.883072,281,28234.439784
54.718052,52,28234.76188
36.982424,46,28234.988303
82.218903,142,28235.749545
46.400452,57,28236.077729
522.07776,600,28245.306118
1.326174,50,28245.567143
48.975791,95,28246.065701
-2.820443,47,28246.333192
53.462082,54,28246.643298
34.969553,79,28247.071798
509.050137,600,28250.511586
27.594922,600,28259.984627
74.112452,117,28260.656069
550.026907,600,28263.885179
140.631893,223,28265.097847
89.58803,239,28266.348081
40.62751,75,28266.729725
83.135746,121,28267.335181
207.619907,282,28268.827707
23.694818,202,28269.940505
165.414997,192,28276.869638
-9.332226,114,28277.485956
23.49572,106,28278.065945
123.999329,145,28278.853274
76.711138,107,28279.444104
51.419119,50,28279.723756
42.756594,68,28280.098387
133.593559,182,28281.098616
156.61068,261,28282.566761
49.651455,67,28282.930677
46.809713,51,28283.223329
47.463137,60,28283.560399
45.140568,43,28283.780051
21.497355,100,28284.334408
42.761621,54,28284.626434
32.541607,197,28285.679185
490.797715,600,28294.849986
14.615907,60,28295.197477
51.271836,59,28295.532579
42.671805,45,28295.781241
49.728259,77,28296.188691
122.720943,191,28297.202008
135.622472,163,28298.137208
104.100434,167,28299.138549
40.772369,98,28299.712138
55.005785,102,28300.232444
42.798336,70,28300.614105
48.654496,48,28300.874615
48.909589,46,28301.117094
41.62375,45,28301.360586
14.556761,116,28301.953693
47.006701,44,28302.189934
184.414925,239,28303.42432
35.832428,92,28303.8973
27.422861,123,28304.573292
333.892393,426,28312.72333
52.517426,59,28313.035493
21.429974,66,28313.402707
39.503176,52,28313.683489
-10.080393,65,28314.043879
38.646032,66,28314.414818
44.245918,52,28314.734324
7.360499,46,28314.993518
342.586353,600,28318.248739
126.250975,137,28319.001468
20.907701,146,28319.860567
93.060001,123,28320.529721
33.505951,159,28321.482892
52.64884,51,28321.774969
32.114368,107,28328.535593
51.082219,97,28329.105766
45.887352,49,28329.407962
44.792354,47,28329.688447
53.816871,67,28330.096887
91.551203,190,28331.155088
538.283059,600,28334.625235
138.461257,161,28335.594686
39.734639,69,28336.003544
56.293324,118,28336.726668
25.779658,93,28337.33027
127.894113,176,28338.441078
9.798168,84,28338.970201
32.78057,101,28339.604415
50.246081,58,28339.948548
105.100704,207,28347.113187
159.658488,192,28348.32564
5.022505,59,28348.674982
12.867851,197,28349.76415
189.106689,240,28351.197349
81.819262,160,28352.258679
75.061493,272,28353.894637
128.566852,192,28355.015706
10.790332,74,28355.45792
106.488431,258,28356.918044
189.550285,234,28358.265561
36.942822,71,28364.542687
36.551495,45,28364.836092
64.907235,68,28365.242481
-4.858663,53,28365.590645
46.298193,51,28365.965227
39.64227,77,28366.495331
33.838545,157,28367.45241
17.218842,97,28368.053076
151.694752,180,28369.090526
107.507376,163,28369.927311
52.165318,49,28370.186352
71.357105,268,28371.555764
18.119263,55,28371.867776
296.881359,369,28374.039547
-3.34076,50,28374.316364
150.600845,191,28375.346861
150.599827,187,28382.327102
250.658518,314,28383.976978
33.74283,123,28384.668298
43.217215,66,28385.081472
501.915531,600,28388.73822
1.725931,51,28389.039925
43.439296,62,28389.387064
158.763777,222,28390.655326
34.140528,178,28391.636402
48.295537,59,28391.921988
137.848869,150,28392.677188
32.363594,108,28393.253273
46.640901,101,28399.581661
46.576516,61,28399.90644
71.503888,80,28400.335928
74.732557,120,28400.98754
48.744491,70,28401.353371
99.666635,161,28402.215153
129.899874,241,28403.511925
18.139756,56,28403.852405
118.430339,145,28404.638928
46.119421,63,28404.995557
9.68817,48,28405.283214
455.603014,600,28408.608329
6.693465,53,28408.886315
95.659225,105,28409.434945
17.976608,148,28410.218326
43.874714,50,28410.474757
483.461465,600,28419.847853
31.249204,600,28423.074011
49.173514,56,28423.417316
540.445393,600,28426.805655
64.526823,68,28427.17749
497.210874,600,28436.840658
57.934438,70,28437.228055
469.003686,600,28440.397209
109.856957,151,28441.172689
85.363619,109,28441.747906
24.261338,164,28442.636576
28.113562,134,28443.42363
14.855484,72,28443.857422
171.855096,248,28445.446854
232.663119,279,28452.822765
61.940301,120,28453.459773
16.584189,294,28454.994833
130.777031,167,28455.892575
101.231511,128,28456.60783
37.542647,600,28459.936844
585.488691,600,28469.40686
504.896391,600,28472.779539
48.833621,47,28473.054247
38.213035,157,28473.942503
22.044741,62,28474.32905
4.321508,51,28474.654274
46.276202,124,28475.394741
75.25686,160,28476.315651
49.157246,126,28477.003751
27.196558,52,28477.290926
6.957582,50,28477.578153
346.079947,472,28480.293589
115.320713,160,28487.193041
47.539172,133,28487.923612
29.506333,179,28488.902773
19.742219,57,28489.23138
49.173493,53,28489.544651
10.108991,63,28489.914689
4.411612,53,28490.199792
130.982511,184,28491.324439
128.950818,278,28493.128693
57.121825,71,28493.553724
559.427231,600,28496.728939
208.103895,375,28504.804474
43.908457,100,28505.349224
67.727396,127,28506.065176
25.080989,62,28506.40382
157.464345,198,28507.439363
4.181955,113,28508.053287
56.852221,86,28508.495221
102.380651,147,28509.299852
87.742748,141,28510.06413
41.384643,48,28510.314897
105.811412,162,28511.256018
25.511666,225,28512.603781
44.509588,61,28512.957671
-9.664423,51,28513.237259
347.233315,600,28522.570235
50.503783,71,28522.95507
521.763432,600,28526.308434
532.146187,600,28529.870913
183.461645,237,28531.321064
40.882238,54,28531.690029
120.755866,164,28532.595164
24.539086,48,28532.854264
66.420524,73,28533.281091
67.008545,63,28539.387253
111.677204,146,28540.254086
51.119237,92,28540.778521
34.204927,49,28541.03989
6.97807,70,28541.449187
108.928915,140,28542.217421
47.998665,135,28542.978103
120.296379,223,28544.19762
47.916624,50,28544.476491
49.596129,118,28545.128648
60.645113,152,28545.943191
553.486754,600,28549.362619
23.910252,44,28549.623569
165.368355,277,28557.044848
29.79525,67,28557.383683
15.42147,49,28557.662968
43.241414,77,28558.050875
80.347564,155,28558.878716
90.191024,146,28559.690822
-10.935487,59,28560.010472
100.12419,151,28560.799812
100.186904,137,28561.521373
43.809752,67,28561.888927
552.569614,600,28565.262515
376.50626,443,28567.811924
16.59136,58,28574.241259
45.869131,57,28574.579779
0.403172,77,28575.026959
214.762613,251,28576.424426
80.181942,166,28577.340672
62.822548,196,28578.377002
499.960713,600,28581.573833
92.351214,109,28582.18577
120.392247,171,28583.115306
5.241595,54,28583.400891
122.55855,164,28584.306012
43.494528,52,28584.570086
436.171928,600,28593.81412
-15.781429,49,28594.070009
89.603694,123,28594.727789
121.99218,155,28595.623058
97.046382,132,28596.388676
54.85284,60,28596.748734
67.619778,600,28600.188571
-2.530076,52,28600.475445
75.43894,160,28601.324831
10.914418,56,28601.643178
513.925832,600,28610.925126
51.374644,121,28611.572076
121.175365,268,28613.021294
462.984138,600,28616.300838
43.408265,58,28616.666829
25.989442,106,28617.347705
217.2929,255,28618.916496
79.453593,154,28619.796283
18.587766,73,28625.75444
542.803964,600,28629.088387
70.502064,246,28630.395731
190.514835,600,28633.904651
45.271286,77,28634.325071
532.939424,600,28643.710648
121.360073,153,28644.559223
563.562452,600,28647.84568
41.160413,83,28648.302767
144.35465,199,28649.361612
80.274069,115,28650.000374
-4.498619,58,28650.319557
37.047148,66,28650.694922
46.730543,50,28650.978252
9.504263,60,28651.313781
346.843837,398,28653.437457
40.34094,76,28653.823133
84.259565,187,28660.82511
593.870357,600,28664.190415
392.300231,477,28666.806155
54.189828,73,28667.238686
280.594868,401,28669.420803
19.061554,101,28669.951287
593.187521,600,28679.326828
67.021341,155,28680.209794
9.218455,55,28680.498662
59.612563,83,28680.965577
37.407995,56,28681.273468
168.522041,230,28682.515407
538.479937,600,28685.746619
-8.285774,52,28686.03616
24.418714,143,28686.807637
49.746155,54,28687.090295
85.095015,186,28688.166522
107.124869,155,28695.087542
31.066269,135,28695.833377
143.711541,208,28696.943845
16.645848,48,28697.198917
10.958241,63,28697.530537
36.555552,45,28697.764879
449.371434,600,28701.080011
6.921057,56,28701.374283
191.038614,224,28702.654523
1.9618,47,28702.942839
263.966889,331,28704.878541
66.179322,79,28705.304859
120.457002,153,28706.125222
80.311756,148,28713.213676
83.399284,102,28713.760134
32.200635,199,28714.78222
85.475448,145,28715.547159
-0.447146,47,28715.791883
55.973547,49,28716.062148
43.038379,108,28716.688246
31.175893,52,28716.980146
193.770164,275,28718.409863
39.245542,86,28718.876467
49.495497,63,28719.216287
45.362014,81,28719.637871
42.147446,55,28719.938661
338.376075,419,28722.324863
137.037508,191,28723.415739
36.522469,83,28729.783351
-1.259152,81,28730.271721
45.712922,68,28730.654245
93.620163,185,28731.752461
11.578811,72,28732.182795
22.734033,155,28733.079298
86.170896,145,28733.864258
25.977908,79,28734.321689
146.142822,600,28737.736378
522.527728,600,28741.086148
167.003041,261,28748.404093
106.833372,147,28749.231937
42.360687,46,28749.511651
488.032938,600,28752.844299
-13.716175,45,28753.128246
39.683122,61,28753.492383
43.718487,53,28753.797797
20.894826,137,28754.585089
97.633789,146,28755.376098
129.258064,600,28764.696548
32.784416,79,28765.175441
97.342083,208,28766.340921
-3.634505,113,28766.959216
45.288162,55,28767.246197
197.23459,240,28768.495892
406.240673,600,28771.736614
45.997756,71,28772.122556
68.414859,74,28772.5244
51.593378,70,28772.902004
196.75353,252,28774.356741
102.055614,171,28775.30652
37.562175,61,28775.648975
59.431665,89,28782.111232
13.409182,56,28782.422385
191.590219,289,28784.187848
67.107598,79,28784.596546
40.216711,49,28784.854359
26.175015,600,28788.232786
93.539023,117,28788.85326
236.435153,447,28791.398037
27.617692,70,28791.791363
45.988794,72,28792.21284
28.508913,74,28792.628756
116.284271,188,28799.676231
35.611426,59,28799.979931
132.988036,199,28801.035964
39.13185,62,28801.381215
67.350823,138,28802.146274
0.945784,65,28802.519203
16.363105,53,28802.807728
-5.82454,48,28803.091244
386.916156,556,28806.187054
24.799214,141,28806.975201
142.453632,159,28807.863657
239.861684,600,28816.979097
509.343896,600,28820.237214
487.197575,600,28823.434219
40.85722,101,28824.047218
41.401126,72,28824.431815
37.891579,56,28824.731543
48.567696,92,28825.244853
43.901096,49,28825.531274
45.584312,134,28826.267627
113.222013,194,28827.36241
8.616953,172,28834.402781
9.718464,108,28834.992258
65.736234,61,28835.31658
229.687091,304,28837.062641
35.919678,138,28837.84841
306.8743,600,28841.107419
367.192897,468,28843.949198
497.999502,600,28853.127126
2.645232,69,28853.515404
20.562752,58,28853.839875
157.987762,242,28855.084567
44.271721,48,28855.325194
9.23225,53,28855.650859
45.833759,55,28855.954731
565.17668,600,28859.204568
50.052933,60,28859.548421
8.891362,57,28859.883028
102.437617,159,28860.801657
482.270802,600,28870.021095
52.448897,55,28870.359341
147.720962,171,28871.354088
14.722184,84,28871.804784
-2.368661,46,28872.053373
47.048506,58,28872.365106
7.522506,91,28872.857052
15.541782,54,28873.167684
101.584963,126,28873.821263
56.105858,53,28874.11337
39.044005,72,28874.511088
70.270674,190,28875.588429
65.480774,385,28877.750288
12.67019,53,28878.030802
49.278724,46,28878.260617
149.660746,235,28879.522221
100.146821,139,28886.091676
111.369027,134,28886.828227
51.247519,90,28887.342316
73.147057,96,28887.871105
108.91225,180,28888.849586
109.068233,160,28889.712606
152.822372,409,28892.082343
66.670356,103,28892.653408
17.167394,56,28892.972847
546.00483,600,28896.222549
130.182086,181,28903.204618
187.176546,311,28904.88673
549.067182,600,28908.251253
56.135071,73,28908.629211
72.102158,137,28909.349496
-1.183634,48,28909.603064
138.362161,386,28911.713437
36.081855,62,28912.045635
2.725642,47,28912.320259
41.171299,48,28912.597088
152.519915,212,28913.771351
68.791244,77,28914.225693
90.065605,600,28923.753015
504.280729,600,28927.06565
-12.862867,103,28927.678812
59.499682,52,28927.97833
6.668171,67,28928.376355
19.009223,128,28929.12974
56.412413,53,28929.411693
41.844851,42,28929.640144
-25.203459,118,28930.258078
45.76355,46,28930.505255
17.461253,71,28930.898915
42.407817,64,28931.256413
50.358836,95,28931.766226
148.449588,173,28938.634624
19.307213,61,28938.963385
585.807684,600,28942.465177
59.737714,70,28942.825703
53.714144,65,28943.191372
16.128308,113,28943.814115
19.245791,61,28944.190296
35.665397,64,28944.546604
99.278733,154,28945.417241
140.226474,183,28946.411025
63.557646,76,28946.861922
110.154626,164,28947.806786
51.373874,57,28948.143804
45.86997,99,28948.704685
544.072909,600,28958.38958
533.964247,600,28962.118946
48.139932,69,28962.595721
119.868475,190,28963.874643
52.105134,50,28964.182341
192.057035,282,28965.743503
52.37961,56,28966.043114
11.316847,65,28966.378548
91.446631,165,28967.294726
57.778922,169,28974.263184
151.542696,174,28975.330866
10.634153,47,28975.619632
85.281693,128,28976.455651
538.948989,600,28979.701759
505.780483,600,28983.164426
10.742193,69,28983.558239
44.338215,57,28983.865566
49.288785,72,28984.282072
62.249911,60,28984.667641
106.460491,134,28985.403709
13.764095,64,28991.350147
54.564889,49,28991.607984
13.848033,63,28991.956987
42.586486,60,28992.277559
19.956003,66,28992.625986
77.595428,94,28993.111773
14.459255,115,28993.707994
73.66569,77,28994.136195
38.706286,73,28994.542233
-13.471791,72,28994.937572
8.325286,600,28998.129654
62.768396,68,28998.490126
91.675974,154,28999.278488
111.217591,179,29000.22691
276.360427,317,29001.96355
79.111673,95,29008.235682
2.55389,122,29008.915613
44.725549,43,29009.142498
-9.579504,54,29009.450395
0.016835,201,29010.544331
123.175519,158,29011.460855
428.641779,600,29014.873641
51.580649,62,29015.199391
42.626782,65,29015.543643
97.110442,167,29016.434947
450.790209,600,29026.106478
23.73454,600,29029.514398
66.145207,161,29030.43586
114.446241,184,29031.502888
14.841872,63,29031.832633
19.191559,53,29032.124388
36.620582,52,29032.414556
14.647984,49,29032.692106
502.436129,600,29036.374555
27.058838,115,29036.963209
13.136553,54,29037.239141
11.394634,57,29043.701268
109.873824,236,29044.919291
128.429434,208,29046.059309
3.416148,75,29046.46084
49.569004,55,29046.769253
63.628259,109,29047.358713
570.858167,600,29050.750425
33.339422,48,29051.009508
51.841565,68,29051.398694
36.48923,42,29051.625129
44.695957,76,29052.018218
44.07809,103,29052.609503
70.697375,116,29053.231772
436.399432,600,29062.672056
56.955427,104,29063.268251
59.048885,112,29063.910268
269.794734,368,29065.964823
25.421127,58,29066.294335
-5.756915,47,29066.547743
486.544767,600,29069.967307
15.861641,53,29070.238542
5.020132,101,29070.775457
17.417844,69,29071.149494
10.267798,49,29071.421565
225.380093,263,29078.990867
213.014263,372,29081.110528
76.470019,107,29081.824083
88.593616,145,29082.728703
509.171759,600,29086.125271
9.577849,76,29086.509967
154.034154,187,29087.497677
42.916559,65,29087.845183
11.585694,50,29088.115522
42.991329,60,29088.453385
-10.438552,600,29097.96682
27.264889,80,29098.417217
507.906949,600,29101.82198
43.133697,67,29102.183467
563.72329,600,29105.742793
47.762265,67,29106.130472
46.649797,67,29106.504935
74.71157,163,29107.434331
181.156478,244,29114.701835
525.465343,600,29117.977988
370.403305,600,29121.410658
18.15207,53,29121.724281
408.251999,600,29124.90357
164.425741,249,29132.328215
31.337853,84,29132.829334
-3.847456,47,29133.113114
12.443755,54,29133.431051
83.773345,143,29134.223071
15.571272,49,29134.504618
86.051898,229,29135.74878
9.126118,167,29136.63259
75.936287,96,29137.164708
46.498633,81,29137.60613
2.754233,67,29138.008502
8.201497,56,29138.333203
92.612856,362,29140.247753
38.652105,64,29140.597839
65.725667,125,29141.257337
25.363295,82,29141.697715
8.775769,49,29141.993045
48.834136,84,29142.490851
38.554497,48,29148.635623
17.380724,95,29149.241843
558.929443,600,29152.50607
21.057275,122,29153.214717
76.036915,90,29153.748331
483.691514,600,29156.930073
94.086995,219,29158.117358
11.980804,56,29158.433796
-2.901394,45,29158.681908
15.099658,54,29158.996829
33.136384,129,29165.693643
105.52143,600,29169.102908
499.18896,600,29172.625235
29.110678,62,29172.992967
38.089326,108,29173.547682
51.375625,63,29173.904968
-0.279129,66,29174.277683
29.571001,600,29183.712535
7.367282,107,29184.289755
84.379144,206,29185.38017
40.863301,83,29185.83206
44.383107,73,29186.229993
86.576876,121,29186.967717
40.05752,123,29187.713994
210.615153,271,29189.330086
35.825425,86,29189.822039
19.815064,55,29190.10635
493.261219,600,29193.203209
34.5579,80,29193.653099
50.386852,99,29194.176325
595.205983,600,29203.475657
-0.028565,63,29203.784613
159.426653,221,29204.939148
592.748839,600,29208.197962
82.7342,158,29209.068753
98.870284,146,29209.901341
6.336298,50,29210.215937
52.683747,600,29219.859918
220.866308,600,29223.381365
48.718012,45,29223.634556
54.027069,69,29224.049417
37.629292,95,29224.624634
41.082082,133,29225.413939
88.235319,86,29225.888224
105.259175,176,29226.809049
60.131688,72,29227.211377
60.9411,96,29227.750499
17.596743,313,29229.564163
45.897423,54,29229.885743
46.214643,153,29236.792861
119.232141,176,29237.829833
296.375425,409,29240.013319
47.071666,100,29240.566769
559.216811,600,29244.055979
71.254757,134,29244.771934
70.80093,80,29245.273327
62.301457,84,29245.738966
77.998382,117,29246.417212
34.609145,201,29253.438954
32.078937,600,29257.280053
66.851851,183,29258.313922
469.892277,600,29261.926713
123.220586,165,29262.836805
75.9095,125,29263.553791
289.11315,372,29265.577082
2.750164,54,29271.799536
94.32698,148,29272.617128
41.821281,66,29272.968557
94.524218,165,29273.845287
84.5581,204,29274.993998
327.400228,600,29278.263867
38.581992,88,29278.781533
278.189161,335,29280.777794
11.123397,66,29281.170584
106.840588,147,29282.017449
416.63275,488,29290.805619
16.486418,160,29291.710242
572.048149,600,29294.9683
83.721703,169,29295.860125
123.978843,156,29296.717152
17.932892,60,29297.061509
89.534025,104,29297.659625
43.144889,57,29297.97154
129.023687,183,29298.971823
-4.97131,52,29299.262122
0.475125,70,29299.649973
43.433776,97,29300.17963
543.105659,600,29309.375523
62.478836,156,29310.225044
14.860449,66,29310.612854
97.226372,118,29311.350478
5.49375,48,29311.660724
53.427238,47,29311.954827
191.887562,243,29313.315505
35.822001,44,29313.543341
506.354285,600,29316.783144
80.701591,132,29317.536381
7.087574,56,29324.084694
110.998631,183,29325.10283
34.358807,104,29325.723727
92.458126,88,29326.229564
6.203939,48,29326.509919
329.978869,365,29328.410735
26.434548,102,29328.957923
133.27337,188,29330.00594
45.2925,107,29330.64005
53.314198,84,29331.147662
2.803329,53,29331.511856
112.998739,236,29332.865387
31.915995,97,29333.385218
-16.503572,46,29333.625884
456.800103,600,29342.94284
56.082506,75,29343.434377
42.869827,56,29343.781024
36.519383,47,29344.046567
69.800864,108,29344.613398
68.763258,138,29345.381561
505.39673,600,29348.566298
12.505388,49,29348.836496
395.148752,600,29352.316479
320.552954,600,29361.995896
18.004615,50,29362.248929
44.304783,60,29362.572802
45.964374,358,29364.555783
54.700122,69,29364.942317
189.411658,249,29366.371002
60.110683,61,29366.744758
34.583228,55,29367.069724
92.470452,132,29367.779456
13.345622,57,29368.098598
19.482272,600,29377.318237
146.824768,253,29378.874742
48.2726,66,29379.336109
201.312259,600,29382.892455
50.078561,134,29383.735041
454.085949,600,29387.356873
68.05121,152,29388.227925
31.119656,48,29388.512463
41.87986,80,29395.298947
121.357483,145,29396.136075
32.464864,56,29396.480587
145.632245,186,29397.470741
42.817498,47,29397.73122
4.95947,47,29397.980415
184.406209,600,29401.461666
67.67817,73,29401.859733
116.866908,175,29402.829017
10.554239,53,29403.123844
487.028964,600,29406.432122
578.472245,600,29415.892018
504.850292,600,29419.166017
37.568063,117,29419.78011
45.066024,58,29420.112629
11.727929,52,29420.386232
93.020812,146,29421.154621
311.421023,600,29430.284022
34.368588,55,29430.58183
136.150491,220,29431.77368
46.622164,103,29432.328982
-4.434907,74,29432.737155
58.195914,53,29433.028233
41.949579,63,29433.381604
107.72325,128,29434.122056
23.738699,77,29434.613156
44.883258,79,29435.105254
119.069615,147,29436.004019
30.841562,120,29436.812422
145.635493,274,29438.52385
52.386119,62,29438.953358
39.205058,192,29440.192137
37.354597,61,29440.586399
75.594894,108,29441.257363
46.196469,69,29441.674245
96.213182,195,29448.996675
353.136142,600,29452.315384
41.671547,83,29452.82021
34.200674,119,29453.515629
104.083719,127,29454.243406
8.842665,53,29454.552175
125.095893,159,29455.406326
50.558999,94,29455.901431
85.448404,122,29456.565758
43.252495,50,29456.832222
17.644862,600,29466.090836
30.478395,70,29466.484437
95.588468,159,29467.323808
55.478897,128,29468.019934
427.062862,600,29471.472429
3.407204,50,29471.745928
39.933125,50,29472.010342
12.721836,97,29472.533386
21.705036,66,29472.904031
505.794941,600,29476.475945
50.869147,64,29476.874485
32.179923,107,29483.186854
65.679391,129,29483.894756
43.20295,102,29484.487211
38.419501,333,29486.322761
29.778153,74,29486.718514
60.37368,76,29487.135161
67.058147,77,29487.580109
85.634193,108,29488.220908
39.136031,86,29488.779842
41.058873,53,29489.11394
141.666199,600,29492.613211
23.098056,146,29493.43144
132.671153,164,29494.322521
23.090951,87,29500.916561
45.835339,72,29501.328894
-14.848527,52,29501.626893
43.399702,43,29501.852974
13.539339,51,29502.152615
53.007923,60,29502.528048
105.369102,156,29503.464635
57.075796,97,29504.062469
86.09911,139,29504.934536
40.488337,179,29505.945065
199.01021,227,29507.117715
181.960419,307,29508.815288
45.788636,49,29509.090704
73.990228,182,29510.061907
43.092815,117,29510.711811
101.183324,157,29511.63765
48.587441,45,29511.894476
1.766497,104,29518.500157
341.945894,472,29521.439021
54.885358,82,29521.92469
98.375048,169,29522.894643
587.922534,600,29526.178018
57.160714,205,29527.264808
32.223785,58,29527.598157
48.554263,81,29528.036828
30.863847,144,29528.86341
384.957593,600,29538.482465
19.229109,67,29538.892086
41.470544,89,29539.4747
34.094541,126,29540.322112
77.229193,129,29541.198996
54.622116,64,29541.613344
27.852237,78,29542.105076
56.89489,72,29542.534732
85.054684,116,29543.222016
57.425091,60,29543.559591
151.602412,226,29544.880422
106.235359,132,29545.625993
80.071629,150,29546.484751
12.545509,51,29546.786809
58.574017,94,29547.308088
18.551416,63,29547.663457
100.018735,141,29548.428887
34.639774,100,29555.090575
101.591951,184,29556.121194
341.201379,417,29558.307982
48.462552,78,29558.733378
60.329817,74,29559.160348
135.296759,320,29560.873113
13.483212,51,29561.156054
267.680507,396,29563.259871
154.475609,225,29564.552324
50.880217,126,29565.312722
41.010521,41,29565.520826
-5.42992,63,29571.795561
4.751829,54,29572.091093
52.498888,77,29572.522536
229.364164,307,29574.361907
53.817559,218,29575.704357
87.825495,218,29576.931555
16.082593,62,29577.264485
22.050747,49,29577.526797
9.144045,39,29577.751312
43.51354,56,29578.048502
230.220866,272,29579.470262
86.758248,200,29580.512813
203.515414,255,29581.90427
7.897358,52,29582.19041
18.828834,70,29582.583923
44.929089,45,29582.818054
39.456452,102,29589.394926
486.456643,588,29592.620197
164.406144,233,29593.925263
63.366907,600,29597.514027
109.337037,121,29598.161542
46.484501,139,29598.945464
7.24381,47,29599.198456
59.413626,65,29599.582805
-11.034173,46,29599.855416
464.589863,600,29609.435429
409.503121,437,29612.028052
-10.136384,130,29612.755546
129.688201,186,29613.693342
13.63669,48,29613.94921
38.57928,51,29614.224874
485.200054,600,29617.415611
40.446125,89,29617.870411
322.237418,412,29626.144891
-10.466105,75,29626.55564
47.935224,48,29626.813855
89.678397,186,29627.840737
42.386876,72,29628.231099
17.857136,52,29628.544614
40.565089,75,29628.990908
32.812204,118,29629.682317
422.619979,600,29632.932376
503.995725,600,29642.273848
345.250891,600,29645.534072
20.745637,58,29645.874138
85.649825,197,29646.985498
319.284127,344,29648.837101
27.392214,80,29649.29549
1.632744,108,29649.902846
64.064459,75,29650.390157
15.187551,52,29650.746345
46.459775,52,29651.10704
82.247108,113,29651.841944
209.475826,300,29659.716649
59.970069,62,29660.066147
47.741977,83,29660.527032
519.545104,600,29663.8053
39.971163,78,29664.264452
454.570873,600,29667.560462
10.903625,56,29667.895967
237.685322,600,29677.250201
271.137532,600,29680.555098
42.642215,79,29680.996174
536.495741,600,29684.216957
54.301895,58,29684.524437
57.713286,80,29684.945965
86.008199,99,29685.456661
45.813689,77,29685.866394
18.035423,600,29695.470061
33.849185,101,29696.02005
46.196544,69,29696.419726
3.228282,600,29700.028303
354.596099,433,29702.590055
145.85584,169,29703.493313
27.415503,42,29703.707544
40.744911,72,29704.102833
7.566698,48,29704.364494
49.681321,77,29704.748145
157.407376,206,29705.863422
38.398343,74,29712.212392
101.317321,156,29713.088269
10.798182,57,29713.435331
78.722268,107,29714.049312
53.489292,148,29714.978926
85.327448,139,29715.868727
35.189337,41,29716.115514
203.550938,266,29717.605114
9.217655,49,29717.853113
105.633358,168,29718.839943
-0.706112,65,29719.252734
39.456402,46,29719.540988
24.575374,77,29720.024468
45.910225,62,29720.428788
24.844999,66,29720.860216
38.472745,94,29721.366507
140.532019,262,29722.768636
31.229994,43,29722.996228
37.138573,66,29723.374414
86.002081,143,29730.41866
32.049619,46,29730.650377
89.003509,113,29731.312307
9.143461,47,29731.583064
0.458606,50,29731.882753
97.239321,126,29732.620459
314.909842,528,29735.598531
85.921659,265,29737.112901
11.050883,47,29737.384141
234.158031,354,29739.447489
27.754371,116,29740.167906
81.408154,113,29740.836868
136.955697,218,29748.212065
140.184505,193,29749.327263
483.317861,528,29752.133199
135.904827,192,29753.266442
108.418101,144,29754.159865
52.094778,53,29754.465665
83.133642,147,29755.274473
146.58344,183,29756.323236
48.105555,68,29756.713933
47.673203,54,29757.036811
61.340826,77,29757.483154
160.239553,205,29758.640819
50.931245,149,29759.520846
34.150787,59,29765.8385
40.028994,68,29766.239817
17.259828,60,29766.610917
113.345209,139,29767.45825
78.628378,100,29767.988146
52.4753,49,29768.237004
98.149083,600,29771.452963
136.541394,142,29772.272448
5.84061,56,29772.590127
60.68252,70,29772.973827
56.545752,67,29773.332931
28.919187,56,29773.629135
290.845155,600,29782.898587
241.518142,339,29784.983258
87.083726,175,29786.028105
58.578021,72,29786.412718
150.244336,190,29787.448675
40.134399,59,29787.759908
81.488471,600,29791.632259
123.046785,163,29792.539068
125.747158,186,29793.515198
50.817456,80,29793.93953
-5.666894,45,29794.191582
51.893708,58,29794.533308
20.748674,54,29794.842525
73.044927,95,29801.571756
3.61027,49,29801.851271
504.833515,600,29805.116257
116.441862,222,29806.46036
46.07107,47,29806.744651
39.488001,110,29807.477086
452.859912,600,29810.655584
44.806449,67,29811.008171
38.252353,38,29811.201082
371.687466,439,29819.468216
35.992864,58,29819.775321
47.372056,65,29820.159585
54.988125,210,29821.327553
181.489632,245,29822.659671
281.019411,398,29825.195011
41.145763,68,29825.638961
18.374647,70,29826.073356
86.390632,108,29826.709789
503.478529,600,29830.263805
124.006421,154,29837.567653
50.982315,142,29838.391366
58.762403,59,29838.731552
127.120773,199,29839.878665
252.806493,276,29841.524646
102.361966,161,29842.396969
453.236458,529,29845.332101
151.818463,192,29846.364099
25.790865,63,29846.709689
40.222647,93,29847.200845
133.696512,193,29848.261039
126.039468,188,29855.360472
97.682514,600,29858.798958
486.43674,600,29862.127861
45.21991,186,29863.254348
15.783295,86,29863.791255
129.94239,206,29865.121227
42.364924,45,29865.399431
87.48628,136,29866.19727
15.519352,52,29872.41919
122.279481,162,29873.392978
61.926729,139,29874.240608
250.066063,307,29875.848124
36.381264,63,29876.229755
0.870933,51,29876.529927
23.734494,55,29876.848802
86.391132,109,29877.497066
17.062906,65,29877.860392
25.299481,54,29878.193943
328.080387,472,29880.969976
6.582416,54,29881.294896
29.978724,46,29881.536456
47.676154,52,29881.838406
48.695194,73,29882.220685
122.041081,170,29883.112352
44.904236,69,29883.50288
48.29316,41,29883.780326
-2.625865,49,29890.060272
39.432085,68,29890.506411
55.871926,60,29890.918625
36.487498,600,29894.612139
51.024143,188,29895.777837
41.208864,75,29896.259853
516.813678,600,29899.460777
50.593681,51,29899.79491
36.772365,52,29900.101931
42.969341,89,29900.663153
462.603226,600,29909.898847
109.545813,206,29911.124438
-7.082139,55,29911.43433
191.268889,213,29912.611011
98.62822,305,29914.391349
149.563183,181,29915.451375
52.388146,76,29915.901392
479.088207,600,29919.376186
39.976041,181,29926.37321
-11.511812,58,29926.733026
77.886503,155,29927.706505
12.024195,72,29928.203429
42.028894,45,29928.488587
8.794933,56,29928.856618
25.682555,63,29929.24858
49.947023,45,29929.475955
15.080752,62,29929.838268
18.752945,46,29930.094464
47.279685,50,29930.357314
166.617285,229,29931.556593
26.603119,65,29931.911131
497.123648,600,29935.429574
48.313903,86,29935.87746
93.522404,133,29936.599313
121.665317,157,29937.561223
475.235327,600,29947.133565
18.677276,92,29947.687333
113.930225,202,29948.908611
46.736665,53,29949.214475
130.143269,181,29950.211076
39.460518,65,29950.610379
98.490351,133,29951.489283
46.274234,51,29951.820151
7.559385,48,29952.116419
37.50776,74,29952.613886
40.40712,78,29953.099085
37.819737,63,29953.512053
27.759333,64,29953.858742
16.054987,54,29954.195947
46.105363,69,29954.600135
42.204668,50,29954.896957
20.13025,61,29955.269263
51.201488,50,29955.573085
21.617408,600,29964.638002
43.000274,67,29965.004959
41.514927,67,29965.425819
99.082091,113,29966.054638
41.280707,48,29966.308942
22.134324,55,29966.615459
108.502088,600,29970.037853
433.548173,600,29979.541061
4.967489,97,29980.076387
460.109013,600,29983.466893
11.126384,252,29984.98934
8.502645,58,29985.3193
18.03375,62,29985.691563
4.078005,75,29986.144578
50.563998,113,29986.77694
28.865511,111,29987.402008
34.553428,58,29987.72168
48.197671,44,29987.965972
517.22067,600,29997.35855
50.587301,56,29997.686051
36.290367,48,29997.944024
164.0923,250,29999.349006
14.178342,52,29999.633664
55.365445,64,30000.007632
30.561747,104,30000.636733
14.186438,70,30001.057897
51.896151,44,30001.332598
15.119161,103,30001.936513
-2.476371,51,30002.228665
54.567543,59,30002.543706
3.641884,50,30002.819164
63.914948,56,30003.137625
0.81403,144,30003.962184
64.525451,384,30006.388885
93.623795,132,30007.186178
93.27808,128,30007.915906
113.29355,160,30008.786113
18.165756,49,30015.006935
90.453764,117,30015.66058
88.741415,106,30016.25223
34.720171,175,30017.235622
45.283528,105,30017.818084
70.608556,103,30018.372265
67.885346,147,30019.226676
4.949884,54,30019.534554
45.760554,140,30020.347817
50.534244,109,30020.931011
24.103922,66,30021.290043
79.386794,100,30021.887801
39.943109,53,30022.224902
-2.023566,96,30022.864509
95.989714,149,30023.761326
371.538112,600,30033.226791
268.943028,374,30035.471328
300.128291,390,30038.056249
476.274278,600,30041.388107
93.418241,113,30042.051953
56.852054,88,30042.510075
35.970125,48,30042.760278
26.211343,71,30043.147064
528.132952,600,30052.282679
85.708542,190,30053.395474
58.990372,102,30053.970337
568.026645,600,30057.333251
143.380669,201,30058.513072
-6.499059,54,30058.842512
38.97674,51,30059.176932
10.134025,64,30059.55518
496.885549,600,30069.196907
431.23163,600,30072.600372
93.296222,600,30076.336727
50.760093,51,30076.652686
-0.538676,51,30076.970394
66.740766,128,30077.70772
6.024312,51,30078.010322
-0.737033,90,30078.519366
30.707583,85,30078.992832
6.691676,45,30079.24662
558.247788,600,30088.409799
-3.766935,600,30091.931113
124.65853,148,30092.818761
17.817942,51,30093.149848
18.076587,54,30093.488051
558.980728,600,30096.951778
46.06195,46,30097.216416
42.538934,78,30097.680272
40.846104,68,30098.06539
19.162753,64,30104.51964
-2.559766,85,30105.001088
95.908614,108,30105.622433
32.090305,56,30105.949685
-23.743703,125,30106.652224
44.585629,50,30106.943621
76.170837,117,30107.627413
42.770847,61,30107.976192
43.832401,69,30108.349363
4.918834,600,30111.644846
45.927534,56,30111.975412
42.193894,68,30112.394735
16.241559,55,30112.762019
51.249526,66,30113.180611
39.33561,63,30113.554788
45.39022,53,30113.868644
40.930976,243,30115.189098
32.33974,66,30115.549344
134.846497,181,30122.457542
26.121514,64,30122.82691
11.521463,83,30123.284928
53.786977,57,30123.590483
63.838764,109,30124.200716
588.318867,600,30127.573799
125.372643,225,30128.940224
1.994852,600,30132.699778
44.395401,67,30133.112028
108.943192,116,30133.74264
-9.75042,59,30139.969903
17.494171,58,30140.342062
172.839879,317,30142.131395
70.623659,66,30142.505335
37.382051,70,30142.924044
42.218259,51,30143.220341
566.27956,600,30146.854501
68.543106,95,30147.384462
66.273122,133,30148.099569
28.55662,98,30148.606683
424.876711,600,30158.011146
0.627487,53,30158.308173
34.788963,59,30158.675034
493.500647,600,30162.299414
28.819521,62,30162.644764
60.262399,600,30166.235469
41.264966,96,30166.848268
5.635379,54,30167.227815
129.549633,182,30168.239149
-9.853309,55,30168.533915
10.204906,77,30168.969584
16.610167,50,30169.22267
51.646259,42,30169.448751
108.734038,199,30176.481265
67.115933,88,30176.98124
9.329445,45,30177.234403
11.903158,600,30180.75201
162.165824,213,30181.860315
5.550418,61,30182.215108
19.217117,64,30182.573927
16.31304,54,30182.865789
41.101259,79,30183.33498
556.411649,600,30186.689145
116.251538,165,30193.805015
572.652852,600,30197.36028
37.11158,52,30197.648044
48.223178,67,30198.015722
86.564706,148,30198.820574
-16.937363,134,30199.547107
154.002004,224,30200.711955
7.314711,69,30201.084825
532.270373,600,30204.383545
562.138169,600,30213.832036
117.102488,146,30214.585832
45.990013,74,30214.979119
27.696596,600,30218.325361
535.303979,600,30221.724617
39.874381,71,30222.206005
510.553194,600,30231.864145
-10.573688,52,30232.163509
-19.795684,45,30232.399791
99.595609,131,30233.067898
31.63804,600,30236.836682
48.699034,45,30237.091686
12.490038,60,30237.416524
41.391178,600,30246.753075
10.734125,116,30247.384198
107.447156,111,30247.96953
67.089934,90,30248.472623
38.238152,50,30248.755679
19.51331,52,30249.064587
248.457915,411,30251.410102
-25.802582,54,30251.708305
123.514351,153,30252.597558
38.001711,69,30253.015631
104.629387,145,30253.911887
263.706216,341,30255.985951
44.128128,44,30256.239623
104.704145,600,30265.756865
81.022588,150,30266.543571
141.274852,286,30268.14816
128.778723,180,30269.131755
162.457053,203,30270.370687
558.823579,600,30273.795085
499.747989,600,30283.053903
575.870008,600,30286.462694
16.588824,52,30286.772937
185.829086,465,30289.421189
159.39194,226,30290.645575
41.483158,45,30290.905202
-0.689764,67,30291.27224
542.580207,600,30300.139049
61.896043,82,30300.57746
56.975748,112,30301.182815
68.876224,86,30301.648694
197.651028,302,30303.324971
52.534844,62,30303.698049
1.157859,80,30304.101179
75.393534,126,30304.808513
51.316538,52,30305.106802
477.792487,600,30308.327049
14.663816,68,30308.686985
44.953735,121,30309.374146
8.4973,63,30309.745087
75.129466,89,30316.177628
388.665377,600,30319.673299
139.642953,221,30320.832361
138.84196,183,30321.841341
48.624263,61,30322.191106
53.036746,76,30322.626087
-18.746319,600,30326.064549
48.183172,195,30327.181177
17.769034,69,30327.558857
56.425085,118,30334.293598
572.269546,600,30337.626646
9.083277,600,30341.074824
92.253282,168,30341.956717
0.219305,66,30342.297386
47.716714,51,30342.575235
34.367769,600,30351.750734
30.203328,110,30352.349941
148.183087,260,30353.756348
240.280609,341,30355.699794
53.841831,53,30355.997751
106.379863,147,30356.84639
301.759977,366,30358.902748
175.551274,600,30362.358971
208.364591,271,30369.66159
61.758176,90,30370.234174
47.061781,50,30370.524218
9.163,53,30370.842899
185.467651,206,30371.956235
500.686733,600,30375.591635
-9.294559,49,30375.863545
33.049726,82,30376.358205
105.572238,168,30377.343715
371.193036,468,30380.153319
56.754958,131,30386.881392
13.67929,48,30387.153671
312.150879,436,30389.714153
38.377386,58,30390.023308
120.810325,600,30393.692034
93.244934,180,30394.68654
61.077899,145,30395.476202
39.883578,154,30396.351566
7.800968,78,30396.855037
40.180223,69,30397.260429
42.473688,81,30397.733967
7.9602,72,30398.13589
45.380947,80,30404.473769
219.283602,235,30405.90828
139.07561,215,30407.199356
461.267147,520,30410.054995
568.417831,600,30413.201926
355.742344,600,30422.406037
393.069916,573,30425.794131
19.900843,57,30426.173634
29.053192,58,30426.534171
69.489352,600,30429.731784
66.765474,76,30430.136091
55.176054,187,30431.130834
9.691765,48,30431.410489
89.493637,108,30431.998378
50.884521,63,30432.367228
113.229844,155,30439.304806
19.230352,97,30439.858378
100.431552,193,30440.9538
14.872363,59,30441.283223
334.882257,359,30443.220625
39.886303,60,30443.551297
7.831332,49,30443.841548
116.191202,165,30444.743423
94.822555,144,30445.569986
33.477124,75,30446.006066
51.127614,100,30446.606845
42.719158,61,30446.968598
229.799475,346,30449.016956
55.672035,75,30449.479077
16.885397,78,30449.964146
48.966016,99,30450.591748
11.150442,165,30457.621729
55.238161,64,30458.004962
-1.617141,45,30458.270948
54.480896,70,30458.699727
80.724528,135,30459.578217
57.914033,102,30460.212499
45.563229,59,30460.573992
48.41083,41,30460.838853
486.555665,600,30464.449237
75.663741,239,30465.769726
105.88552,244,30467.287622
83.723189,129,30468.119719
494.608261,600,30477.508329
308.213738,424,30480.216702
573.003907,600,30483.51987
180.040951,227,30484.790973
37.238019,130,30485.630765
51.688049,92,30486.211212
52.655255,69,30486.69697
483.626761,600,30495.906171
35.629147,600,30499.284645
32.032129,72,30499.675195
43.961011,69,30500.077389
45.637288,57,30500.413203
35.672428,45,30500.681288
44.056956,43,30500.941374
118.13706,154,30501.852228
45.054414,64,30502.243548
34.239187,120,30502.937115
46.422422,166,30503.867391
43.828083,69,30504.234518
36.031298,54,30504.511351
46.95825,55,30510.78064
33.808766,112,30511.416974
512.760617,600,30514.663579
16.762068,265,30516.08652
36.676881,59,30516.437814
408.78171,600,30519.762831
19.332721,59,30520.079486
580.989927,600,30529.21867
16.545992,51,30529.506367
39.712493,59,30529.863841
414.407023,600,30533.378622
108.236746,152,30534.327377
32.791988,56,30534.674821
91.436855,163,30535.662271
12.056724,68,30536.079199
102.71014,167,30537.013027
44.246044,56,30537.339884
46.040144,53,30537.649974
225.014418,257,30539.043324
124.082179,223,30546.321297
56.031279,600,30549.816028
51.239707,63,30550.197922
189.077384,288,30552.065746
50.091741,44,30552.329359
12.687754,48,30552.626403
156.607515,191,30553.83628
9.166775,64,30554.205705
46.572239,59,30554.534172
2.700716,48,30554.815867
76.970183,191,30555.901109
44.167146,44,30556.174309
64.442689,165,30557.195233
73.056989,139,30563.882311
22.855531,70,30564.317425
87.647717,220,30565.691978
4.070374,133,30566.471273
50.758029,46,30566.762085
84.794953,140,30567.577207
46.833735,111,30568.259386
299.013509,600,30571.525137
118.278684,247,30572.867566
506.475064,600,30582.268754
106.292715,115,30582.913986
-2.086664,49,30583.197298
553.634471,600,30586.630494
539.623235,600,30590.132581
289.92976,416,30592.461149
45.744374,76,30592.844323
64.122543,178,30599.780828
50.540499,52,30600.036142
111.972166,227,30601.257854
46.752688,62,30601.619556
65.573615,600,30605.146357
53.758234,68,30605.513831
510.804795,600,30608.729814
42.043346,50,30609.006883
43.132267,51,30609.254617
108.553538,147,30610.007747
199.187729,314,30617.691252
71.009505,203,30618.801012
149.319264,184,30619.823157
487.996395,600,30623.072412
128.365909,177,30623.996024
49.09925,90,30624.460075
65.851159,79,30624.850131
46.143844,50,30625.109469
44.190154,48,30625.372364
42.351064,58,30625.682017
123.482875,600,30635.241124
133.512054,204,30636.418677
27.145389,61,30636.735375
35.498137,50,30637.016281
330.23712,417,30639.461941
92.227114,166,30640.44667
115.554297,600,30643.823357
18.264041,600,30653.408729
77.830607,88,30653.899963
11.346495,53,30654.187772
57.510575,89,30654.703561
15.883115,58,30655.059779
107.648399,171,30656.106368
566.935294,600,30659.676395
597.147915,600,30663.047471
54.086358,73,30669.334187
54.265165,81,30669.812994
5.668935,59,30670.137364
35.357347,149,30670.953516
104.294711,146,30671.74174
100.311813,121,30672.419599
-8.251711,55,30672.764435
12.198286,60,30673.14296
39.623617,50,30673.446511
46.10097,62,30673.816043
545.16137,600,30676.993959
31.14895,85,30677.471542
75.844495,106,30678.072342
111.534476,198,30679.191529
17.492514,47,30679.426902
94.44351,140,30680.210033
60.752532,156,30687.263005
20.533706,55,30687.587494
43.242495,49,30687.866755
19.93786,92,30688.407298
439.046103,519,30691.197455
43.005469,600,30694.776024
43.382326,117,30695.515347
41.084714,63,30695.930607
56.581329,69,30696.330937
48.593136,62,30696.707241
90.099587,600,30705.984345
91.841274,94,30706.505402
101.626831,180,30707.533525
65.850078,600,30710.915491
331.409468,423,30713.218783
580.97143,600,30722.633848
48.119812,41,30722.849795
34.802582,111,30723.487491
102.581957,163,30724.350043
550.354258,600,30727.654794
161.969391,218,30728.854015
24.808324,99,30729.397635
13.260799,59,30729.737032
332.928715,420,30732.047415
80.859508,101,30732.639513
46.35952,53,30732.94242
42.159286,52,30733.236233
16.832558,238,30740.794918
139.591464,179,30741.735268
127.328614,167,30742.655669
57.298049,72,30743.067174
88.841662,122,30743.725294
150.722142,199,30744.748845
47.133076,60,30745.039093
125.426404,161,30745.927762
11.597783,95,30746.467617
14.831142,52,30746.799523
164.970013,229,30748.160052
85.516739,125,30748.847091
46.926026,66,30749.19599
-1.895638,55,30749.491175
85.163361,141,30750.276496
527.296595,600,30759.351688
2.153736,55,30759.694552
0.280975,48,30760.012783
50.808008,63,30760.419781
35.736282,47,30760.718979
8.26758,58,30761.053982
54.514404,133,30761.829681
-5.580077,50,30762.087842
95.662999,146,30762.848648
45.457714,62,30763.158895
100.35233,158,30764.01621
46.567853,68,30764.417688
101.643943,112,30765.087135
74.834456,99,30765.658573
42.797832,60,30765.998577
43.098173,52,30766.311797
26.356363,170,30767.305112
54.104321,66,30767.68969
9.752627,48,30767.941266
168.980347,225,30775.218135
586.921509,600,30778.575666
-2.984736,46,30778.812393
57.27855,78,30779.230167
32.385537,71,30779.604157
61.896113,54,30779.883194
38.953329,113,30780.488582
75.474913,128,30781.166701
33.427957,51,30781.453334
48.0758,62,30781.817749
29.066602,57,30782.134536
46.652257,47,30782.387592
-8.789473,119,30783.050702
93.178821,112,30783.651247
69.805979,112,30784.299077
46.33362,46,30784.554288
34.421071,135,30785.351138
127.083456,186,30792.61623
210.037257,277,30794.160162
455.081768,537,30797.215305
47.673692,41,30797.464184
13.067767,53,30797.78355
448.965872,600,30801.273958
53.428492,75,30801.732549
53.106661,110,30802.389259
40.592601,62,30802.747286
18.397611,84,30803.196752
42.206461,89,30809.675421
45.885551,44,30809.919067
8.997226,146,30810.692166
90.356275,139,30811.430246
70.822337,182,30812.520003
94.228081,186,30813.642978
106.803124,130,30814.426233
102.876641,600,30817.881689
104.846192,600,30821.574774
30.021481,80,30828.062577
14.738525,54,30828.432043
229.77658,600,30832.152646
25.787561,90,30832.748798
132.196073,162,30833.847345
48.949669,76,30834.269367
74.058136,100,30834.826816
556.97223,600,30838.313086
129.939327,199,30839.448964
45.032515,57,30839.782294
154.108066,216,30846.916846
225.754049,277,30848.432883
14.009889,50,30848.789628
99.935504,132,30849.629891
51.986596,176,30850.765911
170.593861,267,30852.306484
45.540453,47,30852.587237
43.8024,73,30852.995939
35.342923,86,30853.511074
-6.228944,60,30853.955239
157.358667,239,30855.4635
182.446136,394,30857.676011
49.661301,46,30857.964365
539.645798,600,30867.58086
40.280069,56,30867.878399
43.568942,58,30868.196534
60.457676,86,30868.651329
48.503955,51,30868.923813
109.060483,141,30869.713937
42.147905,67,30870.079859
-17.407965,82,30870.499617
65.614885,73,30870.903794
392.303708,600,30874.327353
44.435358,61,30874.671192
36.630249,44,30874.9084
104.432739,170,30881.949818
43.603861,80,30882.429859
100.133644,164,30883.400674
50.325856,50,30883.661885
56.967732,54,30883.948262
322.990236,545,30887.026433
53.609339,49,30887.312011
45.203118,65,30887.678539
28.63961,63,30888.021529
53.834377,600,30891.92118
12.480824,54,30892.217027
140.936625,288,30893.810001
243.219454,349,30901.346355
488.667407,600,30904.565833
20.738983,63,30904.959516
40.422777,75,30905.431211
78.1822,206,30906.753597
10.663655,47,30907.064498
68.323245,121,30907.847196
44.169944,51,30908.140545
123.258682,600,30917.422476
28.994443,66,30917.791764
43.13582,49,30918.088764
57.831442,104,30918.689064
76.360059,179,30919.685859
28.045608,86,30920.16406
229.80572,312,30921.853603
46.944795,52,30922.138087
19.095833,75,30922.530218
28.264304,96,30923.062701
68.963495,63,30923.421647
42.014895,47,30923.680009
12.827742,55,30923.974816
552.287125,600,30927.243032
19.295911,69,30927.621316
38.948329,70,30928.006852
310.692736,539,30937.230667
416.937626,589,30940.784324
38.474213,44,30941.024473
591.679667,600,30944.685326
148.581884,219,30945.850619
2.997125,51,30946.119245
4.817475,65,30946.48027
24.777857,99,30953.029581
98.772359,225,30954.217166
56.807526,100,30954.745432
120.694423,180,30955.71653
42.188194,100,30956.264521
29.332841,108,30956.835372
364.007864,600,30960.308775
118.848229,170,30961.302683
544.814669,600,30970.852745
134.685782,203,30972.134501
527.815105,600,30975.330544
25.449708,74,30975.748513
29.729306,150,30976.592125
69.242847,181,30977.587701
84.867805,111,30978.174901
13.960254,57,30978.480064
113.571395,151,30979.332998
67.736968,120,30980.026313
11.948254,78,30980.425526
246.495587,261,30987.296007
36.096668,600,30990.834237
124.506481,239,30992.174375
8.821422,197,30993.252215
47.8826,47,30993.500802
546.279416,600,30997.136412
36.932478,61,30997.524496
85.061426,173,30998.474283
95.274793,203,31005.384274
39.406711,57,31005.697824
47.904438,86,31006.160563
42.324955,113,31006.772778
484.24812,600,31010.621435
26.433873,82,31011.066255
60.986381,600,31014.509312
50.127029,43,31014.793857
24.688006,73,31015.25491
39.855732,120,31016.047313
39.432927,80,31016.591705
33.681316,84,31023.058122
104.122995,146,31023.897929
127.149275,160,31024.803589
109.303528,193,31025.830346
16.992934,60,31026.158132
21.965873,61,31026.473548
76.412469,129,31027.20204
188.344172,241,31028.661096
376.800648,496,31031.374395
121.957205,159,31032.316287
40.311734,53,31032.613568
45.763084,61,31032.968702
108.647196,145,31033.805112
28.247944,175,31040.480684
53.384724,52,31040.751976
403.18383,600,31043.992311
34.824976,69,31044.345807
15.979286,50,31044.622518
125.285595,185,31045.658672
107.636667,600,31048.944607
191.394152,226,31050.219713
118.278865,600,31059.4398
43.369153,108,31060.036029
7.908505,54,31060.32987
103.135021,127,31061.012594
46.165248,51,31061.267497
291.381845,374,31063.497974
57.175114,76,31063.964407
85.3755,114,31064.652853
13.272225,74,31065.075797
90.258254,130,31065.8031
82.146341,178,31066.844948
50.534762,70,31067.298502
90.74816,193,31068.501405
47.731358,66,31068.915699
116.370254,600,31078.143831
2.281061,75,31078.53912
66.680617,93,31079.055794
465.111678,600,31082.432149
54.351329,126,31083.139769
44.940527,59,31083.456632
13.095906,72,31083.863403
6.867003,98,31084.471735
31.122999,64,31084.847589
43.049252,77,31085.301798
44.125324,46,31085.605482
27.771076,88,31086.155049
208.372437,267,31093.372458
295.829935,435,31095.78876
40.562349,54,31096.101279
24.001024,600,31099.417797
562.051443,600,31102.678148
37.16033,70,31103.101552
50.171013,52,31103.3951
33.79021,49,31103.725476
-6.730838,46,31109.849653
131.348431,166,31110.861562
40.96197,175,31111.789313
212.161626,266,31113.244689
10.386944,48,31113.531952
145.368488,156,31114.442712
42.002213,91,31114.978106
45.207722,53,31115.284616
-10.923732,66,31115.687485
576.309992,600,31118.995919
100.768358,122,31119.69058
554.271866,600,31128.951015
36.526434,76,31129.396571
163.661672,216,31130.587902
46.034291,61,31130.913491
43.865821,54,31131.194052
53.533421,95,31131.675795
54.83767,600,31135.317143
33.682676,50,31135.584585
141.684999,600,31144.865972
43.085363,70,31145.256751
187.705462,233,31146.556115
179.368915,288,31148.109729
49.573214,85,31148.559798
459.287275,600,31151.892822
199.245594,235,31153.128558
53.639997,600,31162.456995
94.598273,126,31163.204714
122.158926,171,31164.170624
415.228216,600,31167.540881
59.51382,70,31167.928802
41.680803,82,31168.378174
72.29696,120,31169.057988
8.864084,50,31169.351085
573.359794,600,31172.937861
19.49524,61,31173.300519
43.138629,56,31173.622362
3.428911,136,31180.318169
1.556287,71,31180.769709
50.166278,58,31181.114377
35.268792,73,31181.528863
76.979503,210,31182.739187
38.872082,53,31183.055084
36.82537,76,31183.460539
90.769022,150,31184.251575
15.751771,56,31184.571038
61.31802,154,31185.454688
14.132894,600,31188.790262
92.897387,171,31189.736652
228.089251,249,31191.142845
182.611613,194,31198.045906
125.402608,150,31198.995741
46.675249,131,31199.826777
489.722423,600,31203.332456
205.175975,225,31204.645818
60.776718,148,31205.480804
20.895701,53,31205.782124
32.326905,106,31206.370275
41.126604,59,31206.664322
34.479819,127,31207.323136
-3.652191,48,31207.586843
27.665313,207,31208.809103
128.487549,212,31215.59247
55.263373,79,31216.036388
45.424144,68,31216.391812
77.262469,81,31216.830976
34.19982,54,31217.141196
27.71525,87,31217.615678
17.606173,600,31221.294424
43.929182,50,31221.590219
20.057486,58,31221.908475
56.79394,65,31222.282943
267.798336,343,31224.201028
318.09262,395,31232.293547
49.231904,55,31232.589164
51.234528,184,31233.586751
51.441522,45,31233.845962
37.777049,58,31234.191466
45.995904,53,31234.482922
39.661544,58,31234.825084
42.338686,49,31235.117714
480.911962,600,31238.509637
57.29903,153,31239.364357
68.593584,69,31239.771952
105.343765,166,31240.706953
144.875784,231,31242.034354
47.082595,99,31242.597543
33.223615,600,31252.034262
37.827664,49,31252.344869
222.323876,261,31253.905411
25.649352,138,31254.762733
29.931076,58,31255.131155
47.407669,48,31255.427068
124.03991,171,31256.454314
46.689394,51,31256.738281
79.984758,156,31257.595397
116.592806,280,31259.092246
154.790422,226,31260.34125
48.004629,114,31260.974367
47.370782,53,31261.271839
36.778931,57,31267.47622
142.847692,600,31270.884607
57.991083,56,31271.188039
82.252411,600,31274.968059
42.170226,58,31275.340003
6.353334,61,31275.727848
56.611258,99,31276.338131
48.337744,161,31277.231065
190.115333,377,31279.224486
44.973832,600,31288.897789
52.443262,140,31289.642653
32.719116,97,31290.175123
5.445682,70,31290.616941
0.596202,600,31294.254822
5.896498,110,31294.828867
49.577426,79,31295.265548
37.634722,95,31295.805067
204.13858,249,31297.148156
54.587676,55,31303.356057
111.470429,154,31304.174462
12.969457,63,31304.532857
353.772485,600,31307.720971
55.866231,65,31308.067473
86.615406,246,31309.438013
48.101203,62,31309.787805
9.231887,59,31310.107276
93.886667,150,31310.925653
495.444288,600,31314.138244
67.772424,600,31323.653406
97.649394,143,31324.419774
10.410155,60,31324.739995
15.997034,600,31328.236774
185.089846,216,31329.633494
47.51077,57,31330.011967
43.418499,52,31330.342736
29.052299,53,31330.644889
97.093878,164,31331.720139
39.17725,149,31338.508559
-10.200092,47,31338.778278
8.910273,59,31339.095933
118.814583,139,31339.88591
344.134104,423,31342.421068
530.899224,600,31345.837378
48.966318,96,31346.44127
43.871996,123,31347.252879
58.67277,98,31347.856324
83.738137,145,31348.72896
51.755894,80,31349.215422
-9.45059,73,31349.661051
68.457133,79,31350.093724
39.014455,48,31350.382743
31.588595,160,31357.191183
47.235796,54,31357.505484
35.680703,50,31357.810412
456.219618,600,31361.128927
53.432729,83,31361.584526
525.363291,600,31365.253299
266.634757,452,31367.980236
37.860263,56,31368.276524
-6.020504,53,31374.53204
80.806262,224,31375.804554
56.52603,191,31376.84219
18.87714,64,31377.217692
536.681907,600,31380.635226
51.851221,56,31380.942841
320.855364,421,31383.131326
39.244707,68,31383.491004
88.586184,161,31384.348899
37.104583,59,31384.670274
11.199706,50,31384.934358
115.806319,192,31392.062547
139.430256,167,31392.992342
34.991718,50,31393.252726
-3.458778,51,31393.5401
77.883021,118,31394.184261
8.384561,50,31394.44624
7.98593,43,31394.670281
156.236876,207,31395.779921
113.543154,165,31396.663025
48.503246,56,31396.945637
46.319383,76,31397.388156
27.956382,73,31397.813962
39.55192,86,31398.28991
48.010456,155,31399.196597
7.666513,46,31399.456702
35.119119,65,31399.828592
15.689116,202,31400.913663
105.219568,156,31401.757195
246.809881,281,31409.277571
42.561713,59,31409.608889
29.79622,114,31410.236217
43.505733,107,31410.824397
46.880337,87,31411.267844
28.294214,600,31414.785932
47.627242,82,31415.284886
350.943117,444,31417.88007
43.309017,74,31418.392351
40.32089,49,31418.738688
317.11876,432,31427.567164
15.673522,134,31428.280759
337.985294,499,31431.065464
138.510714,187,31432.245041
139.736095,600,31435.880152
17.627002,96,31436.45537
57.099659,59,31436.825871
7.884373,55,31437.173685
47.897131,46,31437.458975
46.539079,50,31437.771516
14.499288,74,31438.200531
50.37373,57,31438.537198
-4.019936,51,31438.857713
100.017702,600,31447.992055
11.454905,48,31448.276404
7.840732,51,31448.572732
96.276512,137,31449.397528
583.800197,600,31452.884583
37.423895,72,31453.280493
48.516159,44,31453.527379
40.772221,49,31453.793851
46.535437,42,31454.026057
91.911075,125,31454.739131
445.842295,600,31464.358063
46.670564,62,31464.74744
107.844073,231,31466.226475
20.348106,53,31466.583089
518.138546,600,31469.992641
78.555573,276,31471.529431
45.637253,63,31471.856466
40.463184,84,31472.307806
48.196997,54,31472.60808
46.341387,103,31473.188208
30.945643,73,31473.60386
464.401157,600,31482.917847
16.484736,70,31483.385166
290.924552,352,31485.422161
44.520422,177,31486.359049
548.400398,600,31489.617678
545.577985,600,31498.99343
53.985636,107,31499.584737
48.026975,91,31500.110636
108.028712,151,31500.9942
-14.711051,47,31501.271654
48.385267,79,31501.728435
43.949815,82,31502.143721
11.702211,45,31502.385403
63.051006,78,31502.796993
108.869606,146,31503.642265
42.147058,600,31507.070897
50.377914,62,31507.423701
5.286797,45,31507.674783
52.619543,77,31508.133121
511.043884,600,31517.434748
330.781416,418,31519.923402
59.660621,50,31520.204153
122.083081,171,31521.197374
-20.026762,85,31521.700446
62.601323,62,31522.080095
44.293685,56,31522.384773
89.243314,141,31523.179926
42.953487,59,31523.506201
80.726177,141,31524.269069
125.333984,167,31525.172614
77.494924,112,31525.769871
5.72564,56,31526.075046
487.440416,600,31535.119511
15.043068,63,31535.468315
46.388488,52,31535.761023
47.727584,58,31536.068683
103.464984,129,31536.793618
80.050353,133,31537.523783
432.411813,600,31541.2319
40.971886,45,31541.474047
51.720865,63,31541.81609
34.252655,231,31543.089272
123.56591,600,31553.017768
34.994921,42,31553.237631
39.603919,53,31553.545052
107.97705,188,31554.568545
24.242704,600,31558.278895
114.849044,176,31559.344559
112.867839,600,31562.897585
37.872416,54,31563.206006
-11.703751,46,31569.544829
15.565234,64,31569.891481
48.214039,76,31570.311073
48.532697,50,31570.600279
41.569302,134,31571.351391
17.041817,55,31571.645206
57.159366,145,31572.433856
45.496307,54,31572.710141
43.698343,48,31572.984334
14.254714,72,31573.360985
66.168312,119,31574.032578
7.656394,58,31574.368963
76.282228,220,31575.61257
497.904075,600,31579.095292
111.429576,145,31580.042176
36.726069,49,31580.39588
56.566381,92,31581.032343
-11.537545,85,31587.56455
47.208504,61,31587.937231
47.5078,112,31588.596779
43.483274,94,31589.170937
64.280118,104,31589.829934
10.683712,47,31590.112745
16.985415,49,31590.394927
21.890785,71,31590.794846
-8.559298,45,31591.052287
49.899191,92,31591.572486
12.085944,91,31592.069187
11.293734,47,31592.328181
76.846898,138,31593.094079
111.620328,134,31593.814535
83.156035,155,31594.648008
554.036676,600,31598.186923
53.693133,105,31598.832522
59.315735,87,31605.091513
116.6877,141,31605.844625
75.875146,104,31606.388692
35.030612,119,31607.07384
429.831703,561,31610.407877
-7.100986,56,31610.731577
96.653859,175,31611.788678
120.86936,157,31612.723539
47.636668,62,31613.101223
38.343829,54,31613.42967
45.497419,65,31613.806657
36.799398,55,31614.100344
527.609834,600,31623.165428
1.435014,51,31623.435474
356.717397,423,31625.751485
33.84571,68,31626.111365
17.024803,70,31626.51718
-9.035323,57,31626.835939
4.680921,68,31627.191467
-4.374194,59,31627.510041
12.878952,50,31627.796815
516.434822,600,31631.260896
40.78004,62,31631.607288
45.451271,128,31632.333281
70.928105,92,31632.837729
97.631909,150,31633.654769
102.407414,139,31640.483722
466.822146,600,31643.747175
37.352359,52,31644.032917
92.040658,157,31644.880922
52.125446,62,31645.198677
179.459539,253,31646.565969
57.007212,161,31647.502494
71.070603,89,31647.979518
33.58383,123,31648.652702
80.578457,95,31649.186839
96.480925,124,31649.869209
90.604589,181,31650.913823
203.310144,269,31658.358949
46.728165,149,31659.258865
110.878611,156,31660.083784
62.972435,84,31660.523873
89.459205,600,31664.187181
571.632225,600,31667.827107
40.319671,43,31668.060707
161.335412,600,31677.431835
43.761623,55,31677.744318
44.180963,67,31678.094612
3.61004,47,31678.353186
65.760973,72,31678.75057
90.273254,163,31679.647048
152.366163,600,31683.058941
136.697388,178,31684.055052
55.324881,96,31684.602349
29.025591,221,31685.861723
50.712654,57,31686.179352
102.004199,145,31692.856629
38.057357,74,31693.307442
48.380055,44,31693.564094
373.01067,440,31696.119733
42.011988,59,31696.4432
318.297993,367,31698.402954
106.891041,184,31699.401477
54.22565,70,31699.825871
51.900779,53,31700.139917
544.309198,600,31703.802053
37.933404,107,31710.09342
119.355813,191,31711.183304
18.355922,103,31711.753657
60.003151,144,31712.58113
40.910626,88,31713.093171
32.556802,103,31713.654523
63.973329,115,31714.267615
44.139977,79,31714.737
42.900221,75,31715.179127
15.915491,140,31716.093859
48.107684,49,31716.467981
44.542721,49,31716.781326
157.329535,211,31718.007042
24.953083,57,31718.322181
81.025931,226,31719.736579
265.689988,340,31722.014302
187.24548,286,31729.866564
126.621302,147,31730.741246
9.321962,73,31731.165691
157.938128,254,31732.692183
44.615202,75,31733.116243
82.657842,168,31734.13431
150.662955,232,31735.391136
-7.449416,46,31735.687463
530.897087,600,31738.99669
18.391188,56,31739.33096
41.525305,67,31739.704403
99.079169,139,31746.342783
10.907175,90,31746.888087
77.116287,133,31747.629191
129.083422,600,31751.062238
88.008033,167,31751.921424
101.518839,166,31752.795255
-12.62521,46,31753.032597
55.105302,163,31753.942831
55.499277,72,31754.321959
367.536126,443,31756.662356
11.572893,49,31756.946196
39.419529,83,31757.434836
21.492689,49,31764.030963
53.510158,68,31764.408092
275.526453,346,31766.286722
17.019782,52,31766.581002
18.287284,600,31770.101408
-4.38033,46,31770.361619
551.632506,600,31774.023888
51.703555,102,31774.629778
46.595057,74,31775.013703
47.509096,81,31775.428228
22.282048,102,31781.995753
207.07698,262,31783.486851
60.879757,600,31787.116064
14.787285,67,31787.472081
77.876308,127,31788.162073
171.41711,600,31791.493194
520.233485,600,31800.697084
338.123053,411,31803.252796
45.827453,59,31803.636654
526.307707,600,31807.353827
23.684438,113,31808.020778
77.710739,146,31808.922982
69.970603,76,31809.376105
66.362478,202,31810.462616
37.262785,56,31810.772445
63.084552,65,31811.098511
89.974922,193,31818.10731
60.94225,73,31818.534323
106.676044,161,31819.429632
33.649435,113,31820.102365
42.477315,47,31820.375872
87.6327,129,31821.073581
134.257076,289,31822.766678
87.686587,187,31823.835451
534.814449,600,31827.358432
60.262644,77,31827.778448
12.068366,67,31828.133924
48.44861,86,31828.58781
102.681107,137,31835.230177
61.305226,600,31839.103146
169.411335,207,31840.196349
4.705572,96,31840.743156
111.270036,151,31841.562171
65.501906,250,31842.923314
36.694715,87,31843.444424
80.763954,250,31844.832359
95.826906,151,31845.670583
22.290788,76,31846.099928
53.081233,56,31846.403589
12.991676,63,31852.461437
52.244849,75,31852.893841
152.451794,194,31854.018446
78.958726,119,31854.720924
41.902563,53,31855.067381
31.21011,55,31855.369526
57.853595,92,31855.903746
459.080828,521,31858.74094
102.139752,151,31859.533804
34.311523,71,31859.909727
595.218125,600,31863.22489
43.386648,61,31863.582595
72.526799,108,31869.852998
54.203879,76,31870.287813
52.688761,114,31870.933244
515.427374,600,31874.274754
51.520788,91,31874.820774
95.088174,221,31876.022261
46.959816,60,31876.362803
138.818281,168,31877.313586
55.473862,71,31877.709324
48.642256,57,31878.050409
61.842408,277,31879.502598
11.711032,59,31879.821817
50.208727,81,31880.268627
295.136096,310,31887.911498
38.030897,53,31888.205593
45.160039,80,31888.649168
52.849802,76,31889.058618
66.838914,600,31892.313618
37.562284,136,31893.125147
64.44661,128,31893.912835
44.540406,39,31894.132093
66.223968,173,31895.102621
100.326277,122,31895.796715
48.667404,57,31896.082096
164.319591,207,31897.420166
55.481003,73,31897.927514
12.398594,54,31898.291261
509.014414,600,31907.689742
73.355046,112,31908.30957
46.020369,48,31908.567045
555.620048,600,31911.881571
305.910656,454,31914.457331
46.853244,52,31914.770133
10.690188,42,31915.024922
1.71009,48,31915.328133
227.431019,305,31923.411571
39.809347,52,31923.675566
8.8219,61,31924.034789
37.168744,53,31924.33833
47.775735,55,31924.647596
31.311731,85,31925.092619
0.043152,81,31925.540279
98.363286,117,31926.217452
51.057259,140,31926.96087
43.064864,63,31927.304615
25.204209,63,31927.640548
-10.04998,47,31927.903593
61.98945,169,31928.862113
85.62675,145,31929.727771
172.826321,260,31931.059442
28.669582,67,31931.409334
53.503107,48,31931.674122
52.803164,76,31932.077811
25.219845,51,31932.37484
31.093578,85,31932.866197
459.81331,600,31942.152544
42.451798,46,31942.417316
9.922866,52,31942.704371
54.73166,131,31943.437008
45.097726,81,31943.861321
104.320208,136,31944.573884
47.000677,68,31944.944877
44.486842,50,31945.207529
39.06933,51,31945.479341
52.681518,67,31945.836245
98.523413,156,31946.639491
185.643341,242,31948.010605
69.442022,142,31948.820592
35.996074,43,31949.077189
39.01442,93,31949.623971
157.620618,210,31950.779896
40.890659,69,31957.115776
42.90299,44,31957.36907
126.105513,170,31958.330829
39.234944,58,31958.649075
492.367909,600,31962.054693
36.203891,57,31962.416024
55.379757,95,31963.011975
32.904269,127,31963.680228
42.00036,66,31964.023814
47.555327,81,31964.474138
117.296174,600,31968.064547
12.364862,67,31968.462973
100.022398,133,31975.166451
34.79733,90,31975.819927
539.0006,600,31979.371515
49.481249,99,31979.903618
115.503926,149,31980.685944
531.492333,600,31984.042161
49.387472,54,31984.337278
54.092006,78,31984.728477
6.005335,65,31985.078603
110.9354,600,31994.453945
53.813849,65,31994.820731
72.762614,151,31995.687242
213.96774,250,31997.142437
138.382413,190,31998.345348
212.010274,259,31999.853341
116.297069,176,32000.744844
245.573123,600,32004.433887
25.756597,94,32010.880216
34.422649,100,32011.528474
21.912793,62,32011.911994
140.953561,600,32015.571482
25.208987,600,32018.913339
39.967275,39,32019.159287
41.752372,50,32019.471292
21.167621,75,32019.92328
520.970649,600,32029.145637
13.435061,93,32029.683365
69.310677,600,32032.968328
8.074099,56,32033.264888
39.952449,86,32033.741617
44.923772,42,32033.981284
150.28103,226,32035.297584
11.928994,65,32035.664389
497.042562,600,32039.114235
37.162941,75,32039.572884
10.890612,49,32045.837369
73.279103,145,32046.731899
41.153539,79,32047.214566
42.651587,135,32048.006894
497.479091,600,32051.37155
45.117506,70,32051.739082
77.021561,140,32052.482072
115.895224,191,32053.491422
44.329885,59,32053.787923
40.531071,44,32054.038545
37.8664,66,32054.387463
457.652862,600,32063.891166
49.109843,61,32064.260436
3.589217,53,32064.577137
47.125478,61,32064.940198
504.334263,600,32068.406391
10.068589,52,32068.699446
44.858997,72,32069.106942
17.951074,74,32069.52141
145.528055,278,32071.116678
492.886305,600,32074.508819
111.006519,149,32081.027278
9.235429,89,32081.499223
48.031557,68,32081.860163
40.167019,48,32082.139407
96.943763,149,32082.99282
39.064805,600,32086.508214
36.036462,65,32086.901982
62.032626,131,32087.706775
47.286218,50,32088.023681
37.642667,175,32089.01194
492.8369,600,32092.265789
-10.412822,48,32098.719211
4.230225,65,32099.07787
42.553303,60,32099.450658
34.276939,103,32100.073402
110.59065,137,32100.817042
49.307132,66,32101.193344
64.217787,76,32101.598153
47.376915,78,32102.03092
36.997931,49,32102.30755
111.960128,130,32103.008351
301.31287,600,32106.361711
90.786043,150,32107.170678
13.955897,66,32107.527534
51.021319,66,32107.947763
45.647541,74,32108.410161
9.098445,600,32118.556349
195.168163,250,32120.096855
35.289804,96,32120.620996
46.230477,129,32121.266259
38.331872,78,32121.683573
156.711635,234,32122.984655
47.529699,47,32123.253068
178.687549,261,32124.713807
52.12791,67,32125.099118
348.419679,600,32134.930659
63.815712,107,32135.572577
46.542631,83,32136.097035
93.021246,172,32137.088978
17.221024,58,32137.391266
21.32527,106,32137.97254
42.915336,55,32138.278108
133.995614,203,32139.365026
106.203229,600,32142.949708
49.287813,46,32143.216145
46.446321,67,32143.608514
44.421559,62,32143.971306
114.724051,149,32144.797843
547.673549,600,32154.133293
44.533003,53,32154.433289
83.442633,198,32155.602248
263.613793,322,32157.462021
153.940933,183,32158.500136
100.43475,192,32159.597499
186.038694,269,32161.008423
70.328262,64,32161.382462
90.719145,135,32162.112205
32.956244,224,32163.382966
123.921152,600,32172.82325
253.981337,296,32174.466246
447.351944,461,32177.001227
19.296938,68,32177.370273
166.823517,239,32178.676968
28.234543,70,32179.071554
2.00333,600,32188.657686
12.097756,95,32189.155395
37.510877,91,32189.70541
64.780972,100,32190.297848
35.973466,80,32190.772705
104.272224,223,32192.155898
60.759572,53,32192.460603
92.890137,172,32193.42445
17.861988,68,32193.815372
114.864778,150,32194.634156
336.833239,495,32197.489677
183.701406,218,32198.745834
88.729264,600,32208.379371
152.19769,249,32209.727963
409.069099,600,32213.142921
41.295093,73,32213.551921
87.653109,173,32214.506366
46.262855,65,32214.85609
23.759187,72,32215.233259
53.45975,75,32215.65135
287.213169,362,32223.788011
12.021579,52,32224.057841
577.966652,600,32227.221012
45.071507,60,32227.553506
48.250483,56,32227.86892
65.543212,80,32228.298625
83.088623,100,32228.847114
6.560896,62,32229.197409
50.344258,62,32229.534713
13.94059,79,32229.978757
35.422264,48,32230.277732
61.544266,64,32230.698345
19.882784,158,32231.736202
42.247923,68,32232.189461
47.331424,73,32232.705515
43.788177,65,32233.143645
60.522385,127,32233.981154
41.043312,60,32234.31907
6.959253,59,32234.638244
18.797201,119,32241.23014
146.460297,175,32242.146603
125.332993,200,32243.237205
38.499181,122,32243.92237
153.307265,315,32245.637564
50.380627,106,32246.231493
45.410743,68,32246.608874
80.974912,202,32247.765235
130.618515,250,32249.203169
201.28688,252,32250.55853
28.298076,600,32259.589037
41.374637,70,32259.951378
134.398476,600,32263.279836
40.139697,83,32263.746245
89.096748,600,32267.301604
105.852521,127,32268.021202
80.230381,109,32268.578567
80.790089,175,32269.610394
57.96095,177,32276.6544
119.065026,241,32278.129259
566.139291,600,32281.698112
48.72162,61,32282.049025
188.905286,600,32285.329391
47.578369,51,32285.641344
36.581792,61,32285.98179
8.164301,49,32286.246403
79.36521,83,32286.738812
31.660204,56,32287.07226
79.183437,102,32287.689526
59.9371,70,32294.041914
93.533393,109,32294.784242
39.226138,65,32295.205608
409.293201,600,32298.70843
53.076791,104,32299.294956
60.849178,151,32300.12291
43.454439,53,32300.42932
49.107674,50,32300.701946
124.417356,185,32301.794273
29.483117,70,32302.20315
139.357188,271,32303.905534
122.114674,168,32304.909633
33.935839,109,32305.494141
37.608134,76,32311.703338
504.353574,600,32315.119204
177.252609,266,32316.57554
60.364376,64,32316.926765
104.596549,147,32317.738229
88.835233,134,32318.516738
38.531161,80,32318.984783
65.41105,297,32320.805402
553.84374,600,32330.08485
87.125954,155,32330.956782
26.021166,62,32331.279783
17.867871,77,32331.701458
160.369225,169,32332.630675
138.62327,160,32333.560541
100.379208,121,32334.251285
37.251428,50,32334.556334
-1.434767,65,32334.923232
-5.403771,65,32335.302954
28.927563,45,32335.583744
100.828835,149,32336.517811
320.51634,408,32338.88041
24.989616,83,32339.342227
19.910789,69,32339.742563
129.229527,152,32340.61459
102.144156,323,32348.440385
458.374243,600,32351.951947
50.335656,68,32352.384661
382.357132,499,32355.199934
55.051524,136,32355.988359
43.494536,41,32356.293585
47.052827,124,32357.135123
54.182229,79,32357.682464
113.522511,149,32358.736985
9.151525,59,32359.152966
554.001789,600,32368.436294
21.903258,124,32369.102016
27.850653,110,32369.714057
93.365104,121,32370.380975
118.484869,205,32371.567304
80.7246,169,32372.550637
29.265151,126,32373.294799
72.841657,97,32373.876502
72.673572,190,32375.006382
17.110083,600,32384.441419
520.763481,600,32387.661818
55.496514,60,32387.978602
38.680742,46,32388.244461
102.391529,146,32389.110677
-12.231821,47,32389.369438
32.550179,103,32389.964297
87.416018,130,32390.687823
29.09936,600,32394.054767
30.070982,58,32400.584561
67.8976,65,32400.945453
89.927234,236,32402.284644
91.14866,118,32402.944185
37.419203,66,32403.309093
49.091655,72,32403.746735
383.665237,600,32407.095183
37.93098,54,32407.43206
140.674062,170,32408.554612
28.918185,91,32409.142721
16.398001,98,32409.746805
25.518377,46,32410.045564
107.744497,202,32411.12603
4.182028,118,32411.745179
445.047078,600,32420.884272
36.147057,80,32421.30638
37.678398,49,32421.574979
471.258376,531,32424.565128
115.940064,159,32425.413367
61.829103,62,32425.790012
50.755687,193,32426.942685
58.223989,103,32427.626832
35.785998,43,32427.896637
69.140146,91,32428.458723
29.112359,67,32428.83634
63.65723,600,32438.32544
124.078169,210,32439.524266
8.982819,54,32439.829375
105.591938,148,32440.684318
65.181552,132,32441.391747
93.570571,135,32442.191722
137.830351,195,32443.378224
47.847223,59,32443.748003
104.424611,164,32444.79319
46.939926,45,32445.065556
53.788222,81,32445.551203
17.145943,52,32445.882772
39.653689,132,32446.696626
47.375029,53,32447.00221
62.919362,120,32447.686569
55.395339,115,32454.418107
118.967236,187,32455.467127
56.561818,71,32455.870726
68.752487,82,32456.364038
88.65203,136,32457.135956
40.299869,73,32457.545876
56.495262,110,32458.144493
47.85348,59,32458.482136
11.187138,53,32458.784454
33.530022,86,32459.290739
108.447701,173,32460.334323
136.176903,251,32461.805549
512.364362,600,32465.095918
47.642313,50,32465.350269
6.684361,57,32471.630956
48.270582,90,32472.126453
20.117909,49,32472.399542
49.96091,63,32472.742136
85.887168,125,32473.427667
512.373521,600,32476.84496
30.345692,93,32477.339962
494.278367,600,32480.629381
104.386781,158,32481.522388
29.865557,145,32482.365329
37.686496,48,32482.671357
220.48401,294,32490.241756
50.383966,45,32490.51061
573.926896,600,32493.834013
23.411523,105,32494.49637
45.249869,61,32494.892592
45.312212,127,32495.690387
531.528701,600,32498.93827
12.347445,67,32499.361129
46.01431,50,32499.664774
92.650918,181,32506.892252
205.238023,246,32508.439145
129.948336,209,32509.723212
71.509974,132,32510.532684
-0.756983,59,32510.877179
28.618582,43,32511.144732
112.743521,133,32511.942264
58.415864,60,32512.297759
-5.033149,476,32514.94114
265.91799,600,32518.463992
50.283023,70,32524.876427
59.610882,79,32525.322362
14.804839,117,32525.963208
97.374149,214,32527.213291
35.350628,73,32527.615439
45.996547,73,32528.012761
538.940735,600,32531.325335
531.917887,600,32534.668221
36.302943,56,32535.006002
28.060499,49,32535.286813
44.842365,43,32535.537913
80.177005,193,32542.508083
43.928098,49,32542.803138
31.842559,62,32543.144835
53.300071,65,32543.497711
115.551677,145,32544.318289
-1.650004,230,32545.684542
9.205444,67,32546.104827
52.964596,66,32546.519947
549.4383,600,32549.855411
153.575756,178,32550.904403
33.858167,600,32560.482225
37.317615,64,32560.829753
49.767861,48,32561.105792
11.376324,54,32561.401025
7.566288,83,32561.840219
38.250176,58,32562.148634
21.528233,49,32562.430948
524.539402,600,32565.674822
88.020908,187,32566.670469
47.91745,72,32567.049028
96.559994,135,32567.782272
125.521291,161,32568.634389
150.392822,230,32569.871766
134.893277,159,32570.709485
319.496881,413,32579.25396
38.58429,55,32579.600789
50.942888,71,32580.077437
480.125714,600,32583.643945
42.240552,58,32583.94107
33.716549,98,32584.480864
-0.377116,55,32584.783404
381.627631,459,32587.259551
295.893738,429,32595.837315
38.532608,53,32596.139178
40.71272,44,32596.382993
179.147603,276,32597.861004
240.427862,332,32599.672396
98.874106,193,32600.689934
214.135662,271,32602.122208
30.637576,136,32602.832524
63.838603,73,32603.22434
133.982521,190,32604.27492
71.394835,107,32604.956119
-13.341437,142,32605.797548
50.100704,64,32606.181169
50.358082,60,32612.500108
11.04733,71,32612.921821
423.064107,600,32616.712251
54.021839,57,32617.103395
36.07476,57,32617.430252
2.378439,450,32620.085805
48.963877,53,32620.41133
42.75997,103,32621.027819
8.664843,83,32621.574893
494.828438,600,32630.947526
17.382915,59,32631.294474
75.320556,132,32632.035189
-16.471153,467,32634.583705
84.795252,182,32635.667436
24.814745,47,32635.940238
55.068515,74,32636.320924
30.476131,89,32636.833267
21.482173,56,32637.124032
136.312319,217,32638.308552
38.576874,94,32638.825222
97.45322,136,32639.669262
53.311216,85,32640.197069
55.946478,64,32640.59746
449.481987,600,32650.248065
35.992456,98,32650.785897
157.14746,230,32652.097378
109.265072,213,32653.323295
49.368782,69,32653.746256
160.114955,198,32655.096055
12.643604,50,32655.43883
10.884339,58,32655.864225
69.639256,83,32656.477064
23.655992,93,32657.009915
14.288067,55,32657.328746
35.935601,104,32657.912562
-6.512233,63,32658.265087
42.275154,59,32658.578186
50.260359,56,32658.87042
129.172648,187,32659.885407
42.477197,46,32660.148968
10.344154,55,32660.447467
544.40975,600,32669.502723
564.534455,600,32672.949684
50.311467,59,32673.301748
70.011065,600,32676.96916
32.907935,72,32677.404346
99.789112,162,32678.288261
45.920881,61,32684.881781
306.010949,362,32686.834247
42.499355,75,32687.248184
40.748004,48,32687.495198
42.18502,54,32687.775882
68.002783,73,32688.161098
113.380889,161,32689.038887
35.427565,62,32689.402547
264.630673,465,32692.213881
124.118935,137,32692.967101
120.266928,163,32693.904511
552.029502,600,32703.134003
56.716196,60,32703.497152
42.161369,56,32703.835511
30.278342,43,32704.062279
235.911701,306,32705.815177
84.233597,600,32709.221916
308.038757,415,32711.60412
44.281002,251,32713.14154
134.88346,207,32720.153214
87.927528,163,32721.02734
46.206319,73,32721.405608
67.752179,136,32722.098456
22.145816,95,32722.624543
119.480021,333,32724.457453
8.94779,63,32724.795055
66.187233,600,32728.274384
16.513356,61,32728.665706
107.584198,174,32729.681082
-10.379573,49,32729.963334
48.319622,123,32730.672062
57.602448,78,32736.929362
10.411318,50,32737.207362
44.324157,56,32737.523279
544.348713,600,32741.126273
4.376646,47,32741.392844
27.214929,60,32741.74332
73.344263,154,32742.665916
47.58402,59,32743.00754
31.344174,81,32743.523606
104.802268,139,32744.318515
470.582454,600,32747.771221
46.639789,187,32748.855437
73.835455,162,32755.927474
95.765796,180,32757.000505
36.91701,146,32757.888559
47.56299,70,32758.301492
126.506792,174,32759.220592
381.5927,473,32761.767995
82.004896,174,32762.717361
57.094544,108,32763.297168
4.610209,59,32763.597461
525.08692,600,32772.717795
11.292187,54,32773.011483
144.05829,211,32774.139083
133.490882,174,32775.075952
1.682118,67,32775.457376
16.78314,98,32775.968959
151.800881,288,32777.553896
563.915208,600,32781.076739
46.137857,83,32781.527484
114.256491,170,32782.442502
45.941426,48,32782.698658
91.040616,152,32783.514106
51.140914,44,32789.578874
49.008369,77,32790.067451
131.984247,269,32791.788277
69.853155,83,32792.326293
-2.10069,54,32792.647796
18.450465,50,32792.904844
72.373256,166,32793.786545
278.368309,359,32795.65561
14.710355,53,32795.940629
7.460698,84,32796.43564
50.46795,46,32796.723552
15.390442,62,32797.095341
37.759266,93,32797.657313
61.971986,175,32798.688393
516.956092,600,32807.954675
41.94582,122,32808.648589
0.612011,49,32808.93722
53.416724,92,32809.539794
47.764121,71,32810.00659
48.21269,76,32810.543453
34.627585,55,32810.90045
17.440342,600,32814.400087
21.472002,97,32814.920976
53.484139,98,32815.462951
43.562417,86,32815.934926
87.085598,192,32816.991227
13.288083,62,32817.346966
135.685659,250,32818.630279
-1.607255,59,32824.979792
154.632804,173,32825.963952
547.486239,600,32829.286139
92.183082,145,32830.07748
369.683293,505,32832.75164
50.405556,72,32833.169215
19.718184,60,32833.513975
49.541799,51,32833.790585
-10.025049,60,32834.173043
52.850992,63,32834.538625
14.131934,88,32835.08328
32.50703,69,32835.515108
2.192819,55,32835.857766
55.659844,57,32836.194917
106.398337,190,32843.345247
43.050863,163,32844.233123
12.307503,68,32844.599565
1.563422,99,32845.131694
113.210061,144,32845.917597
49.28199,50,32846.222883
44.723413,56,32846.539903
209.578393,284,32848.173565
96.159297,164,32849.181049
-17.57414,46,32849.461038
458.799471,600,32853.009034
29.076404,92,32853.56266
5.293469,63,32853.940722
90.394543,166,32860.908155
-3.00114,48,32861.175685
46.902739,55,32861.469178
37.080743,61,32861.804535
49.940681,62,32862.111506
134.686303,274,32863.56216
37.040168,60,32863.884936
39.735444,90,32864.388665
110.56681,147,32865.212156
-3.633771,62,32865.576832
64.671131,109,32866.171398
87.868119,165,32867.093228
-7.964423,55,32867.392543
138.74586,186,32868.428947
117.094821,600,32877.585374
3.54042,50,32877.861942
148.318754,210,32879.01312
41.624533,74,32879.43473
85.373048,154,32880.267994
62.732041,73,32880.680483
132.380279,145,32881.60812
45.969641,57,32881.94358
45.729808,50,32882.256293
32.140705,57,32882.584938
-4.97847,115,32883.270622
70.187135,118,32883.932742
37.008498,53,32884.221634
40.573902,45,32884.485198
51.742602,47,32884.77262
33.920904,58,32885.141577
-7.892447,49,32885.450013
56.327962,57,32885.814336
39.762746,600,32889.367349
49.68138,80,32895.735442
33.072794,56,32896.075212
4.225726,53,32896.367858
48.181098,63,32896.725572
131.567737,185,32897.775174
46.839054,54,32898.060924
86.001907,600,32901.572295
99.194711,123,32902.219801
54.303676,92,32902.702902
477.830483,600,32906.150151
161.793516,305,32913.942484
7.96536,48,32914.22022
527.751933,600,32917.609021
95.116477,127,32918.300265
40.49169,60,32918.621669
40.922265,73,32919.028415
143.532018,276,32920.523808
42.64906,64,32920.850989
87.755717,175,32921.888437
44.955314,54,32922.193893
50.945189,67,32922.599509
572.07502,600,32932.283225
23.961078,60,32932.690607
57.324025,53,32933.033253
193.378744,247,32934.537704
55.817581,94,32935.071792
31.268859,64,32935.439399
51.255607,109,32936.102225
54.656913,58,32936.440704
81.909101,121,32937.14038
595.700182,600,32940.469003
42.372411,67,32940.818019
78.431083,132,32941.533899
44.855989,65,32941.869035
14.087204,101,32942.409982
39.948088,61,32948.696158
13.177797,46,32948.948661
127.731756,600,32952.328719
90.789261,176,32953.269363
31.816474,100,32953.817755
36.710466,102,32954.375831
-5.852108,88,32954.853568
53.779197,64,32955.19603
367.512647,479,32958.013358
54.030725,408,32966.306873
95.65773,165,32967.264201
37.811351,101,32967.882902
558.579155,600,32971.686952
34.376426,81,32972.108049
42.547009,74,32972.51108
3.949848,51,32972.769026
181.146453,193,32973.809325
485.819918,600,32977.053621
121.762425,211,32984.383794
63.329527,61,32984.705028
27.674892,61,32985.030534
47.417538,54,32985.315835
43.079737,140,32986.08542
47.184398,64,32986.421925
46.339726,66,32986.781756
355.473694,392,32988.901524
-6.841424,51,32989.176415
41.770143,69,32989.596183
45.402532,212,32990.79441
27.538848,93,32991.295047
43.762351,143,32992.074499
163.494765,197,32993.131288
85.1169,125,32993.797768
111.28294,139,32994.5644
50.752871,59,32994.918727
18.260213,72,33001.330204
256.272816,280,33003.074869
51.148624,78,33003.488386
26.71552,82,33003.969414
50.820481,53,33004.258373
21.078704,60,33004.667184
81.673883,133,33005.534357
227.278016,600,33008.977892
-2.513688,49,33009.241055
30.631716,96,33009.716646
61.840396,118,33010.389274
130.752407,163,33011.325022
39.832799,135,33012.172454
93.682095,600,33021.57182
549.854727,600,33025.012742
165.445708,313,33026.745136
120.809209,148,33027.574098
9.257869,86,33028.049979
39.471257,57,33028.359295
172.930913,600,33038.003585
125.137807,249,33039.537803
38.526161,47,33039.799628
91.635198,153,33040.658248
283.446365,350,33042.80866
10.097779,74,33043.228368
76.605529,142,33044.009678
84.358046,90,33044.593864
52.438767,96,33045.202592
45.377902,47,33045.490612
44.29837,51,33045.803972
47.149837,60,33046.152799
181.080701,220,33047.471518
24.878006,52,33047.744504
62.342503,77,33048.153188
46.825356,65,33048.497614
8.982404,57,33048.796149
486.603431,600,33058.394743
47.709615,60,33058.78239
38.961659,46,33059.067945
178.980988,255,33060.574444
594.397179,600,33064.131092
233.0554,319,33065.95694
504.251756,600,33075.494094
16.748329,52,33075.781086
34.397731,83,33076.226346
99.578944,176,33077.166238
24.070652,56,33077.497586
211.095181,320,33079.396056
27.700926,47,33079.650119
44.16694,76,33080.048765
99.607739,153,33080.874729
40.115307,113,33081.481096
39.140127,54,33081.764253
85.217427,162,33082.612633
45.014532,58,33082.912076
-12.197503,49,33083.164516
457.987454,510,33091.960367
45.58329,46,33092.217569
40.810854,81,33092.642414
12.362059,60,33092.96746
87.80597,88,33093.462453
51.574044,46,33093.713865
37.890261,57,33094.02633
34.375173,48,33094.27867
31.168144,68,33094.708591
27.49868,54,33095.014517
16.037994,52,33095.293119
108.674551,199,33096.430837
125.174495,149,33097.320782
82.423918,160,33098.274145
131.546426,226,33099.563901
41.220509,127,33100.275609
63.699842,263,33101.738423
147.998251,217,33108.960799
17.27899,78,33109.431373
95.09934,109,33110.042196
73.501729,148,33110.876685
130.344865,179,33111.889716
49.351585,108,33112.485598
67.081792,174,33113.450944
145.038264,191,33114.58145
40.103034,43,33114.837995
555.535742,600,33118.326374
87.529185,203,33119.479235
174.652401,223,33126.937435
149.393004,250,33128.25089
105.416026,125,33128.954145
46.976463,67,33129.356015
44.776068,72,33129.7876
121.33124,148,33130.670625
4.73374,49,33130.983272
471.289976,600,33134.738308
47.287385,62,33135.151255
39.440048,56,33135.539582
8.285302,62,33135.972427
222.439499,261,33137.497524
-2.162237,48,33137.739475
330.556068,448,33146.087273
20.07335,75,33146.495252
74.75807,73,33146.860486
38.688514,49,33147.122139
138.525826,162,33148.001777
324.163955,435,33150.437646
51.023842,57,33150.771839
160.393036,202,33151.84423
44.523077,52,33152.143912
41.23754,146,33152.938709
113.79542,182,33153.934911
282.101516,349,33161.910444
149.405568,203,33163.039261
456.315645,600,33166.461737
92.491693,116,33167.083023
41.767942,111,33167.722079
507.963411,600,33171.012866
7.245571,46,33171.298911
101.866477,119,33171.952839
97.970463,600,33181.405315
146.839931,213,33182.534069
27.271743,71,33182.935014
35.560321,64,33183.282542
28.736169,43,33183.516332
17.50854,68,33183.920998
346.699772,408,33186.158431
29.357612,179,33187.165574
42.902731,47,33187.440134
45.563161,45,33187.682121
74.81677,106,33188.253889
201.676068,600,33197.281217
39.701072,50,33197.546974
62.225335,91,33198.068213
46.915816,54,33198.368082
11.788418,600,33201.763311
151.514779,168,33202.739905
31.303569,131,33203.476064
114.273682,153,33204.292863
174.429615,253,33205.661015
54.972697,64,33206.004553
101.268155,144,33206.777986
102.566441,194,33214.106493
92.787911,181,33215.089033
122.429498,136,33215.840828
12.236328,60,33216.22648
212.289945,347,33218.399271
51.645336,56,33218.713949
40.324579,53,33219.001036
-9.809565,45,33219.229662
29.735843,119,33219.805458
50.563051,45,33220.034079
47.898292,84,33220.47454
96.10761,138,33221.241678
100.997846,189,33222.33421
9.3538,105,33222.904962
33.574558,78,33223.344182
575.206743,600,33232.747274
50.40822,67,33233.17227
130.58141,303,33234.984123
50.889249,49,33235.294437
49.39104,74,33235.705015
51.759303,117,33236.337879
11.244393,56,33236.663397
72.208546,600,33240.210434
169.478107,224,33241.435906
8.058033,75,33241.840721
109.331711,185,33242.873614
90.525739,600,33252.275731
101.374461,125,33253.00004
14.577546,64,33253.360084
493.176255,600,33256.91132
47.446127,134,33257.685508
12.072729,600,33266.862578
557.336744,600,33270.361218
61.958568,62,33270.703913
21.402898,151,33271.53601
366.795927,500,33274.422832
104.648729,141,33275.223877
32.807553,61,33275.568538
41.063293,117,33276.285359
126.852522,162,33277.247752
52.506243,58,33277.567517
4.562356,103,33278.105001
17.070869,57,33284.410461
35.497406,203,33285.496027
546.253771,600,33289.152795
121.457894,160,33290.047555
120.969586,154,33290.897929
582.269217,600,33294.219864
43.444463,54,33294.505878
-14.385867,64,33294.852211
109.521483,137,33295.630923
43.105738,46,33295.903597
33.553038,206,33303.082237
150.386859,173,33304.062609
33.364879,88,33304.536103
88.215346,154,33305.362864
125.935874,158,33306.200726
43.027162,47,33306.484441
97.514652,112,33307.175841
44.427533,49,33307.49639
7.509579,78,33307.986887
47.711673,55,33308.342921
98.890571,133,33309.169456
474.814923,600,33312.376046
179.432994,311,33319.90354
46.498819,58,33320.214328
53.686616,70,33320.621812
61.5547,100,33321.184727
48.528182,52,33321.454309
437.999668,600,33325.000349
43.977424,78,33325.469205
44.410491,57,33325.845889
509.836059,600,33329.196515
41.793848,49,33329.515124
25.920046,109,33330.237975
112.9193,149,33331.155495
81.918159,167,33337.753885
29.654547,126,33338.472468
151.288512,191,33339.532199
10.293463,83,33340.032326
92.470783,111,33340.631163
34.920638,62,33340.962109
8.161456,46,33341.230402
421.606355,552,33344.403278
471.451788,600,33347.967505
24.274611,600,33357.55264
43.188227,103,33358.089568
53.721628,49,33358.369075
185.830135,251,33359.671442
89.489881,405,33361.884122
141.112233,212,33363.038332
124.261748,254,33364.458247
47.133348,134,33365.170418
11.556527,56,33365.453283
10.546453,55,33365.739687
10.421302,110,33372.164681
102.819339,124,33372.830014
49.022937,160,33373.78201
180.637215,333,33375.928602
42.056302,116,33376.674391
30.461722,129,33377.483395
594.247225,600,33380.777733
76.060356,87,33381.244286
23.182648,57,33381.561427
129.306644,181,33382.524474
132.273963,178,33383.537351
386.019853,600,33392.958485
31.446672,75,33393.438375
434.802868,600,33397.281994
380.693148,600,33400.771782
98.449413,128,33401.482636
6.257012,79,33401.8841
47.33526,76,33407.965427
8.014131,56,33408.276951
441.552144,600,33411.5826
155.867808,235,33412.843303
41.935157,52,33413.121022
63.84756,75,33413.514737
-5.824936,45,33413.755727
96.739262,102,33414.317287
324.880963,452,33416.794178
43.300547,67,33417.159505
571.408682,600,33426.652472
558.882804,600,33430.071947
90.347817,134,33430.905554
92.528053,165,33431.951998
39.262186,76,33432.465271
143.478779,198,33433.678373
82.013327,155,33434.526264
49.845478,68,33434.929158
66.758104,77,33435.362726
462.492338,600,33444.65554
-15.805642,78,33445.089878
43.625579,56,33445.425471
45.191162,72,33445.838663
155.018755,263,33447.328882
55.466833,143,33448.141417
102.396407,128,33448.852244
42.1482,72,33449.271967
42.86121,78,33449.717298
-0.313569,58,33450.034107
141.654481,205,33451.232828
-3.100284,65,33451.599918
18.705917,59,33451.90907
133.954446,182,33452.910259
512.682738,600,33462.243914
25.566643,600,33465.753093
48.72743,102,33466.281821
43.20588,54,33466.579397
112.949429,128,33467.34226
18.363383,74,33467.759664
32.797034,71,33468.182248
146.987001,215,33469.43505
141.963145,190,33470.499405
5.001404,49,33470.746357
-11.707695,61,33471.068626
10.93642,600,33480.531667
54.894476,103,33481.084517
43.289149,62,33481.410187
39.977379,61,33481.74302
8.028153,52,33482.067445
204.426097,223,33483.291427
115.286869,144,33484.065182
-5.929439,61,33484.367235
55.069063,600,33488.039688
33.911212,71,33488.493681
124.114228,185,33489.586826
37.594077,64,33495.897506
53.127015,74,33496.328727
36.14984,69,33496.714027
60.38476,69,33497.106349
67.425171,126,33497.851825
3.132809,44,33498.12601
17.1025,61,33498.46602
111.838087,138,33499.207255
165.842159,202,33500.458354
70.333886,180,33501.564981
112.058536,146,33502.431122
60.557276,176,33503.424811
-1.974456,53,33503.717343
104.51523,132,33504.440197
57.382332,70,33504.795325
221.331795,316,33506.513187
573.858838,600,33515.893509
49.136821,44,33516.161769
546.147499,600,33519.416443
96.207865,256,33520.834347
48.334912,70,33521.251435
97.336386,128,33522.062328
15.790477,89,33522.587493
281.243173,337,33524.593964
37.100948,238,33531.63239
27.480103,83,33532.114393
2.08419,77,33532.554777
90.01781,113,33533.147037
28.921378,69,33533.553738
121.541883,162,33534.451337
9.294859,55,33534.768314
147.494638,200,33535.896029
91.87296,136,33536.657313
115.029358,169,33537.594245
9.855919,83,33538.049319
22.662941,112,33538.695316
22.512838,64,33539.052916
42.161639,51,33539.337051
45.027344,49,33539.612597
110.144961,148,33540.417163
124.821702,169,33541.308571
3.063578,53,33541.667569
76.64755,134,33548.414556
50.025021,84,33549.008592
132.071861,197,33550.444176
22.570234,93,33550.930611
96.474313,166,33551.852789
195.96999,435,33554.400453
30.604641,54,33554.695657
40.444889,93,33555.197881
121.748935,135,33556.007407
41.565953,50,33556.319887
40.87613,77,33556.786742
75.47552,145,33557.616271
100.450403,164,33558.472066
484.089458,600,33567.857557
1.387014,216,33569.106121
89.137167,254,33570.567846
11.571273,48,33570.847668
49.048643,90,33571.365942
116.292377,182,33572.409223
529.556,600,33576.00369
91.571567,128,33576.826942
529.156258,600,33586.328677
119.048263,170,33587.300466
39.836843,600,33590.596865
51.091906,374,33592.675379
18.332149,60,33593.024851
70.436737,85,33593.50303
149.341203,260,33594.917002
171.690582,221,33601.914204
8.710687,60,33602.25764
47.800338,60,33602.616824
88.535889,137,33603.398468
223.8019,305,33605.248086
37.795315,60,33605.582006
107.960224,138,33606.38756
44.751733,52,33606.682984
38.113808,135,33607.471153
39.209687,48,33607.737309
12.123235,58,33608.073862
141.471982,156,33608.942402
92.6662,155,33609.830176
547.769614,600,33613.200776
53.646641,56,33619.255849
37.388316,150,33620.215122
43.507204,51,33620.584055
43.585546,56,33620.916601
143.935491,382,33623.038276
41.631101,42,33623.304244
374.73211,585,33626.441216
21.536214,600,33629.913317
55.945834,84,33630.44324
153.546109,224,33637.556594
309.061199,390,33639.71246
94.412177,155,33640.670916
48.824122,600,33644.29194
45.330369,105,33644.953599
134.439374,163,33645.837816
543.225219,600,33654.918871
144.632505,199,33656.075726
47.721219,62,33656.486374
74.104933,139,33657.247014
53.932899,65,33657.597422
-1.812592,52,33657.890339
57.917112,134,33658.615041
194.384614,243,33660.026571
99.851788,137,33660.770517
15.579466,147,33661.669993
38.497382,70,33662.100634
48.62002,54,33662.468268
31.615526,130,33663.319188
4.342972,52,33663.648786
162.612468,296,33665.352716
43.335974,600,33674.951531
377.314175,600,33678.2722
-8.111241,47,33678.532082
107.329739,161,33679.410434
516.514927,600,33682.78391
125.980283,218,33689.904315
544.234676,600,33693.39796
458.568034,600,33696.978451
57.762102,59,33697.381963
394.005074,600,33700.699486
31.623741,60,33701.010366
42.605671,96,33701.519408
4.066447,47,33707.620894
82.128183,117,33708.226313
60.473802,180,33709.287104
17.594487,64,33709.696281
130.329416,168,33710.811454
26.600648,67,33711.215434
394.991998,600,33714.757034
306.179259,376,33716.835369
146.208364,217,33718.126966
150.111342,219,33725.433906
88.563545,164,33726.450605
44.823804,113,33727.107395
80.2955,116,33727.822456
79.409069,119,33728.576636
16.433703,92,33729.175026
39.640633,147,33730.020423
55.34504,62,33730.393558
229.637335,365,33732.540244
71.666708,112,33733.203119
7.193575,55,33733.513278
-0.652148,46,33733.809853
45.886026,63,33734.175329
134.705931,178,33735.228727
30.691252,65,33735.59361
50.066687,65,33735.931263
9.715231,99,33736.475095
66.454075,87,33736.970793
550.814265,600,33746.405731
16.536687,57,33746.714974
43.771164,46,33746.953045
45.497602,45,33747.186495
4.884921,44,33747.422311
449.098789,600,33750.799376
37.588322,62,33751.188759
9.47172,88,33751.741259
49.289657,50,33752.053878
138.545418,329,33754.051357
38.956906,46,33754.329001
43.026468,66,33754.7318
43.133178,51,33755.047749
363.362424,600,33764.10696
40.00969,46,33764.36941
40.871923,47,33764.636109
43.427606,52,33764.957999
10.185915,97,33765.561345
52.97448,53,33765.916634
46.031434,42,33766.19329
34.182893,198,33767.461676
15.795325,56,33767.78439
483.000797,600,33771.283484
180.063682,206,33772.542147
36.694382,64,33772.932822
43.368638,68,33779.226083
41.318878,78,33779.7335
116.951176,201,33781.042618
13.014366,49,33781.386266
66.024272,76,33781.839983
0.0,600,33785.494881
-18.65561,60,33785.873126
48.081745,56,33786.208705
202.468295,284,33788.070516
41.196023,48,33788.350964
30.629397,230,33789.595572
43.897107,66,33789.976461
19.051168,57,33790.332913
54.29556,61,33790.724442
568.510575,600,33800.172068
174.978257,200,33801.318472
1.170336,51,33801.593165
55.298267,106,33802.158616
47.538276,55,33802.458998
81.679705,189,33803.525127
11.318023,50,33803.792733
82.172738,130,33804.534157
59.071648,110,33805.164803
65.657678,123,33805.876426
52.072351,60,33806.230479
12.383294,59,33806.570966
490.335931,600,33816.341533
56.953245,68,33816.71213
48.759714,43,33816.961881
46.809506,61,33817.276256
44.687115,45,33817.514127
287.160503,336,33819.31952
15.463019,600,33822.706531
565.524477,600,33826.063806
81.524821,139,33826.775458
174.122111,212,33833.886008
93.323008,149,33834.773517
36.443807,51,33835.103593
63.775666,139,33835.959458
47.124837,65,33836.375343
46.843232,79,33836.853044
532.952869,600,33840.000239
-5.850363,53,33840.29894
79.830441,113,33840.94202
54.886689,90,33841.472306
43.077361,156,33842.322087
33.590958,44,33842.551171
79.350355,129,33843.236556
32.256161,54,33843.561587
103.348293,148,33844.404493
137.846925,182,33851.54132
40.322742,66,33851.90044
18.780981,199,33853.02686
57.19722,57,33853.312299
110.059899,167,33854.182223
89.501939,177,33855.126071
40.229402,130,33855.798626
10.308412,208,33856.975869
50.029141,54,33857.299781
43.093102,63,33857.678563
78.909817,122,33858.388875
55.675298,50,33858.700402
123.91619,204,33859.860646
435.810401,600,33869.172403
456.827119,600,33872.652098
3.892666,118,33873.366958
46.974433,61,33873.722628
53.111349,79,33874.183779
47.032745,66,33874.577092
123.376959,183,33875.555502
-5.68601,84,33876.017933
45.704244,45,33876.261039
124.908909,179,33877.190625
47.416023,92,33877.679677
136.725322,177,33878.679406
17.463026,101,33879.215179
131.565539,220,33886.293448
9.409781,600,33889.741076
50.010745,47,33890.03591
89.696148,125,33890.78481
26.017561,119,33891.569125
50.459157,50,33891.928027
48.779989,129,33892.810774
-8.094739,117,33893.520176
47.708002,45,33893.780819
3.340827,85,33894.279782
42.549663,276,33895.817793
82.961084,104,33896.395137
57.187871,84,33896.860247
380.025685,576,33906.276391
361.146112,600,33909.489419
51.593518,57,33909.787779
50.586552,600,33913.248482
91.519914,122,33914.026845
39.791918,70,33914.407287
122.2111,177,33921.387688
-8.651653,54,33921.687809
86.713828,229,33923.020206
43.876498,52,33923.338636
7.596012,56,33923.663882
108.102625,135,33924.413339
56.586345,110,33925.024425
23.420038,54,33925.344166
386.720394,457,33927.902267
136.951756,180,33929.001016
44.714221,47,33929.28662
43.576047,91,33929.834499
89.354575,139,33930.597675
27.143855,156,33931.438422
47.528634,76,33931.859821
67.888496,144,33938.793773
467.68504,600,33942.182236
29.265017,102,33942.738403
544.950213,600,33946.143079
22.038187,600,33949.649673
37.428263,115,33950.314471
37.429781,55,33956.593575
5.685517,84,33957.03311
40.977657,42,33957.248827
179.047602,234,33958.502432
73.997207,122,33959.132785
46.45696,103,33959.685119
104.75906,160,33960.538414
46.46414,54,33960.867408
33.425541,77,33961.288877
382.544194,478,33963.809713
38.378218,70,33964.19973
47.479017,45,33964.435397
19.003615,157,33965.328603
37.713796,66,33965.708356
37.370016,58,33966.053674
528.594415,600,33975.479582
47.006567,50,33975.793294
528.749746,600,33979.27116
109.838084,199,33980.471405
55.959399,55,33980.800834
34.302984,60,33981.158971
333.394654,369,33983.319272
103.193998,133,33984.098572
525.096978,600,33993.337183
38.814628,57,33993.667334
360.656129,480,33996.339691
66.762102,255,33997.804296
46.677437,71,33998.24894
119.792848,222,33999.693793
26.571931,68,34000.117689
44.310298,77,34000.593586
65.133123,116,34001.28034
14.284361,48,34001.579082
57.535511,53,34001.898756
62.655668,87,34002.402493
54.859438,191,34009.373239
436.475248,600,34012.911849
113.324571,162,34013.762201
101.74555,213,34014.946342
401.771993,447,34017.474152
17.210022,54,34017.752972
-5.692448,53,34018.040636
46.3917,55,34018.358864
255.815834,314,34020.051071
7.098719,82,34020.497921
46.103151,63,34027.008849
518.466683,600,34030.283758
237.428998,370,34032.396362
19.305338,600,34035.779486
120.582459,600,34045.07039
533.671565,600,34048.413491
559.463645,600,34051.824028
17.588272,84,34052.305049
54.423892,47,34052.593676
40.756291,51,34052.897414
58.593711,71,34053.305129
50.83679,63,34053.649998
210.813451,283,34055.118028
401.919854,600,34064.509916
119.958637,211,34065.697125
11.488978,52,34066.029198
70.931576,76,34066.509546
44.515044,61,34066.888505
40.377204,61,34067.26804
144.659544,208,34068.497291
38.170238,77,34068.980838
57.055823,78,34069.413973
142.333145,388,34071.669619
72.229944,109,34072.311198
45.70264,54,34072.637411
285.317674,600,34082.185271
17.687881,48,34082.465126
93.572908,154,34083.360972
49.2087,52,34083.667597
565.097733,600,34087.129904
15.877697,48,34087.406358
51.235374,66,34087.776568
445.094683,600,34091.08132
-5.139432,47,34091.328431
102.424937,129,34097.886121
15.706304,93,34098.406389
30.147457,68,34098.805413
47.01372,65,34099.18101
544.076064,600,34102.547823
427.80703,559,34105.797576
39.492394,52,34106.08454
29.314775,99,34106.661531
379.039224,421,34115.349164
116.234918,155,34116.246169
43.024203,45,34116.532332
193.310333,246,34117.910402
52.551946,55,34118.200004
43.006587,105,34118.740625
44.580332,71,34119.118172
93.301273,160,34119.939075
39.229134,44,34120.178424
131.199617,189,34121.211769
42.011499,52,34121.512499
38.102264,55,34121.820171
22.200369,84,34122.2808
33.768443,46,34122.542108
53.297793,71,34122.954583
448.896633,600,34126.56277
25.40082,600,34135.795418
311.418917,394,34138.16288
109.775914,196,34139.199836
44.166006,64,34139.534955
-0.848663,76,34139.92946
444.226844,600,34143.496684
59.414833,71,34143.895943
85.779326,94,34150.321387
36.05494,61,34150.66183
107.54503,187,34151.726105
51.240932,119,34152.371746
67.087094,96,34152.915446
46.323323,77,34153.3576
37.260368,600,34157.081868
42.601848,49,34157.334649
12.340893,54,34157.631078
133.609822,184,34158.608138
47.990888,75,34159.007727
354.617588,462,34161.560431
16.680304,54,34161.838602
508.336414,600,34171.449986
50.674982,70,34171.882789
58.152303,159,34172.893278
9.77425,47,34173.180592
94.106548,106,34173.762957
94.593696,162,34174.623585
-8.958865,185,34175.61229
195.582078,600,34178.973496
7.054566,103,34179.515795
78.409062,139,34186.196143
33.517666,52,34186.477294
90.237747,191,34187.55419
-3.345086,46,34187.812096
10.328007,46,34188.05675
35.374865,66,34188.43437
55.845805,53,34188.737372
43.311099,65,34189.096268
27.31761,45,34189.34358
390.305728,512,34192.158672
191.687282,351,34194.04272
48.885885,53,34194.317146
87.376719,114,34194.921268
78.887323,195,34195.973421
12.491842,84,34196.411817
78.463921,600,34206.024764
47.518253,64,34206.405046
3.405001,51,34206.69043
40.087312,54,34206.999809
276.659398,340,34208.868417
132.272633,227,34210.148093
-8.207199,46,34210.417883
70.026596,84,34210.871742
112.776949,131,34211.595418
142.895731,199,34212.674549
38.536578,48,34212.930501
139.511199,190,34214.071993
185.02555,280,34221.757908
37.406171,47,34222.044957
510.794722,600,34225.263258
45.583588,44,34225.510791
538.463187,600,34229.176651
56.380053,111,34229.942593
13.066411,50,34230.284836
46.286938,103,34230.91905
94.06313,600,34240.485925
44.681264,46,34240.752891
559.405192,600,34244.058825
114.578571,139,34244.775906
1.189172,118,34245.386932
32.081946,45,34245.636278
34.567302,70,34245.998228
51.436709,86,34246.451891
56.411227,600,34249.907748
45.942404,90,34256.719737
29.044422,68,34257.131025
23.97451,600,34260.672783
517.397337,600,34263.926989
-3.495564,127,34264.644234
270.247885,360,34266.511931
436.787398,600,34275.483505
-7.712224,83,34275.934924
46.496469,44,34276.164743
9.174095,67,34276.539431
127.495563,155,34277.373567
118.164257,172,34278.286593
507.889821,600,34281.666882
-0.332392,48,34281.947095
62.76784,128,34282.71135
36.600217,137,34283.533295
49.602408,56,34283.838937
19.226986,59,34284.169436
21.634692,238,34291.510999
27.489134,47,34291.772608
488.885024,600,34295.032565
441.767423,600,34298.313641
375.20716,600,34301.662987
51.085708,58,34301.973295
523.6579,600,34311.495522
82.669026,222,34312.822081
100.777995,118,34313.524777
562.336722,600,34316.949161
110.48877,600,34326.13169
62.356774,107,34326.744747
49.408189,132,34327.514208
39.677186,45,34327.793224
57.736615,116,34328.497844
8.653957,50,34328.819632
-4.316206,84,34329.341927
30.70839,100,34329.970314
282.829386,359,34331.983586
70.777874,78,34332.416252
40.643219,50,34332.709926
12.126272,53,34333.001329
510.869083,600,34336.550791
70.553608,88,34337.034163
122.513213,254,34344.385049
54.267423,121,34345.034972
32.645977,62,34345.361851
13.667916,61,34345.706743
495.656937,600,34349.066118
25.990753,119,34349.718485
-7.942085,49,34349.999992
-3.381917,65,34350.360447
-12.4864,59,34350.692718
43.992228,54,34351.022835
139.838017,172,34352.008893
120.126095,172,34352.961111
15.898403,110,34353.590573
474.066602,600,34363.334003
127.227546,157,34364.290962
94.056292,140,34365.069963
41.595566,69,34365.473662
34.53233,79,34365.893341
-0.746672,124,34366.56757
44.712451,65,34366.916943
38.183438,44,34367.185061
31.342884,96,34367.735296
46.527977,51,34368.021761
8.01857,59,34368.338047
105.353458,143,34369.148202
127.262141,187,34370.158291
167.556318,600,34379.473217
15.673312,65,34379.827965
210.859738,288,34381.374473
329.064739,477,34383.953316
49.686714,64,34384.319359
44.451503,75,34384.760401
34.253524,74,34385.174233
86.126186,197,34386.211533
123.245446,228,34387.450591
62.545798,192,34388.596171
68.870012,74,34389.117804
37.060578,101,34389.864771
52.336246,61,34390.324173
528.977975,600,34399.73713
60.917395,147,34400.609834
64.093405,71,34401.03334
454.602566,600,34404.311821
14.760651,600,34407.6656
509.542667,600,34417.177208
-5.800424,73,34417.618924
298.46834,322,34419.587374
20.34942,68,34419.950351
8.793431,61,34420.287189
130.306583,159,34421.130979
538.895719,600,34424.359815
42.89755,76,34424.751662
39.220771,56,34425.063368
106.12116,134,34425.856456
29.914327,71,34432.475543
109.859859,122,34433.157989
81.041818,186,34434.168221
58.98442,81,34434.587569
530.705219,600,34438.268957
43.104671,51,34438.568042
81.540857,238,34439.886818
321.69263,370,34442.022586
80.99044,185,34443.092779
43.846068,54,34443.394313
93.421711,111,34450.10244
47.1538,44,34450.377055
439.046935,600,34453.792591
41.045394,143,34454.542929
46.65238,84,34455.013263
34.221331,51,34455.271498
42.918909,47,34455.55108
39.691942,101,34456.13356
83.640564,135,34456.913287
54.291007,80,34457.398592
117.851089,232,34458.651294
49.879307,75,34459.062641
42.968467,47,34459.330947
40.176202,182,34460.35229
148.717914,174,34461.266551
91.972696,147,34467.996461
44.062601,74,34468.417041
19.758826,52,34468.709424
54.541169,53,34469.002062
460.633791,600,34472.262959
35.139331,57,34472.560951
231.018184,600,34475.781678
34.901271,64,34476.128734
530.637629,600,34485.323145
53.548943,103,34485.947103
98.218133,306,34487.731714
86.753777,224,34489.114673
49.029885,50,34489.384955
258.263091,356,34491.285072
36.743947,59,34491.615441
45.010603,65,34491.967208
34.808717,113,34492.594191
48.579229,54,34492.894585
31.241365,196,34494.104545
44.649518,58,34494.486295
91.570415,157,34495.517187
112.851203,201,34502.727509
35.261696,56,34503.004029
59.013426,192,34504.09855
88.562686,600,34507.559224
9.045012,59,34507.927376
65.387579,77,34508.355341
42.539083,52,34508.666375
127.052451,215,34510.038953
84.149213,600,34513.467319
379.964567,600,34522.796683
29.388692,64,34523.191481
486.30833,600,34526.428331
43.02858,46,34526.705437
59.785035,86,34527.23736
43.143046,53,34527.571562
83.353447,123,34528.30614
44.25402,49,34528.617403
50.951655,59,34528.998585
32.620462,54,34529.353093
68.906256,158,34530.227924
34.189843,600,34540.132055
301.236384,600,34543.435204
533.661731,600,34546.943735
40.049426,61,34547.278821
33.249616,600,34556.615548
107.08893,148,34557.40127
96.634279,172,34558.383729
522.38425,600,34561.936861
90.092806,134,34562.654624
45.705184,47,34562.931847
25.939575,44,34563.172684
40.88079,44,34563.432474
26.771095,60,34563.803436
37.175862,538,34567.143362
4.637705,52,34567.494771
14.310255,600,34576.915064
-7.135972,600,34580.327186
107.403013,152,34581.208056
147.235868,264,34582.684909
537.326152,600,34591.844661
21.755011,73,34592.326882
-6.072629,46,34592.619201
91.951245,188,34593.85449
22.4955,104,34594.504657
22.100527,61,34594.883753
83.993211,126,34595.635031
49.304869,64,34595.991272
273.854201,344,34598.088025
11.686879,54,34598.3779
226.288336,314,34600.154325
154.637165,229,34601.448804
120.95314,202,34602.553736
43.757047,82,34602.982861
47.750954,54,34603.267969
29.108472,57,34609.366004
485.390819,600,34612.8748
533.260707,600,34616.105125
-2.745994,61,34616.439381
69.831943,68,34616.850113
79.020127,600,34620.398645
48.793872,64,34620.770688
97.404055,122,34627.338472
88.128948,169,34628.282374
15.652286,65,34628.632596
156.767093,198,34629.665296
54.700624,165,34630.526128
53.305462,50,34630.816549
121.70873,204,34631.92099
43.035686,50,34632.186176
535.583219,600,34635.737073
192.757127,240,34637.035368
587.663855,600,34646.208017
485.900187,600,34649.43546
34.864819,45,34649.672804
60.324383,218,34650.899724
56.409381,121,34651.593214
192.121919,219,34652.747448
16.54742,64,34653.095737
111.911242,143,34653.873868
83.482893,115,34654.52222
167.670008,197,34661.76879
46.747388,56,34662.090874
43.751574,40,34662.324411
545.167707,600,34665.839889
8.944897,56,34666.163085
28.491023,46,34666.451522
42.932468,600,34670.016916
25.095521,46,34670.260985
120.614524,211,34671.381487
50.105086,53,34671.665248
41.212677,46,34671.917449
491.291964,600,34681.552679
87.007412,214,34682.725514
43.683257,85,34683.26315
43.810152,93,34683.832964
427.443331,600,34687.176003
41.735438,50,34687.424211
154.176899,306,34689.061038
12.498653,55,34689.363585
99.924322,117,34690.044493
16.799377,54,34690.355387
55.565868,600,34699.797132
14.303933,59,34700.120046
3.640003,46,34700.396882
178.946391,254,34701.806104
578.254382,600,34705.30751
22.632804,160,34706.300677
57.404227,64,34706.688683
93.953747,145,34707.418944
131.590647,207,34708.652674
43.55619,194,34715.853446
40.778066,65,34716.265901
289.834699,600,34719.533847
75.642098,168,34720.449529
-4.480599,46,34720.68857
39.969608,119,34721.36489
494.667399,600,34724.627613
97.65804,600,34734.307262
43.2976,45,34734.585036
28.611738,600,34737.94545
58.046579,101,34738.554412
132.576446,172,34739.510414
72.379282,169,34740.463442
71.82929,72,34740.849287
45.205836,82,34741.285526
219.864164,324,34743.033331
527.589798,600,34752.491038
571.841225,600,34755.873129
44.865835,43,34756.15998
57.026357,133,34757.051924
562.656844,600,34760.594233
18.008716,600,34769.845767
-7.901989,110,34770.434664
47.921499,48,34770.691895
16.232832,87,34771.140875
50.869589,77,34771.576376
-3.244663,52,34771.86139
421.212668,600,34775.184718
13.54766,50,34775.471262
138.530085,176,34776.470354
35.374187,45,34776.722632
47.147623,600,34785.999641
13.376982,74,34786.460724
391.201028,600,34789.803492
45.152303,600,34793.542211
-5.653615,56,34793.85173
23.779117,68,34794.225525
60.481116,57,34794.528001
30.805899,65,34794.898691
344.765193,413,34803.072205
129.03366,177,34804.042376
83.223044,185,34805.17765
94.326824,146,34806.05882
117.688173,260,34807.568919
46.508649,54,34807.870553
159.272195,269,34809.488326
64.568117,147,34810.277745
230.906313,286,34811.78098
46.722501,74,34812.173353
168.11271,215,34813.362459
189.952051,263,34820.61882
92.02642,148,34821.509731
70.594531,117,34822.109574
170.239733,264,34823.565043
90.808831,181,34824.617019
175.166255,226,34825.868633
21.772642,53,34826.152905
48.131712,46,34826.399718
49.812326,53,34826.680816
580.751451,600,34829.921304
480.552116,600,34839.40581
-11.060208,138,34840.172103
44.456452,295,34841.811761
50.992465,68,34842.170867
44.133171,132,34842.895096
92.519988,196,34844.026577
128.843293,172,34845.012467
-2.682789,48,34845.287876
49.861422,66,34845.657435
72.099662,133,34846.357877
56.293403,67,34846.705159
30.765197,59,34847.017812
6.674896,94,34847.530062
52.353288,58,34847.842406
569.337666,600,34857.057759
20.59285,209,34858.337053
73.376532,155,34859.316276
76.154348,600,34862.823511
43.375694,51,34863.120308
39.703299,40,34863.360202
96.626621,200,34864.539118
38.465651,54,34864.839672
11.055142,600,34873.934733
157.146051,213,34875.160933
73.813901,179,34876.180536
159.562274,242,34877.528652
52.966025,48,34877.796646
102.739751,183,34878.740001
228.228187,318,34880.493229
-11.938744,46,34880.750704
392.662076,489,34883.51549
365.84574,498,34892.376712
52.509232,68,34892.772603
50.829492,50,34893.06526
29.427017,104,34893.787581
41.51535,123,34894.522188
29.314012,46,34894.807538
45.802254,75,34895.228163
117.44465,155,34896.125002
542.219822,600,34899.445076
131.551925,163,34900.44687
34.719776,156,34901.475019
549.163521,600,34910.971831
57.485518,65,34911.367315
46.968874,52,34911.695993
44.809559,49,34911.991554
124.037436,223,34913.294401
159.869602,379,34915.466623
3.201335,49,34915.725993
44.241357,67,34916.072732
517.423473,600,34919.478928
32.545853,63,34925.971578
24.440223,93,34926.482243
39.643464,47,34926.746761
576.739252,600,34930.088562
40.901695,281,34931.68475
121.868479,182,34932.702414
457.416329,600,34936.034929
47.078951,64,34936.376742
155.87665,175,34937.288396
-1.260354,146,34944.110072
51.888536,48,34944.377592
397.898994,600,34947.750105
48.455763,70,34948.116345
83.135827,181,34949.05847
33.054298,49,34949.298551
12.069971,52,34949.576725
153.621763,222,34950.804587
161.909826,222,34952.17555
179.85126,254,34953.661573
46.896561,55,34953.969213
52.506785,69,34954.329062
76.560159,218,34961.545455
94.35348,600,34965.047157
9.337431,50,34965.329517
45.023378,101,34965.95924
39.833603,64,34966.36131
-10.813643,70,34966.796691
31.970965,600,34970.365898
290.522029,407,34972.631318
148.969853,195,34979.819597
32.432358,49,34980.116836
30.754241,112,34980.743906
54.80048,47,34981.011363
253.338608,311,34982.71533
14.642217,65,34983.082348
71.441742,184,34984.216839
18.620563,72,34984.704804
158.420905,203,34986.053551
71.738299,99,34986.627206
515.76672,600,34990.151707
19.629661,100,34990.724923
149.664496,205,34997.701516
478.425582,600,35001.156602
40.957117,44,35001.441624
97.314732,170,35002.407426
93.348138,600,35005.949406
520.035855,600,35015.20603
457.614284,600,35018.596641
126.867198,215,35019.848538
72.588152,126,35020.53919
47.899699,43,35020.794231
48.028393,62,35021.154499
59.71804,58,35021.507758
-8.031993,600,35025.191622
465.981721,600,35035.047167
496.768417,600,35038.569394
40.369656,113,35039.21622
99.577759,184,35040.240414
46.504647,69,35040.690682
551.427791,600,35044.136939
5.421467,271,35051.768442
30.5982,73,35052.259841
59.704285,70,35052.706504
176.960823,251,35054.227797
12.505182,55,35054.599161
46.050745,60,35054.993908
42.040929,59,35055.366848
-7.540077,45,35055.659962
35.74161,61,35056.059251
136.209083,151,35056.997863
203.048524,226,35058.193379
112.761743,206,35059.262968
3.701484,69,35059.620565
87.232534,179,35060.580415
24.161253,69,35060.974967
546.727298,600,35070.444679
155.438409,316,35072.31567
35.635747,600,35075.923599
30.446639,53,35076.256594
44.178926,48,35076.520947
552.165711,600,35079.935758
173.891001,223,35086.9579
543.401565,600,35090.323542
58.972103,57,35090.649754
150.480678,189,35091.661399
526.297697,600,35094.973592
43.578373,58,35095.301247
-0.90161,46,35095.552186
141.837363,215,35096.70695
3.845372,45,35096.949585
5.229325,46,35097.192455
32.828829,67,35097.552413
43.052639,173,35104.544902
96.653097,259,35105.971689
507.027579,600,35109.329551
375.550643,600,35112.595166
522.163911,600,35122.125277
141.051369,176,35123.04873
126.22705,192,35124.116684
22.825312,79,35124.564874
-1.112191,49,35124.867447
16.506006,59,35125.232599
36.835639,172,35126.293959
79.645034,143,35127.103233
46.216697,44,35127.362024
42.312957,52,35127.643211
43.446867,68,35128.032742
22.357459,600,35131.532949
98.507874,167,35132.430469
509.197974,600,35141.64005
44.109279,53,35141.926929
130.24628,191,35143.109606
166.603182,220,35144.432097
19.203609,55,35144.778968
418.93348,515,35147.640544
151.105349,216,35148.79217
554.163439,600,35158.3924
45.158986,65,35158.77218
66.777238,147,35159.651783
7.338948,84,35160.159108
21.494672,600,35163.573276
117.036434,203,35164.748398
529.0492,600,35168.307189
14.23347,83,35174.588583
160.873374,221,35175.853713
42.676303,46,35176.115158
46.492552,76,35176.563837
45.051441,43,35176.805738
90.524507,182,35177.814117
175.736107,215,35178.97648
7.796816,59,35179.309087
90.65328,116,35179.991274
151.139475,240,35181.338047
55.502515,184,35182.405068
526.5497,600,35185.8439
52.058825,76,35192.21676
129.551024,223,35193.521369
116.62915,228,35194.744965
531.740037,600,35198.114956
40.298759,128,35198.853049
98.495007,600,35202.265516
9.499567,49,35202.577082
524.409258,600,35212.14771
42.199592,45,35212.405147
97.160492,153,35213.264318
58.101837,69,35213.65922
18.949026,60,35214.005148
91.829727,179,35215.055285
31.327576,53,35215.386315
38.020232,55,35215.722006
68.864788,114,35216.435832
113.7335,152,35217.375499
31.98046,93,35217.925069
7.405797,48,35218.213991
21.655946,54,35218.534985
133.774972,273,35220.090279
3.111376,600,35229.51916
84.055512,134,35230.2399
4.620643,113,35230.870473
52.689675,62,35231.221716
46.033481,47,35231.501987
95.610461,148,35232.357899
49.255776,49,35232.66476
53.76757,78,35233.14503
50.80278,88,35233.655989
147.318876,367,35235.784479
53.499988,137,35236.534472
2.27864,45,35236.796056
84.313837,124,35237.48404
15.26491,58,35237.812985
53.953015,57,35238.129447
48.181842,49,35238.4
512.620251,600,35247.692198
7.199471,58,35248.021246
591.218607,600,35251.484843
187.735307,243,35252.803048
28.748902,54,35253.0956
204.251698,273,35254.501911
146.00501,600,35264.07269
78.794991,98,35264.614989
21.153695,244,35265.93435
4.677203,111,35266.611738
20.756593,164,35267.597766
111.799186,175,35268.642619
151.449605,203,35269.850596
398.904456,600,35273.410033
57.736025,118,35274.196983
49.532843,63,35274.588431
193.409469,273,35282.259216
92.454559,154,35283.280747
12.387548,390,35285.453791
189.079429,338,35287.34213
81.427068,161,35288.249352
32.654385,85,35288.744967
36.969884,71,35289.138853
272.3436,600,35292.976883
-1.857124,103,35299.638935
49.651432,64,35300.05413
144.90713,200,35301.275069
58.848215,96,35301.927542
83.334911,148,35302.86663
196.196865,245,35304.421306
58.519516,112,35305.053363
34.533833,105,35305.629715
53.052152,55,35305.956264
34.715359,78,35306.434534
46.916485,95,35307.007249
43.287834,103,35307.604345
-2.323429,61,35308.01418
187.15047,268,35309.650361
20.474341,79,35310.13686
396.966902,530,35318.916446
-3.419223,130,35319.67592
40.107925,92,35320.228291
6.388308,51,35320.520083
29.326031,60,35320.862785
-12.229905,77,35321.29756
41.384717,65,35321.648484
34.07089,69,35322.057311
263.939058,372,35324.197812
30.843912,104,35324.829208
517.884983,600,35328.433019
136.946923,186,35335.344706
49.834859,54,35335.640309
15.025387,64,35335.985372
63.81141,154,35336.90752
190.850256,600,35340.389518
8.072771,58,35340.77277
28.655809,114,35341.471413
39.039899,110,35342.211528
87.525961,101,35342.847323
14.11331,61,35343.277349
138.458459,264,35344.804233
27.01082,99,35345.323451
131.952426,171,35346.293841
489.137084,600,35356.060004
10.167948,79,35356.517871
44.908777,86,35356.965344
511.633546,600,35360.445768
44.38232,52,35360.771719
127.162076,256,35362.229283
133.262538,197,35363.569291
46.117372,65,35364.016186
47.813795,43,35364.305782
36.59393,127,35365.192491
150.100123,181,35372.192049
70.878017,130,35372.879961
50.671174,46,35373.139656
85.352292,171,35374.229012
98.323531,198,35375.519255
541.1646,600,35378.90501
35.383095,83,35379.323852
47.069243,57,35379.650591
13.53981,55,35379.956344
40.404607,45,35380.205105
44.556409,89,35380.720179
42.10809,71,35381.102838
28.592622,600,35390.65615
38.283129,171,35391.609687
87.645097,123,35392.327454
127.862278,172,35393.280041
163.949996,600,35396.713814
28.966255,46,35396.989913
12.798898,600,35400.337478
-4.488319,58,35400.656802
4.110647,57,35400.98658
72.179948,70,35407.435215
13.539315,499,35410.143455
178.551526,209,35411.495622
-11.217265,45,35411.792117
72.248995,144,35412.679281
-20.541245,120,35413.36965
90.345817,160,35414.260583
84.63073,120,35414.960622
12.723019,70,35415.379936
111.650593,185,35416.490473
488.101746,600,35426.294706
84.044509,163,35427.295473
131.007348,156,35428.202111
129.527227,159,35429.121935
10.070411,56,35429.457196
49.647845,69,35429.88732
45.382691,102,35430.498966
-19.655932,130,35431.270273
54.173665,65,35431.657681
109.499899,177,35432.699055
22.368612,91,35433.232513
107.823498,144,35434.049631
39.105768,61,35434.40263
297.854,370,35436.657591
329.806289,383,35445.176724
41.665347,91,35445.725319
76.487741,159,35446.649088
39.796711,53,35446.961925
501.238188,600,35450.559072
2.704395,58,35450.901451
153.135078,285,35452.56481
51.658268,58,35452.94132
153.982232,221,35454.407935
75.926511,129,35455.257793
120.103681,139,35456.194557
41.900534,57,35462.647223
141.498699,225,35463.924799
60.05417,77,35464.382218
-6.381947,45,35464.644346
498.202511,600,35468.160381
8.837929,52,35468.469218
1.766676,600,35472.415052
27.194545,323,35474.536854
149.010367,228,35482.009959
-10.673691,101,35482.659067
31.169128,600,35486.61948
377.957374,600,35490.161762
298.681701,422,35492.678482
45.336382,96,35493.223735
32.006909,58,35493.585039
40.954515,58,35493.96756
36.367662,81,35500.514212
503.130563,600,35504.54955
9.873549,57,35504.91402
29.22193,101,35505.540964
36.264385,52,35505.87334
38.184059,219,35507.235452
111.95028,600,35510.848835
1.770837,59,35511.204448
79.84519,250,35512.651612
66.444117,62,35519.039685
40.236915,136,35519.81074
93.463453,171,35520.786246
77.940447,125,35521.49226
10.609252,60,35521.842241
77.793455,72,35522.268378
42.706674,142,35523.086794
110.369125,134,35523.839184
57.994223,74,35524.279058
-14.208296,69,35524.737466
21.025744,48,35525.043308
44.588709,72,35525.543467
155.941864,323,35527.714291
237.188607,345,35529.860458
536.890869,600,35539.580016
38.914208,177,35540.660182
36.617064,51,35540.968221
45.991351,56,35541.300522
33.737143,44,35541.558282
12.802904,600,35545.567562
45.76004,71,35546.030197
112.358335,600,35549.872534
515.138977,600,35559.49469
233.519371,298,35561.441648
42.479834,62,35561.868864
138.696917,194,35563.265426
28.868042,54,35563.677593
39.300384,61,35564.094877
27.466159,111,35564.736838
68.593694,81,35565.209817
61.912747,73,35565.636606
50.26179,83,35566.144501
13.741753,72,35566.574858
42.837163,45,35566.839472
33.325514,40,35567.08291
40.488661,46,35567.377097
122.353902,600,35577.343628
335.321934,455,35580.188224
492.577999,600,35584.042468
521.82661,600,35587.645527
118.591294,170,35594.8252
180.405851,278,35596.666941
104.539608,600,35600.813375
157.980506,226,35602.353456
386.251225,600,35606.148247
71.944299,89,35606.647609
155.230838,242,35614.16801
45.316847,47,35614.466147
44.098705,71,35614.924701
172.533119,222,35616.219918
12.349666,55,35616.551369
52.798756,94,35617.126966
42.497211,82,35617.682318
578.434553,600,35621.554795
19.119275,82,35622.104213
37.768653,81,35622.648623
152.758901,216,35624.160798
57.020232,71,35624.596359
34.374027,58,35624.957979
90.75422,118,35625.619236
109.558493,164,35626.571003
280.649248,490,35635.825613
51.882306,72,35636.256643
48.400162,92,35636.796035
-6.38654,68,35637.20315
420.988723,600,35641.047547
19.393973,112,35641.726657
41.563261,50,35642.01762
12.783281,102,35642.61474
8.15214,120,35643.33548
105.143677,148,35644.188009
42.401356,49,35644.459344
16.24163,67,35644.845063
40.133944,45,35645.101182
41.186921,60,35645.496979
85.107553,600,35655.353699
530.754052,600,35659.119709
43.810056,138,35660.036151
43.355971,89,35660.622573
44.135876,61,35661.052708
117.773223,230,35662.601019
12.448017,56,35662.939156
27.884045,74,35663.370891
43.941173,50,35663.656157
550.450048,600,35673.215978
97.288291,600,35676.905004
17.588408,74,35677.338169
50.485864,61,35677.747498
83.559096,110,35678.38595
17.523813,114,35679.070741
41.564062,52,35679.420589
511.87184,600,35683.201255
31.769939,123,35689.861408
52.001658,96,35690.412993
7.230005,52,35690.732897
46.259428,61,35691.082058
35.565384,42,35691.361913
83.44818,191,35692.507769
431.700445,600,35696.461023
52.951764,179,35697.558835
66.67657,187,35698.68209
47.566597,600,35708.228503
408.465836,600,35711.761242
108.599292,147,35712.588545
-1.190279,47,35712.876776
61.243143,118,35713.608137
35.098766,185,35714.753335
39.897136,57,35715.092773
44.423116,60,35715.445972
44.645453,49,35715.735434
56.515255,600,35719.486426
48.621749,59,35719.814426
90.713575,207,35727.238275
168.171375,205,35728.445998
134.286676,176,35729.42334
67.026449,185,35730.532045
7.047363,600,35734.165062
156.666592,274,35735.898219
473.946643,600,35745.368189
107.858858,248,35746.805807
13.671032,56,35747.140284
79.698343,104,35747.766853
57.745591,189,35748.954146
549.142091,600,35752.829604
-7.434864,47,35753.139072
325.157378,600,35756.989678
52.072851,70,35763.462218
479.962842,600,35767.163505
37.578363,85,35767.708612
86.145062,162,35768.732426
54.711114,144,35769.54245
122.506497,167,35770.518026
3.388179,600,35774.272282
49.727925,76,35774.781807
118.474927,143,35775.727544
38.023295,77,35782.135179
110.78825,173,35783.213026
46.381649,103,35783.831136
559.388873,600,35787.440982
-1.83082,55,35787.766081
18.508981,74,35788.216252
14.283014,51,35788.504874
43.924642,83,35788.981547
152.940165,195,35790.170395
10.238995,57,35790.49668
244.524509,600,35794.307539
38.747894,70,35800.669559
48.440741,102,35801.273881
36.356915,63,35801.654132
47.602161,72,35802.057884
48.241563,54,35802.371252
11.284191,63,35802.7273
18.305251,69,35803.106331
69.962195,98,35803.695889
195.228,236,35805.096966
46.820631,104,35805.684305
59.541094,76,35806.118337
7.798948,58,35806.462092
71.589123,138,35807.305358
105.701513,142,35808.140891
400.351764,451,35811.027499
19.536604,58,35811.389107
594.997037,600,35821.029722
85.284569,140,35821.908986
7.570554,64,35822.296885
505.649681,600,35825.895355
49.210724,52,35826.206997
116.442733,156,35827.161087
18.232266,109,35827.817708
27.70559,128,35828.596521
167.96704,202,35829.847244
30.766379,71,35830.313761
40.993294,51,35830.675983
76.282122,171,35837.892258
130.095531,182,35839.082901
4.522384,61,35839.464957
89.716338,129,35840.215581
110.739039,255,35841.731236
74.396243,138,35842.615844
305.433502,350,35844.898757
466.032563,600,35848.492788
43.820244,53,35848.79991
197.293076,323,35857.115231
2.074267,136,35857.967405
340.235159,419,35860.433035
48.142602,104,35861.023264
98.618181,139,35861.811591
378.138826,582,35865.257527
40.484445,96,35865.76527
497.612927,600,35875.370893
56.42549,63,35875.772198
6.960608,58,35876.137803
109.790202,185,35877.23284
43.139918,55,35877.565982
148.652101,153,35878.469993
72.278156,100,35879.075836
42.279135,53,35879.395893
36.53295,76,35879.874406
41.913115,73,35880.362404
46.98074,55,35880.719899
151.497579,192,35882.06168
46.189863,62,35882.512776
171.15602,269,35884.291761
41.416508,145,35885.203546
-1.724417,53,35885.512774
229.999311,311,35887.51343
90.438672,144,35894.316593
55.750153,600,35898.09053
72.937324,77,35898.581127
85.149384,155,35899.616154
185.547353,239,35901.205438
11.981161,152,35902.115599
125.073723,180,35903.205099
163.469606,264,35904.820558
42.004672,50,35905.128875
39.823942,55,35905.495432
575.702147,600,35915.241755
20.541414,66,35915.62194
487.587368,600,35919.140153
108.569738,209,35920.494005
22.238134,49,35920.835812
346.969225,600,35924.747896
95.134401,134,35931.427645
536.31913,600,35935.033061
534.79554,600,35938.773757
32.177083,54,35939.116714
-26.458427,600,35943.025327
78.566231,191,35950.555392
100.16093,171,35951.727937
37.523519,57,35952.118926
2.825365,143,35952.998445
443.001046,600,35956.459784
40.256651,67,35956.859138
3.071924,49,35957.194333
75.476712,133,35957.963531
60.828371,76,35958.445273
39.181283,91,35959.010902
403.307446,529,35962.138926
147.905491,173,35969.411092
208.262287,277,35971.108901
120.86669,140,35971.94199
106.099502,183,35972.972743
41.301971,115,35973.614805
61.875448,262,35975.148213
90.256809,600,35978.798904
42.802058,66,35979.207209
42.277833,47,35979.49822
517.388696,600,35989.370143
38.074158,43,35989.658581
131.256156,160,35990.646169
474.494567,600,35994.264094
105.108775,145,35995.132897
158.534775,245,35996.819537
36.407792,101,35997.518903
120.166128,197,35998.854961
18.274214,65,35999.29195
90.904947,124,36000.120775
121.797429,150,36006.97766
67.642714,76,36007.511961
67.6879,204,36008.884151
348.961892,384,36011.324244
-9.117914,68,36011.740272
96.518655,180,36012.787272
35.272101,73,36013.236189
196.564395,298,36014.951539
83.976689,162,36016.004743
102.592344,181,36017.270579
21.272594,82,36017.816905
186.611974,285,36025.536887
98.733851,181,36026.629062
170.106613,220,36028.041531
18.569702,527,36031.41129
13.532761,63,36031.809854
39.023095,49,36032.099155
16.902247,113,36032.777951
63.401356,100,36033.383757
94.728503,142,36034.243519
53.592464,67,36034.637549
40.573304,146,36035.4782
50.544037,61,36035.820666
25.398211,59,36036.146903
45.562122,48,36036.421137
150.976504,195,36037.527465
474.329041,600,36047.285227
63.80637,341,36049.420588
27.878013,74,36049.895877
45.055715,59,36050.28088
4.476863,46,36050.607319
54.36717,600,36054.540438
58.780447,600,36064.70692
51.476583,62,36065.081271
291.136694,400,36067.547869
233.679334,315,36069.441969
201.183962,260,36070.920937
39.612526,73,36071.379063
6.631996,46,36071.654673
61.022122,53,36072.015511
82.48577,129,36072.859746
70.218227,600,36082.479381
225.532109,266,36084.388288
45.573585,61,36084.796246
119.574129,600,36088.561493
23.857283,69,36088.942537
102.555822,161,36089.945418
42.506742,62,36090.295916
15.036798,51,36090.607832
6.003691,80,36091.05934
14.133398,50,36091.34307
58.236772,117,36092.000607
37.617843,85,36092.496174
5.859566,77,36092.937573
56.426962,57,36093.271545
163.578694,264,36100.807173
14.605845,61,36101.164683
-3.182267,51,36101.496463
17.830866,600,36105.079743
126.48978,168,36106.21019
-0.898641,50,36106.51854
5.090578,93,36107.137476
159.557891,285,36108.923712
45.070083,43,36109.188434
72.894341,106,36109.848862
96.625145,171,36110.898091
37.125665,80,36111.459378
174.364079,600,36121.293266
48.51214,57,36121.630571
46.234897,280,36123.319245
423.086412,600,36127.028343
406.741186,600,36130.686741
110.784777,149,36137.670088
97.928244,600,36141.525384
111.976037,172,36142.643933
138.562025,600,36146.359394
56.582258,71,36146.864264
32.518895,105,36147.665586
16.911807,54,36148.106791
41.046439,48,36148.503783
99.538443,600,36158.284253
202.065408,353,36160.653662
94.626864,600,36164.185215
43.792585,47,36164.486522
84.927727,600,36168.383956
29.020378,259,36175.770602
38.262264,86,36176.248183
56.81614,98,36176.811552
88.433665,269,36178.484273
210.820041,232,36179.875828
-12.160736,49,36180.184011
120.476587,230,36181.59665
53.86445,98,36182.160921
153.420025,231,36183.593824
-5.661458,119,36184.271054
51.4768,66,36184.678238
55.779206,82,36185.246079
177.419148,234,36186.801421
27.707355,65,36187.21527
3.37256,125,36187.912411
48.811551,88,36194.473658
153.965781,284,36196.362025
42.261836,70,36196.847996
-7.364568,49,36197.156342
40.325603,66,36197.620708
-8.763314,173,36198.675827
36.12701,42,36198.912161
64.175263,175,36199.898715
32.026385,70,36200.314337
264.93675,436,36203.036863
21.363,127,36203.851583
49.667621,116,36204.577914
45.498736,600,36214.762022
80.129509,235,36216.095006
8.459612,48,36216.392172
186.458102,600,36220.098149
50.346991,43,36220.401758
51.320696,64,36220.796084
16.741346,54,36221.149624
144.696339,218,36222.439178
154.30451,197,36223.607558
85.215203,600,36233.327627
39.092497,51,36233.642661
54.093339,50,36233.943297
26.07234,67,36234.386158
42.580469,47,36234.692376
3.095907,48,36235.012931
92.696522,128,36235.839308
25.128364,108,36236.527918
316.868542,451,36239.388704
454.879045,600,36243.015001
101.126498,123,36243.801674
110.236358,135,36244.652817
15.593143,60,36250.844109
52.453415,104,36251.440347
165.086821,210,36252.663009
493.752465,600,36256.290215
14.555348,84,36256.831934
117.899635,169,36257.943409
66.062774,72,36258.420951
61.151637,141,36259.350604
38.832352,51,36259.662454
29.913451,157,36260.547123
150.053928,207,36261.783375
63.990219,296,36269.494501
29.701862,600,36273.451613
23.917499,46,36273.738491
349.735089,531,36276.988181
11.269562,50,36277.346454
46.959575,53,36277.720723
13.045057,52,36278.087353
163.097324,179,36279.1681
12.262828,69,36279.559777
42.034805,84,36280.061437
52.341718,55,36280.409763
42.335752,42,36280.667946
3.658398,77,36281.144655
104.287537,134,36288.165919
7.415823,48,36288.472606
435.720677,600,36292.45464
31.57359,88,36292.975403
38.464557,91,36293.503063
89.37705,213,36294.780573
20.198863,100,36295.362361
17.463506,186,36296.596536
184.241105,258,36298.642912
55.63875,52,36299.050047
131.07612,244,36300.814812
17.707041,65,36301.193842
147.107575,600,36310.692279
78.553977,176,36311.767152
34.321224,41,36312.029993
34.455046,57,36312.388771
42.937967,63,36312.793619
11.755844,63,36313.257009
16.753566,56,36313.625896
32.214817,91,36314.214162
-5.851603,45,36314.483224
10.384979,51,36314.802086
35.792571,164,36315.886244
40.369686,252,36317.468268
99.286895,154,36318.335844
-4.741143,53,36318.647641
37.389863,124,36319.403796
137.705881,475,36328.031825
48.096197,54,36328.359651
30.908187,56,36328.697628
106.920689,173,36329.784542
-17.314548,52,36330.10608
39.891276,104,36330.717315
32.605615,57,36331.107456
58.102044,68,36331.565032
47.790355,77,36332.049929
30.911441,60,36332.432401
119.377423,153,36333.468739
51.480924,46,36333.76962
25.580063,59,36334.142552
409.148901,600,36337.827642
77.124303,600,36347.825227
111.781679,376,36350.222992
100.191456,267,36352.088526
143.339205,199,36353.302819
38.526076,98,36353.962184
75.102235,102,36354.651282
44.720566,61,36355.058036
61.694635,76,36355.616149
-9.395387,51,36355.980807
67.331001,82,36356.559255
48.545931,67,36357.027781
110.219342,165,36358.233729
44.706252,52,36358.622236
92.142016,600,36368.714859
373.833436,600,36372.466305
91.930324,600,36376.541968
18.886599,59,36376.909286
438.41793,600,36386.873879
14.236352,71,36387.322661
32.469823,56,36387.677259
80.722358,173,36388.735914
205.883033,283,36390.603555
90.208458,178,36391.761964
60.394702,74,36392.244943
39.270289,119,36392.942306
75.611185,72,36393.379759
-24.935545,600,36396.94656
143.420573,600,36406.934544
414.353828,533,36410.191098
49.827712,57,36410.567988
173.589778,230,36412.002048
37.053553,600,36416.047039
192.463022,270,36423.407579
426.511568,600,36426.94559
-3.563504,50,36427.233497
-5.307401,56,36427.550482
31.341592,72,36427.949837
265.430563,600,36431.818818
12.636326,51,36432.144669
49.831848,44,36432.422818
490.511098,600,36441.972806
42.574511,45,36442.244689
12.135526,94,36442.842577
8.268784,137,36443.642023
22.752682,51,36443.925828
44.51712,48,36444.200961
53.423584,61,36444.562549
77.937146,120,36445.254022
36.513953,62,36445.618992
15.203865,47,36445.915137
101.880116,132,36446.716702
32.625147,45,36446.999985
84.54568,185,36448.150944
-3.598232,82,36448.631192
135.832726,259,36450.16157
46.796716,51,36450.481342
17.573342,95,36451.033009
16.362167,83,36451.562408
45.132978,69,36451.96019
28.595973,82,36452.412102
27.890815,115,36459.040668
9.26584,73,36459.463275
44.398355,61,36459.840502
75.460558,146,36460.736202
32.787052,93,36461.293358
360.772906,443,36464.047655
5.860475,218,36465.532247
53.29035,46,36465.840119
497.079446,600,36469.549927
31.608632,47,36469.85473
81.999613,301,36477.726037
109.162811,145,36478.572722
163.037029,202,36479.752151
14.324303,101,36480.342127
42.050473,57,36480.666514
129.139757,239,36482.051275
83.830332,162,36483.003754
150.573721,271,36484.566432
128.774514,191,36485.747256
100.37264,126,36486.540224
50.321456,88,36487.085613
40.588047,39,36487.353575
61.531685,163,36488.426551
34.335016,74,36488.90219
12.453402,55,36489.260106
19.168722,53,36489.614518
127.125806,144,36496.394578
463.624621,600,36500.028383
31.658911,97,36500.590431
5.182377,49,36500.885094
28.180165,369,36503.214956
88.81611,600,36506.93319
169.184407,203,36508.210966
6.551016,61,36514.524004
21.22069,600,36518.458071
101.313354,600,36522.350547
77.089105,183,36523.46495
0.785752,111,36524.080052
91.777166,141,36524.904091
463.839424,600,36534.656602
41.902601,89,36535.202282
-2.80012,63,36535.582813
54.183919,89,36536.16933
43.26162,44,36536.458743
6.744615,79,36536.975417
41.550501,113,36537.746782
0.049338,600,36541.794349
50.033259,48,36542.068844
97.690832,272,36543.634059
46.665022,45,36543.892869
560.532392,600,36553.801731
156.590006,202,36555.011277
60.557607,74,36555.436358
2.221999,600,36558.897629
73.805943,78,36559.361623
45.829142,69,36559.764172
0.822874,49,36560.083206
117.762396,142,36560.9237
108.97842,165,36561.8969
470.334649,600,36571.368287
40.902351,55,36571.726223
49.391693,121,36572.448598
217.8445,276,36574.131305
42.38963,46,36574.483447
84.71737,183,36575.738083
41.929582,64,36576.181448
110.352572,153,36577.191519
133.411572,198,36578.336793
57.584494,178,36579.362266
96.923219,174,36580.404532
50.878658,106,36581.029049
94.765267,600,36590.556176
17.459971,51,36590.8484
47.484119,47,36591.113667
405.168782,600,36594.649407
36.314505,58,36595.013778
49.26459,52,36595.368273
4.626366,51,36595.717834
125.96526,191,36597.02478
68.174948,94,36597.66022
47.49912,114,36598.342752
42.504116,57,36598.667488
45.811383,50,36598.975493
165.713205,600,36608.686096
51.195286,50,36609.012231
36.003067,69,36609.412763
-5.229722,52,36609.724862
77.705757,333,36611.605237
109.459229,212,36612.86311
142.087751,233,36614.264296
358.430719,600,36617.915199
56.75412,99,36618.493682
1.84,91,36619.056195
49.256516,136,36619.921499
101.762165,160,36626.837404
103.269159,128,36627.596883
49.523614,66,36628.004352
44.292713,123,36628.762124
-5.29849,51,36629.064818
71.305353,600,36632.844511
5.401912,216,36634.251795
36.792201,170,36635.442012
482.863373,600,36644.966265
2.048223,88,36645.466848
441.960609,600,36649.038678
37.860753,58,36649.416238
105.885456,172,36650.494915
90.238231,171,36651.533939
8.630901,60,36651.891258
12.280122,64,36652.261731
64.973218,144,36653.097656
-13.395611,56,36653.426272
145.103988,191,36654.565848
111.066807,145,36655.419617
446.020242,600,36665.702371
25.80654,46,36665.98947
82.576676,107,36666.678589
48.766538,56,36667.064791
215.815195,250,36668.5664
90.646966,600,36672.192856
93.277219,134,36673.006223
87.216376,124,36673.830449
44.006939,129,36674.645488
126.723508,179,36675.771086
38.97296,48,36676.108468
16.383755,110,36682.887675
22.318661,175,36684.052144
195.034639,600,36687.529039
50.683486,114,36688.208121
48.640155,63,36688.605135
56.138237,99,36689.204311
38.639913,140,36690.058232
38.661975,79,36690.525172
-0.905714,73,36690.993737
108.524185,229,36692.364919
140.666652,177,36693.516451
22.09631,600,36703.922902
108.185057,600,36707.640827
20.168126,53,36708.00253
50.300371,113,36708.751595
497.960267,600,36712.424941
46.647138,68,36712.804926
438.955,600,36722.391108
90.331575,178,36723.538287
44.863223,89,36724.051581
502.807083,600,36727.600959
39.745637,398,36730.103907
551.254963,600,36739.733829
5.857693,47,36740.069569
34.211745,48,36740.385768
74.976867,114,36741.244857
72.02244,124,36742.185116
52.823136,126,36743.094163
72.178121,151,36744.128026
40.311055,54,36744.447854
159.406004,234,36745.827642
93.954412,132,36746.574652
18.590529,145,36747.445356
539.928745,600,36751.056216
33.582841,81,36751.557136
14.657083,55,36758.071016
4.079463,78,36758.495276
31.182375,50,36758.78667
91.591012,112,36759.499396
92.433574,136,36760.363437
137.678118,160,36761.409162
152.901503,600,36765.185358
55.777891,51,36765.527754
113.277668,156,36766.428427
117.568814,146,36767.262425
112.216085,600,36777.213098
49.596993,53,36777.5315
93.982371,146,36778.376377
19.102114,48,36778.675042
156.089071,246,36780.32114
61.562076,200,36781.57558
-9.443498,48,36781.837191
8.512009,52,36782.128685
11.297213,51,36782.419689
492.094047,600,36786.24514
46.442038,48,36786.525594
27.067972,62,36786.919621
44.226933,84,36787.409817
452.201853,600,36797.059808
541.912397,600,36800.740606
61.5594,56,36801.078792
457.118421,600,36804.730241
31.007635,66,36805.137797
54.085561,188,36806.275233
35.244885,537,36815.976492
518.194356,600,36819.727522
170.259896,228,36821.341261
60.390799,600,36825.000714
79.623137,114,36825.646613
9.733044,47,36825.920234
-6.343619,132,36826.719454
53.731808,48,36833.065899
483.816943,600,36836.680083
60.304207,183,36837.740924
177.149749,252,36839.21106
12.721934,82,36839.696892
207.997078,287,36841.411421
508.315603,600,36844.941626
52.357514,600,36854.590621
94.917586,169,36855.695126
21.738882,88,36856.300117
478.850401,600,36860.026467
453.794735,600,36863.886104
38.353759,114,36870.548399
16.24241,58,36870.888813
50.610238,94,36871.46262
87.205376,108,36872.143921
51.976223,82,36872.658715
91.073234,250,36874.31143
553.504413,600,36877.915032
40.752972,46,36878.201728
455.685826,600,36881.930793
138.567239,184,36889.318099
6.762807,70,36889.73841
-2.049297,45,36890.007914
49.507251,43,36890.266792
65.179672,87,36890.77165
120.096867,168,36891.741357
99.585454,196,36892.992661
358.843801,448,36895.783546
122.504104,175,36896.924898
92.820362,174,36898.08382
38.331916,45,36898.360565
486.396607,600,36907.936733
79.093595,241,36909.551279
201.286038,542,36912.986059
10.273417,48,36913.309701
48.345066,46,36913.618851
73.56567,160,36914.619914
258.355174,354,36916.827386
32.01411,84,36917.358511
64.146668,600,36927.055559
17.449148,107,36927.745421
126.944711,148,36928.696094
105.158379,109,36929.425757
53.592001,73,36929.912009
50.188448,51,36930.261734
-3.61492,49,36930.552584
413.222166,600,36934.13915
14.43726,49,36934.436327
45.276878,81,36934.970564
36.939582,119,36935.740221
1.78634,45,36936.03828
485.882013,600,36946.06823
37.129632,100,36946.710551
125.9747,279,36948.491993
43.211045,110,36949.198553
19.60577,78,36949.695038
0.008016,49,36949.982027
3.670944,50,36950.303107
49.527208,48,36950.620539
46.136445,82,36951.135038
113.615929,136,36952.02293
175.202378,229,36953.492969
494.657408,600,36957.608296
114.441931,183,36958.975976
192.902299,271,36966.517658
-10.517388,45,36966.783776
-7.738379,54,36967.099673
50.401515,73,36967.59589
35.025811,55,36967.973103
479.313945,600,36971.748066
103.60248,219,36972.974535
7.56853,80,36973.449509
-9.710351,69,36973.903039
12.556438,81,36974.379678
28.092171,67,36974.777609
123.562576,143,36975.645175
8.341616,111,36976.310857
47.559417,62,36976.666781
47.315058,56,36976.997273
85.662955,600,36986.88436
96.502057,167,36987.951816
466.370695,600,36991.647986
44.618414,59,36992.012541
31.836666,90,36992.533355
139.34804,178,36993.585976
154.887115,600,37003.648934
88.699508,130,37004.444869
43.819898,180,37005.517716
34.521732,105,37006.146014
-5.968581,600,37009.655148
45.31431,64,37010.06321
252.926578,354,37012.085747
18.495547,60,37012.436886
39.243121,41,37012.670914
38.746068,48,37012.937299
11.026512,102,37013.544613
39.51422,62,37013.915022
35.302053,154,37021.123902
508.589371,600,37025.053623
41.12013,76,37025.519918
109.755501,165,37026.487012
105.242211,354,37028.712156
232.498702,369,37031.123058
60.284148,66,37031.526386
29.35811,55,37031.85696
44.324945,68,37032.280251
90.005655,135,37033.094443
60.18876,95,37033.674995
22.23805,74,37040.20707
62.79585,135,37041.044415
93.045918,123,37041.774058
68.659932,78,37042.266095
23.703818,73,37042.716172
24.703813,147,37043.621813
41.658383,45,37043.881597
58.454149,116,37044.552324
73.028862,88,37045.051035
58.513153,55,37045.400288
347.136282,600,37049.031128
128.768987,237,37050.36486
10.184645,50,37050.685692
46.271165,54,37051.045971
134.574993,276,37058.752415
128.187692,170,37059.822625
482.822751,600,37063.515839
26.57595,476,37066.674721
49.956587,53,37067.006467
58.534231,172,37068.065142
-22.334974,57,37068.390354
79.283033,140,37069.207482
57.162994,209,37070.46819
50.629976,600,37080.203305
124.869755,184,37081.260918
50.726993,48,37081.558858
3.81235,49,37081.858381
57.524444,63,37082.251025
36.929551,56,37082.604278
426.027379,600,37086.421604
24.011056,70,37086.879875
27.165965,600,37096.616091
130.966556,161,37097.755491
99.908579,154,37098.780529
545.278979,600,37102.561162
91.927412,205,37103.746222
50.221763,50,37104.024913
14.513442,82,37104.518313
50.727145,75,37104.945943
13.03507,66,37105.316847
20.58033,66,37105.709889
41.302361,61,37106.068924
281.109703,343,37108.043122
149.527989,271,37115.717482
351.273145,460,37118.496324
41.68568,69,37118.925722
475.956457,600,37122.374683
95.363677,155,37123.300659
539.911756,600,37132.947313
15.096253,56,37133.274642
555.429029,600,37137.062985
-9.231038,600,37140.870902
-3.351875,47,37141.168625
43.587241,57,37141.515715
12.4891,55,37141.867508
484.855214,600,37145.770493
145.587681,163,37152.742124
17.397741,54,37153.084368
425.158538,600,37157.047169
39.095178,65,37157.423015
37.127452,40,37157.663663
532.187148,600,37161.316949
65.242007,168,37162.389109
63.302705,84,37162.878462
480.907538,600,37172.840941
0.772103,53,37173.162122
154.838435,355,37175.274878
-9.330554,49,37175.569546
370.064179,600,37179.138895
97.117583,600,37182.827942
46.852904,65,37183.22125
474.219254,600,37193.290356
21.55837,93,37193.950221
191.494484,240,37195.588655
113.102143,150,37196.435131
40.32684,66,37196.836752
48.87853,67,37197.209528
44.170995,97,37197.769115
93.192096,186,37198.893034
16.370014,47,37199.151109
116.615673,183,37200.202733
118.9797,147,37201.037395
4.945148,99,37201.599357
17.672901,56,37201.942789
52.026287,77,37208.414733
535.134492,600,37211.936086
6.034951,51,37212.218006
106.792979,134,37213.019693
104.879387,148,37213.887402
107.369891,209,37215.174813
11.621974,102,37215.807847
43.842266,53,37216.143339
120.780994,600,37220.203226
435.806974,600,37229.871358
2.933794,600,37233.620151
40.200921,211,37235.102633
121.37181,223,37236.393124
132.28092,600,37246.157613
13.954883,218,37247.625049
41.185618,46,37247.941693
528.400689,600,37251.71562
82.681097,127,37252.505617
45.942061,67,37252.901438
62.286431,114,37253.537624
90.324894,149,37254.402102
85.097534,142,37255.243326
113.434961,180,37256.365391
127.409649,165,37257.403822
18.303992,66,37257.766965
15.32103,46,37258.049163
151.726615,188,37265.284858
463.238517,600,37269.407177
105.419749,223,37270.701392
267.617314,600,37274.237874
37.438709,59,37274.54821
43.140184,56,37274.876936
64.84196,145,37275.735075
271.921933,363,37284.358068
479.319273,600,37288.157786
68.783355,93,37288.801866
494.463948,600,37292.601196
49.43875,79,37293.104792
10.301192,64,37293.543823
43.785896,57,37293.896714
166.390434,194,37295.060647
42.849856,83,37295.639194
65.488475,182,37302.808123
78.647456,96,37303.483109
76.70468,99,37304.154671
104.097767,163,37305.260978
30.344369,118,37306.010048
62.016893,63,37306.394122
24.898164,196,37307.602727
42.784996,53,37307.958683
7.505331,47,37308.259621
30.968978,125,37309.096913
50.444046,214,37310.45208
578.923289,600,37314.280958
65.117451,162,37315.376792
55.875451,48,37315.691398
80.133538,600,37325.417162
204.519857,306,37327.307957
157.266047,206,37328.555929
239.550833,600,37332.231741
51.171242,78,37332.694192
44.890663,66,37333.08236
579.198375,600,37342.873887
65.030647,213,37344.099564
539.407514,600,37347.760432
494.083494,600,37351.468585
152.293124,197,37352.691868
204.24804,250,37360.37237
142.760594,184,37361.583428
41.373986,80,37362.079595
8.375682,52,37362.390394
77.994037,141,37363.283378
37.266425,101,37363.906974
99.32148,126,37364.662138
43.603341,54,37364.963555
10.676271,51,37365.247876
74.393562,133,37365.997422
42.326646,97,37366.559081
37.699912,64,37366.934838
-0.675133,73,37367.394142
494.018117,600,37371.535399
249.370563,287,37379.253774
11.705079,57,37379.610289
53.558193,50,37379.944357
137.086131,181,37381.067222
170.832338,297,37382.841518
42.371146,276,37384.520716
30.819962,96,37385.081923
510.877254,600,37388.894025
133.304193,191,37390.084835
440.508139,600,37400.037062
4.947485,137,37401.087862
45.756149,58,37401.528153
48.844454,81,37402.098904
39.548956,75,37402.598023
36.402283,48,37402.925151
304.811595,423,37405.367254
546.827644,600,37408.957512
13.986732,51,37409.304896
92.943919,225,37416.85585
75.428919,123,37417.573384
38.485908,73,37417.991429
33.589297,66,37418.381622
503.250086,600,37421.901962
63.844853,84,37422.398782
94.584329,600,37426.165179
41.384265,141,37426.959671
561.801938,600,37436.553975
454.344165,600,37440.338728
47.979586,94,37440.904274
122.278152,158,37441.838737
15.824489,73,37442.284078
97.098033,169,37443.305206
445.303531,600,37453.07957
243.606387,349,37455.086462
3.138322,74,37455.508599
567.286081,600,37458.960829
2.938575,600,37462.555902
34.852301,50,37462.856981
115.14783,154,37463.799488
58.172935,73,37464.263117
34.190771,41,37464.509583
263.13932,385,37473.053913
2.516386,45,37473.37509
81.82803,173,37474.509005
12.090849,56,37474.852618
82.035304,130,37475.66361
106.711706,131,37476.41586
96.943109,135,37477.181815
521.002665,600,37481.440217
532.376443,600,37491.224872
518.503461,600,37494.943057
529.927329,600,37498.517355
33.749956,114,37499.217071
-2.272357,161,37500.187653
44.202101,72,37500.618018
37.990495,95,37501.194547
28.669413,72,37501.60357
75.860933,164,37502.520179
95.772407,147,37509.619015
-15.043986,49,37509.901451
471.886272,600,37513.673805
81.874963,92,37514.298547
117.040217,142,37515.145939
7.443044,47,37515.436
4.857454,475,37518.456256
122.794795,134,37519.291895
316.360805,462,37528.106677
343.182273,600,37532.024279
-10.295173,46,37532.289599
132.787694,191,37533.442913
5.10001,45,37533.723024
48.157378,67,37534.13404
34.270998,67,37534.534003
101.776672,139,37535.374903
20.205749,66,37535.766832
43.491012,43,37536.018182
39.283198,46,37536.284053
96.806672,197,37537.432147
308.303815,600,37547.1821
124.722774,200,37548.423568
40.295345,150,37549.317432
41.843863,97,37549.914786
44.177039,78,37550.352046
89.768539,600,37554.28414
87.470358,115,37554.971743
280.120683,349,37557.126095
31.501376,600,37566.83273
-11.303162,238,37568.238022
12.187027,48,37568.514574
51.608829,50,37568.808642
11.858899,50,37569.134201
-9.651635,47,37569.431282
42.806791,71,37569.866006
124.071004,152,37570.788081
47.51712,78,37571.259347
32.852664,64,37571.65615
49.233866,51,37571.959599
235.204741,334,37574.03527
121.766246,600,37577.978203
46.441758,159,37585.182236
85.027534,125,37585.989238
20.553208,115,37586.672542
49.68943,50,37586.99928
67.004461,177,37588.036847
67.984626,278,37589.6734
-8.937354,58,37590.039863
87.171652,146,37590.973136
440.007966,600,37595.106009
0.263669,75,37595.574957
80.446824,127,37596.309152
36.363984,200,37603.537152
52.280328,58,37603.936413
118.881223,166,37605.13008
52.150577,111,37605.881768
63.354405,74,37606.392551
38.293445,74,37606.859539
50.168662,74,37607.307735
419.465226,600,37610.754857
-7.518262,52,37611.059922
46.582933,61,37611.41675
111.980377,536,37615.099603
0.472841,191,37616.23003
45.570108,71,37622.630043
170.649755,234,37624.238106
142.0352,163,37625.384954
26.702271,98,37626.058672
462.166556,600,37629.867151
-2.804718,69,37630.261707
10.355915,75,37630.690301
81.110105,179,37631.759562
370.075277,534,37635.102887
47.320195,53,37641.623834
37.397527,232,37643.12248
-2.628779,45,37643.379487
8.180721,103,37643.983389
132.343751,232,37645.284534
45.111431,148,37646.146106
130.163226,183,37647.204295
56.331008,142,37648.124783
23.927908,113,37648.923306
41.880949,65,37649.400038
17.978229,53,37649.774471
87.893029,143,37650.65814
15.186144,116,37651.318065
101.326033,168,37652.357887
53.158299,64,37652.75033
572.961724,600,37662.426453
84.516282,159,37663.362642
15.851599,57,37663.70673
100.398612,146,37664.610115
179.598233,304,37666.450782
39.058561,77,37666.887561
47.596649,131,37667.647012
40.83711,48,37667.909641
83.851099,113,37668.563796
48.259191,60,37668.929577
23.117494,94,37669.48299
590.032855,600,37679.315067
3.794988,47,37679.620846
258.776863,334,37681.544173
96.237728,182,37682.588113
179.625188,243,37684.121757
84.235254,117,37685.073291
17.783138,61,37685.562968
6.816875,50,37685.951227
55.83531,151,37687.099129
495.760693,600,37690.950941
16.901062,49,37691.255656
370.052678,552,37700.749083
87.471969,146,37701.73396
44.016519,67,37702.161623
1.102022,54,37702.504999
24.9728,43,37702.764098
4.231803,46,37703.074632
31.721813,42,37703.311856
29.152794,83,37703.775902
152.351435,193,37704.905241
48.222537,176,37705.980298
57.386481,69,37706.37504
122.697978,210,37707.652657
33.439173,600,37717.501694
205.830702,352,37719.73483
27.36045,73,37720.180867
50.385947,57,37720.512432
-1.612023,60,37720.878516
46.994584,57,37721.213994
20.248652,62,37721.59679
86.535067,189,37722.7514
40.497616,70,37723.159275
-1.389887,68,37723.559258
-7.624971,51,37723.852259
85.746834,600,37727.423895
421.124347,600,37737.095682
48.024427,600,37741.13883
169.03243,197,37742.274089
62.221613,77,37742.744214
94.332902,170,37743.812252
19.278377,53,37744.136723
-8.684355,51,37744.454091
109.267951,184,37745.504825
12.619953,48,37745.770882
51.886101,54,37746.055804
34.193128,54,37746.370899
2.224467,48,37746.653633
50.800684,48,37746.949857
34.883609,41,37747.23487
52.153777,77,37747.753658
520.522766,600,37757.722682
42.755067,64,37758.114213
-4.250267,109,37758.821627
53.035775,125,37759.611825
38.644664,81,37760.14573
15.341644,58,37760.54003
108.794931,143,37761.492615
76.160732,140,37762.402048
27.809954,94,37763.006307
-6.570596,45,37763.264884
363.297027,477,37766.407315
64.833273,81,37766.921827
30.358601,261,37774.589236
43.252492,140,37775.417389
110.055891,191,37776.538336
115.139439,156,37777.50198
13.320118,70,37777.904889
379.051655,433,37780.552648
37.372893,77,37781.111366
54.693115,140,37782.025152
101.074089,600,37785.77532
52.596862,77,37792.105514
157.189612,250,37793.818501
300.80712,379,37796.381526
7.293699,88,37796.870802
7.25912,180,37797.912385
59.360032,103,37798.535545
10.93285,200,37799.883725
16.880244,50,37800.221504
101.670629,146,37801.272049
-3.404716,64,37801.76214
62.190271,137,37802.714146
41.959813,63,37803.166916
45.412903,66,37803.633169
401.146894,600,37813.534448
14.061861,111,37814.242625
140.718224,186,37815.413609
127.631432,282,37817.242336
286.071105,374,37819.459751
-0.524639,49,37819.765301
14.398066,144,37820.65956
48.497697,112,37821.328906
13.5335,45,37821.569045
51.840511,172,37822.609915
40.386018,556,37831.893906
50.637427,44,37832.173228
134.134157,163,37833.16761
514.052608,600,37836.993386
453.814413,600,37840.513024
-12.515008,82,37840.997792
441.144832,600,37850.683788
94.685889,132,37851.552189
359.378465,574,37855.284603
86.451678,131,37856.192048
12.095376,49,37856.496377
476.942727,600,37860.273489
90.082033,120,37860.964557
58.835623,73,37861.404897
135.287017,172,37868.476044
-1.803869,55,37868.843902
105.733378,161,37869.931536
21.208806,77,37870.48754
41.872868,58,37870.887922
41.50775,45,37871.18926
50.42369,93,37871.756579
44.348034,49,37872.072015
41.759387,79,37872.52874
91.416126,154,37873.475816
6.491896,54,37873.796258
39.901581,50,37874.083479
-14.111883,47,37874.354452
49.196141,81,37874.886054
15.792861,54,37875.243005
43.907114,45,37875.539758
108.834692,218,37876.947938
47.309923,79,37877.479658
60.551718,134,37878.329021
293.62314,384,37886.765636
507.592737,600,37890.232396
55.389498,106,37890.856493
50.913729,194,37892.105206
61.85342,600,37895.95375
53.470746,73,37896.408841
-1.628953,75,37896.896632
72.68708,96,37897.544109
22.623951,66,37897.943644
233.656995,350,37906.25432
41.285388,57,37906.606067
64.920263,165,37907.73915
-7.763159,68,37908.225064
71.636318,88,37908.858408
9.802824,60,37909.291082
545.407196,600,37913.290997
523.949794,600,37916.859761
40.435752,47,37917.161833
8.990449,49,37917.476977
3.261619,54,37917.815877
38.690107,104,37918.423968
15.543376,111,37925.12339
17.282923,81,37925.672244
414.585817,600,37929.240772
200.822549,600,37932.747543
38.609764,83,37933.288817
23.861784,67,37933.68833
153.205031,191,37934.869662
47.826157,111,37935.583362
456.403736,600,37945.667406
57.840584,185,37946.74174
19.574422,600,37950.788382
30.709058,86,37951.316771
446.671777,600,37955.157202
316.62294,445,37964.317181
325.959255,435,37967.10437
40.174352,59,37967.468453
151.484097,331,37969.61078
30.127575,54,37969.951169
2.317769,50,37970.240365
13.331578,68,37970.710284
115.649039,600,37975.147954
281.232737,357,37983.385403
94.866879,173,37984.362988
113.764667,161,37985.236043
47.349361,600,37988.976093
494.54751,600,37992.962547
27.21368,61,37993.455442
18.542485,64,37993.933527
45.227023,102,37994.648134
6.050465,55,37994.963806
30.040941,78,38001.315516
124.057392,180,38002.358543
528.551733,600,38006.037402
67.30713,74,38006.453254
525.388205,600,38010.132622
81.374458,600,38019.789356
94.360916,160,38020.736125
34.089586,114,38021.436802
113.904324,174,38022.495055
43.037101,66,38022.899679
6.079719,49,38023.221083
241.26712,280,38025.013598
302.6837,377,38027.399262
85.008854,141,38028.342592
328.143123,417,38031.031879
42.743675,50,38031.320606
130.806494,156,38032.232325
80.276526,135,38039.036764
38.330468,68,38039.469451
-4.382307,50,38039.770546
40.13926,56,38040.110524
96.564987,197,38041.28183
7.928921,51,38041.611053
99.542105,159,38042.684051
39.877925,110,38043.388131
6.331837,46,38043.693854
44.253851,93,38044.225401
49.470601,600,38048.17619
120.712113,153,38049.199705
48.809323,41,38049.440529
48.132877,88,38049.962386
10.713075,66,38050.345135
41.220519,49,38050.665655
54.734874,111,38051.342292
271.012424,329,38059.270153
46.882923,108,38059.902007
43.863536,62,38060.278604
498.964464,600,38063.80859
142.818127,212,38065.091916
7.79935,125,38065.885012
348.522301,539,38069.418736
113.24807,156,38076.377727
1.786057,106,38077.016781
52.566539,208,38078.258028
41.676441,130,38079.042099
261.713643,373,38081.321525
56.765269,117,38082.022221
15.715734,49,38082.339412
144.745116,217,38083.726074
2.736333,106,38084.443616
54.58,63,38084.837138
32.101734,101,38085.462816
88.431045,600,38095.251537
41.73902,63,38095.661116
36.110034,140,38096.56973
89.903972,139,38097.367566
41.333235,54,38097.680293
29.04917,62,38098.045884
112.359737,428,38100.61339
40.202777,50,38100.939336
51.80348,198,38102.269143
6.166999,45,38102.563688
270.252235,317,38104.452409
495.379124,600,38113.882549
505.888657,575,38117.838589
9.43036,380,38120.289766
43.552332,92,38120.833774
43.29327,73,38121.278382
-7.626431,47,38121.56063
16.817542,157,38122.585109
23.474268,48,38122.901906
34.088783,93,38123.473456
171.963759,238,38124.901813
21.504895,72,38125.364627
36.760393,68,38125.815282
70.417961,229,38133.070189
450.715423,600,38136.741973
495.819701,600,38140.772309
38.741346,600,38144.574656
8.340752,47,38144.884998
40.884049,70,38151.668204
391.138539,470,38154.658514
331.600083,385,38157.182127
24.330867,110,38157.936893
149.314556,520,38161.362842
67.961359,75,38161.821508
324.700352,600,38171.373429
16.305908,125,38172.152043
14.283479,50,38172.447371
49.764431,161,38173.416344
40.178916,132,38174.185658
216.583663,349,38176.290016
40.336068,64,38176.705179
115.954664,151,38177.671845
474.583063,600,38181.844433
515.057745,600,38191.805782
-0.895333,47,38192.128243
509.847787,600,38195.955763
50.263753,47,38196.214463
31.191023,51,38196.513925
53.594633,102,38197.095214
189.465464,600,38201.058622
13.840133,49,38201.359976
46.93162,69,38201.77442
80.488188,600,38212.025774
46.127602,110,38212.735515
217.657402,600,38216.382761
519.197518,600,38220.131966
92.499644,127,38220.98947
145.300974,203,38228.155339
40.567021,132,38228.959496
52.53153,48,38229.239459
-2.124893,57,38229.580143
66.514466,74,38230.02828
4.10575,56,38230.396509
365.919373,475,38233.522366
39.435518,40,38233.7691
497.124206,600,38237.696942
35.976005,74,38238.176571
7.260664,53,38238.533029
48.654452,50,38238.878366
125.948027,152,38239.79002
13.741302,68,38240.217682
-2.199936,82,38240.709512
563.49532,600,38250.806361
51.212485,50,38251.127363
6.559842,64,38251.524546
32.944718,75,38252.009779
20.562425,600,38255.887726
104.957815,188,38257.061481
32.402639,77,38257.637193
18.952286,62,38258.080431
7.282734,53,38258.464691
102.437134,133,38259.338367
37.888758,54,38259.706098
38.688543,127,38260.551912
26.813086,90,38267.224313
72.650743,92,38267.817248
45.212845,74,38268.235156
44.926796,61,38268.612842
49.825003,79,38269.077584
169.811738,192,38270.195415
85.350817,262,38271.743258
75.589173,177,38272.812079
53.651997,67,38273.202049
43.663683,50,38273.504604
485.664696,600,38277.066341
-4.378463,90,38277.631203
436.369437,600,38287.516046
86.652219,135,38288.343285
36.833391,83,38288.835601
10.796441,63,38289.22734
222.436092,342,38291.633862
25.962936,68,38292.137894
40.805436,59,38292.544805
262.916444,364,38294.779473
454.967689,600,38304.628258
44.045284,70,38305.091122
1.062131,52,38305.412019
412.315388,600,38309.225311
96.659014,130,38310.090513
13.271353,600,38313.914876
45.013632,44,38314.209151
7.449688,123,38315.143442
56.494734,68,38315.640756
55.592298,77,38316.203544
13.102086,134,38316.992839
-5.516321,44,38317.236707
51.373571,62,38317.617516
5.466716,104,38324.041678
136.544471,195,38325.165953
59.37161,58,38325.511944
513.262937,600,38329.211267
569.885145,600,38332.969349
527.946883,600,38343.247214
32.608387,44,38343.557594
13.811085,49,38343.884629
51.216655,70,38344.334419
525.507798,600,38348.158628
120.696409,158,38349.216139
81.40686,165,38350.236496
92.19557,160,38351.174717
57.113652,56,38351.505068
142.965811,177,38352.570662
-0.829129,51,38352.877433
50.339103,50,38353.168254
81.991844,600,38363.007897
33.314404,41,38363.271893
166.646082,213,38364.532241
454.660435,600,38368.030562
28.536141,47,38368.288849
111.91756,136,38369.067693
36.157496,162,38369.983564
58.078202,182,38371.04319
97.713586,191,38372.243342
58.542736,69,38372.687462
450.218524,600,38382.408214
593.346859,600,38386.275544
79.824875,140,38387.17362
70.571301,147,38388.032151
39.098515,50,38388.318149
195.125081,267,38390.000649
153.896204,199,38391.336442
35.192132,44,38391.641977
0.883764,57,38392.003512
55.696656,69,38392.38924
81.102386,139,38399.137082
593.471518,600,38403.175835
155.635038,187,38404.4314
36.456326,600,38408.434115
24.595398,60,38408.769414
43.649767,58,38409.102795
104.411932,600,38418.919702
34.385834,45,38419.184482
410.840069,600,38422.795107
35.303251,600,38426.496574
54.899248,198,38427.650284
175.598819,600,38437.273819
492.265076,600,38441.034458
111.903023,281,38442.77377
15.292549,51,38443.096157
16.10797,67,38443.47974
438.853722,600,38447.140269
538.485199,600,38456.871183
119.027261,195,38458.000309
274.28581,396,38460.440321
525.947629,600,38464.177355
47.085126,61,38464.550704
41.416039,63,38464.900473
142.88433,292,38466.878519
66.605591,167,38473.958372
72.58136,220,38475.264739
31.083643,192,38476.397172
-2.497224,47,38476.67689
42.219932,111,38477.371287
-3.440331,46,38477.68061
151.720709,191,38479.122746
2.385597,52,38479.481309
115.849538,600,38483.260746
31.459415,43,38483.532341
331.219944,415,38486.356212
92.499889,600,38496.445416
33.951918,62,38496.854981
441.436725,600,38500.435015
95.363892,120,38501.144313
15.43893,95,38501.703405
29.829654,61,38502.076091
117.051722,228,38503.536315
138.361475,245,38505.188886
399.2801,455,38514.211292
33.81302,47,38514.484704
42.983774,47,38514.780119
78.627304,92,38515.444412
5.74193,78,38515.999776
301.031346,407,38518.877152
-6.678177,53,38519.196753
42.322381,61,38519.55342
194.675847,238,38521.048277
249.161991,450,38523.730788
59.084698,62,38524.080565
4.489259,49,38524.345045
45.872892,84,38524.818664
-5.206728,46,38525.079188
-0.839443,47,38531.294345
-1.067081,197,38532.483936
84.091144,106,38533.140019
39.935064,50,38533.467812
408.697298,600,38537.226065
209.642961,262,38538.798444
535.344648,600,38542.440273
529.692918,600,38552.114157
523.737539,600,38556.06652
18.822616,54,38556.368094
64.573543,62,38556.730452
46.851551,279,38558.506362
39.759601,60,38558.960578
437.627176,600,38563.253193
109.782952,137,38570.126667
36.41675,84,38570.624527
-2.142691,57,38570.981992
11.528168,50,38571.303648
81.129783,157,38572.326623
78.558873,194,38573.690175
402.025839,510,38577.115433
43.563098,58,38577.489213
40.288055,144,38578.471723
71.938262,112,38579.247394
7.558246,68,38579.685709
363.041554,499,38582.69744
42.646776,64,38588.74397
21.121325,239,38590.133453
68.946265,114,38590.934316
419.003869,600,38594.815377
12.555306,58,38595.17178
133.866394,134,38595.988806
-1.918816,88,38596.516185
180.437442,566,38600.007795
25.671122,600,38610.014721
32.311987,159,38611.013878
52.627613,61,38611.445595
51.016301,78,38611.950594
45.091303,53,38612.291047
14.462558,51,38612.62555
46.944593,51,38612.950114
332.548464,578,38616.456496
217.330652,305,38618.366652
-0.485763,66,38618.757526
28.543129,79,38619.216232
89.515758,145,38620.049395
411.136846,600,38629.554158
77.593399,233,38631.025339
71.858156,152,38632.016812
43.588153,71,38632.445746
43.623215,82,38632.920694
591.55697,600,38636.705402
13.251493,51,38637.010674
-4.798309,66,38637.420755
20.673793,484,38646.530175
68.452445,128,38647.270796
46.560174,600,38651.1448
91.259187,121,38651.931647
37.67064,54,38652.238201
74.059998,106,38652.85113
99.559584,122,38653.566329
514.206845,600,38657.223
36.32901,119,38664.039553
471.530882,600,38667.721304
22.037061,162,38668.735072
14.59427,50,38669.076785
56.75778,69,38669.507989
57.03535,359,38671.821502
163.745166,269,38673.518455
62.847484,120,38674.284447
225.3686,360,38682.546076
49.743951,73,38682.958114
58.857941,600,38686.73401
124.843787,201,38687.990466
58.413445,78,38688.498992
15.606532,63,38688.926973
409.169223,530,38692.252011
37.915718,94,38692.825305
156.311263,252,38694.362285
131.430897,192,38701.570349
506.989762,600,38705.253509
45.15192,60,38705.672651
481.490469,568,38709.244585
93.409354,600,38712.780172
7.479452,46,38713.085371
522.794201,600,38723.04254
40.40252,43,38723.298512
32.409321,47,38723.594246
44.670259,46,38723.872989
275.230791,370,38726.19275
426.151776,600,38729.7578
34.693584,101,38730.352437
324.621462,458,38739.493459
67.53571,120,38740.308613
339.108736,398,38743.053966
-16.57203,49,38743.402056
77.749387,600,38747.166451
43.644186,46,38747.441014
43.563998,107,38748.073312
32.520716,139,38749.007318
24.309574,94,38749.632188
-18.50586,75,38750.139529
1.531698,65,38750.584154
20.367543,81,38751.112791
-2.129565,58,38751.458414
35.082383,50,38751.732234
139.566999,229,38759.035362
86.671353,131,38759.812072
-1.926928,48,38760.082542
47.427359,97,38760.649126
38.85962,75,38761.085963
417.083166,600,38764.681376
137.993407,211,38765.918101
47.344474,51,38766.224379
45.28575,46,38766.506331
82.718696,108,38767.170907
-7.196661,94,38767.765626
137.703869,168,38768.744327
41.752676,57,38769.089493
57.086441,69,38769.488567
-2.513007,52,38769.797289
76.571453,159,38776.746748
7.519634,55,38777.083368
479.229426,600,38781.026254
14.033702,50,38781.342266
2.579193,127,38782.073148
37.228582,125,38782.763955
46.31878,215,38783.985904
143.639384,600,38787.52198
-0.510631,63,38787.886754
63.772564,82,38788.382899
12.850395,46,38788.654168
28.185749,457,38797.354665
323.735406,600,38801.315273
34.600628,105,38801.98987
516.968991,600,38805.699527
32.599419,67,38806.106841
0.523716,47,38806.400288
137.17034,600,38816.024235
45.944736,68,38816.423921
513.658416,600,38820.106337
431.163633,600,38823.933958
18.186293,88,38824.584455
37.724194,82,38825.101411
8.770201,53,38825.452998
35.411858,68,38825.893985
106.34414,157,38832.782599
44.168009,127,38833.63032
97.165693,176,38834.714517
70.62766,175,38835.803348
382.328547,600,38839.400839
45.660204,49,38839.712151
460.7361,600,38843.412883
21.848664,69,38843.845612
59.315933,144,38844.728401
40.101631,395,38853.19931
43.452564,56,38853.557919
37.197872,69,38854.008327
26.109474,113,38854.730283
39.962796,65,38855.146063
44.125829,52,38855.46281
41.75135,87,38856.01925
109.897552,187,38857.28766
37.921679,47,38857.563398
33.064051,128,38858.331271
204.942406,281,38860.175983
142.088103,185,38861.499229
42.464672,83,38861.993854
93.223717,582,38871.966447
455.189338,600,38875.596433
241.729742,315,38877.4786
13.033262,52,38877.768148
47.800868,53,38878.082049
247.278733,358,38880.184922
92.503489,144,38881.106812
40.765276,92,38881.718165
157.217115,278,38889.468156
16.209921,86,38889.99709
150.351228,270,38891.711895
101.34054,161,38892.785465
114.512095,154,38893.775172
43.965013,176,38894.88737
12.483807,61,38895.266982
118.983626,232,38896.596188
41.232438,74,38897.045056
79.242355,104,38897.707616
44.623879,156,38898.624933
42.87448,75,38899.064221
37.665316,39,38899.284915
156.018013,255,38900.783012
53.017187,121,38907.552173
15.364253,58,38907.904052
20.730393,193,38909.055408
379.888562,600,38912.728131
54.10204,68,38913.143837
101.70113,136,38913.924829
83.856955,215,38915.211487
49.986589,71,38915.629587
52.620602,292,38917.420763
52.105091,70,38917.861208
117.096749,600,38927.996336
33.026576,131,38928.820804
164.788273,600,38932.963033
37.600018,64,38933.375768
199.104569,411,38936.080627
45.776127,85,38936.625819
10.639748,45,38936.915996
21.781032,63,38937.337187
-9.8803,45,38937.628592
53.82432,167,38938.680166
494.331947,600,38948.553779
-10.565215,223,38950.070017
102.214679,175,38951.213392
188.286615,303,38953.016112
316.009376,452,38955.92912
454.704791,600,38965.803138
69.370608,92,38966.372165
136.596383,205,38967.60885
37.842555,108,38968.269598
50.926442,52,38968.617495
518.564802,590,38972.322299
412.513024,600,38976.258741
29.867241,136,38977.056116
454.819587,600,38987.223019
58.450649,107,38987.845084
391.452133,506,38990.771255
9.147857,63,38991.116139
43.512104,53,38991.439747
21.373061,59,38991.803129
478.989736,565,38995.092077
22.172971,149,38996.079421
18.287421,56,38996.471286
13.681926,48,39002.839917
7.306189,45,39003.137743
118.411255,144,39004.142898
51.236007,64,39004.539703
142.11282,202,39005.753654
520.908374,600,39009.579444
124.067407,342,39011.757091
15.903627,48,39012.049659
5.127312,79,39012.556255
23.258714,46,39012.822412
45.286606,117,39013.498663
95.144454,600,39023.305576
435.065336,600,39026.817153
40.881523,107,39027.461148
6.451523,95,39028.01505
146.38315,237,39029.376937
14.663715,51,39029.714675
3.804393,46,39030.013245
165.918351,212,39031.40831
49.100596,43,39031.705015
517.132736,600,39041.77281
38.542639,71,39042.278329
539.691513,600,39045.879521
40.496369,593,39049.899394
408.012987,600,39060.100427
220.926276,600,39063.779448
48.040912,60,39064.11267
154.57717,217,39065.440892
5.655784,58,39065.864117
19.709468,56,39066.226936
36.395992,233,39067.737801
6.91184,75,39068.191897
110.251707,114,39068.986209
137.493265,600,39078.592945
131.427702,194,39079.78901
91.626671,178,39080.91295
130.669935,173,39081.999309
485.799256,600,39085.777999
433.035331,540,39089.478449
-1.899674,47,39089.774517
20.192451,56,39090.137278
17.264848,60,39090.510321
70.666642,177,39091.604718
115.36448,140,39098.579056
111.918466,179,39099.662916
52.330644,352,39101.762724
66.02172,110,39102.429126
178.320925,224,39103.851722
167.067997,201,39105.047996
286.307569,416,39107.588063
-1.534194,50,39107.921634
135.647,201,39109.415341
45.615114,66,39109.854962
126.868483,206,39117.245393
32.419357,64,39117.632409
80.069667,100,39118.241687
415.420312,600,39121.69886
49.722929,50,39121.980892
510.498035,600,39125.575076
80.243264,113,39126.255375
49.485731,47,39126.55338
36.520426,110,39127.19377
46.604724,44,39127.464596
30.119968,255,39134.954159
88.25269,268,39136.597877
72.009324,196,39137.733491
419.850088,600,39141.252931
76.106033,124,39141.975728
48.69095,51,39142.285457
34.630408,77,39142.755389
45.01285,55,39143.103875
18.605052,69,39143.550505
20.648414,58,39143.868323
138.489719,176,39144.982064
20.454099,86,39145.560844
115.77932,168,39146.683826
-7.996958,80,39147.261679
60.023582,71,39153.93018
41.219277,63,39154.30062
104.933743,131,39155.127373
40.100088,53,39155.45897
72.410047,600,39159.120852
69.176486,170,39160.240484
99.043557,136,39161.163446
37.173915,45,39161.481519
12.721971,103,39162.199871
114.506407,214,39163.723361
34.906549,49,39164.081538
45.466662,74,39164.626519
44.376264,43,39164.91285
39.279648,46,39165.200833
-6.994714,46,39165.465331
407.474388,487,39174.67507
164.412133,260,39176.255354
45.909066,54,39176.575951
28.824166,77,39177.089946
43.889195,65,39177.545868
49.750917,77,39178.05799
47.911131,86,39178.575968
31.206574,42,39178.867007
8.982254,60,39179.261759
58.817108,104,39179.888
59.33071,59,39180.240163
79.999564,306,39182.100977
71.885209,151,39182.991218
51.322569,120,39183.702961
80.578466,199,39184.909346
375.888208,600,39194.893464
381.669956,507,39198.306711
267.473904,375,39200.444157
44.187864,59,39200.782574
56.470444,75,39201.214171
13.500002,51,39201.492131
110.607126,195,39202.686194
127.017215,153,39203.72437
541.584752,600,39213.488714
101.589365,169,39214.49274
443.652242,600,39218.138353
152.210634,229,39219.49859
71.344553,600,39223.298318
50.38192,94,39229.881345
44.50284,120,39230.588514
1.795881,47,39230.878093
100.790861,188,39231.95517
46.341535,242,39233.371185
54.999137,270,39235.039388
430.936934,600,39239.013465
21.837555,76,39239.43124
48.111563,60,39239.782931
43.160909,63,39240.141478
117.305237,152,39241.052366
12.029982,102,39241.678615
154.781299,180,39248.685534
33.204659,71,39249.095638
22.645367,106,39249.676466
44.759455,59,39250.04638
2.309218,65,39250.42665
54.555354,66,39250.802815
40.88911,97,39251.376049
-9.701941,45,39251.655802
44.581525,45,39251.92376
14.474702,68,39252.372439
40.48419,105,39253.075437
130.736528,600,39256.761543
15.90322,49,39257.061215
69.252461,116,39257.76961
47.079937,52,39258.117391
474.177879,600,39268.005298
121.059739,208,39269.204376
40.276334,85,39269.676421
38.618755,173,39270.699022
92.903424,130,39271.465721
233.617617,374,39273.631126
53.138512,53,39273.952868
10.762016,107,39274.574412
40.402833,162,39275.558466
40.589726,52,39275.865461
153.917457,291,39277.651659
-4.395919,47,39277.939481
44.594965,77,39278.360693
30.782701,63,39284.893336
36.53215,56,39285.209038
27.311899,174,39286.208218
-3.897257,48,39286.491942
50.957988,63,39286.905629
80.725279,600,39290.72149
73.652418,236,39292.140026
40.201204,65,39292.521206
18.354165,59,39292.88147
8.153228,600,39296.8931
36.711528,94,39297.515284
2.048927,46,39297.835374
20.373374,600,39307.710019
51.922873,60,39308.089247
43.3653,63,39308.49588
85.9937,190,39309.692971
65.455071,111,39310.319747
273.177607,303,39312.146903
99.963569,286,39314.040318
42.809809,40,39314.318879
7.09409,73,39314.809489
581.614106,600,39324.587919
17.352198,110,39325.253442
50.012001,141,39326.140856
86.173083,304,39327.952259
16.628965,92,39328.531716
23.690157,102,39329.169831
134.597776,171,39330.250148
96.26614,127,39331.046418
4.397087,339,39333.13478
541.242254,600,39343.031442
156.217823,235,39344.357797
520.99358,600,39348.230278
-5.219856,140,39349.255516
105.772908,140,39350.319116
51.33213,120,39351.196394
121.509152,201,39352.570133
22.667886,92,39353.132684
48.382558,66,39353.526865
45.951092,42,39353.775195
61.721657,177,39354.794452
13.67646,97,39361.329235
123.213264,157,39362.251055
47.384378,76,39362.705038
72.148653,180,39363.806769
113.59509,155,39364.727945
111.40761,216,39365.929863
33.916915,600,39369.600141
58.125029,75,39370.109441
42.438489,84,39370.659049
88.974819,157,39371.706295
48.685593,95,39372.326747
245.958108,316,39380.305551
149.962731,211,39381.549152
38.982865,53,39381.857374
26.611534,56,39382.198282
116.809784,185,39383.262343
50.318192,106,39383.859351
95.249717,165,39384.858088
13.195824,65,39385.25114
586.481174,600,39388.949806
38.954458,47,39389.237032
14.296562,99,39389.829634
58.191545,72,39390.254863
40.958181,80,39390.740464
99.179669,150,39391.720907
12.503967,98,39398.432163
49.400929,95,39399.023399
92.142793,139,39399.881109
473.84101,600,39403.323545
50.408191,70,39403.706909
215.770052,317,39405.612522
36.493281,137,39406.427317
36.940302,43,39406.717893
159.419497,600,39416.618412
14.935597,60,39417.014176
30.255004,187,39418.250972
466.967083,600,39422.064356
37.487617,99,39422.748763
10.86122,53,39423.131125
123.258375,167,39424.273257
44.540157,80,39424.72399
8.703239,54,39425.024131
468.84361,600,39428.604228
41.841287,59,39428.998323
38.207565,53,39429.341254
122.930323,179,39436.460881
11.794403,61,39436.812159
45.856223,72,39437.214828
9.769958,51,39437.496952
430.023606,600,39441.228428
55.380693,142,39442.06723
130.673701,160,39443.033962
44.449755,59,39443.388903
80.478045,138,39444.26387
145.629758,164,39445.373165
-2.306772,600,39455.377999
53.473811,70,39455.813813
15.628029,48,39456.102218
18.778652,50,39456.407673
72.486483,188,39457.521445
307.383859,534,39460.828834
36.216159,125,39461.577472
282.019237,367,39463.788831
46.597646,62,39464.174073
49.6416,80,39464.660113
11.87828,102,39465.300516
147.304585,168,39466.289974
11.948531,48,39466.549705
128.151076,172,39473.966942
91.093707,199,39475.326221
1.00991,46,39475.66411
227.754271,403,39478.56234
-3.52225,85,39479.212135
114.500963,165,39480.353492
65.628917,600,39484.064137
89.656979,119,39484.833344
45.194097,111,39485.531694
11.554921,45,39485.829292
17.825043,50,39486.134727
36.752203,123,39492.626017
59.726458,159,39493.603939
22.248357,90,39494.127516
2.790022,59,39494.485708
42.042338,55,39494.832193
122.199495,159,39495.951485
104.23972,122,39496.810729
14.193968,47,39497.163408
37.497653,191,39498.382647
23.188538,128,39499.068687
366.040454,600,39502.983245
50.741724,78,39503.435151
163.402912,600,39513.244039
351.938414,442,39515.907075
107.994176,149,39516.873121
62.525397,188,39518.133245
274.843002,391,39520.605112
42.853226,56,39520.921767
7.81113,51,39521.21519
1.049467,46,39521.483531
1.677394,128,39522.243196
41.137038,74,39522.712217
544.533343,600,39532.539833
60.755528,60,39532.93467
29.189813,64,39533.346539
32.940048,600,39537.138864
125.250594,600,39540.711561
2.159931,46,39541.021047
206.116158,315,39542.971296
41.604743,72,39549.409026
43.465344,82,39549.891551
45.356245,52,39550.210805
56.903168,90,39550.755976
47.301191,60,39551.119102
156.306569,600,39554.751882
1.126217,600,39558.33558
27.605374,55,39558.631378
66.033328,140,39559.434075
-8.232604,48,39559.731307
32.853512,103,39560.367669
58.586418,61,39560.739709
116.227899,202,39567.816159
35.105482,53,39568.150806
45.365422,232,39569.452782
166.877213,600,39572.939039
149.503155,174,39573.982105
251.699841,347,39576.038307
-8.103182,48,39576.311545
564.775266,600,39586.406539
43.542516,600,39590.228351
434.911522,600,39593.790802
17.483068,600,39597.766635
110.409381,165,39605.088225
148.211027,600,39608.97928
160.370409,189,39610.127985
46.836749,157,39611.055081
33.402983,53,39611.380651
12.649359,45,39611.665378
164.817122,600,39615.437227
114.653799,137,39616.257394
111.857507,222,39617.55895
293.493123,421,39626.226591
45.992178,72,39626.689285
154.179629,191,39627.804843
-6.657369,44,39628.053659
349.349908,600,39631.818746
8.25984,46,39632.076111
515.883801,600,39635.636119
102.673965,204,39642.722713
70.602614,600,39646.315259
90.465951,600,39650.303225
522.179725,600,39654.009433
50.553422,119,39654.721975
48.588858,68,39661.279825
37.048028,75,39661.781965
112.608669,259,39663.449534
99.23953,153,39664.412644
138.88066,600,39668.383646
-0.569605,94,39669.028893
13.225604,55,39669.384583
-5.551885,49,39669.650898
24.152016,165,39670.583158
18.190629,45,39670.844399
21.052609,73,39671.269123
504.74521,600,39681.138954
29.419293,70,39681.569277
477.123709,600,39685.225103
46.200739,52,39685.524187
54.906278,241,39686.940006
6.236772,64,39687.31191
451.017228,527,39690.362686
41.116766,92,39690.894785
197.619906,264,39698.460752
8.030928,52,39698.817258
385.48907,600,39702.43374
212.248092,320,39704.39282
128.767448,198,39705.643718
13.200709,47,39705.92617
52.075448,67,39706.33678
17.181383,54,39706.652995
49.412137,66,39707.046229
137.558637,175,39708.04516
48.166284,121,39708.856163
131.228891,153,39709.817465
272.55368,335,39717.81824
95.751525,162,39718.729746
507.1873,600,39722.238345
22.255583,128,39723.04985
189.921786,241,39724.658983
132.219381,263,39726.129279
46.256828,45,39726.387151
41.653317,58,39726.711246
87.238969,271,39728.322472
10.961534,55,39728.651934
5.702944,64,39735.289132
15.066785,52,39735.583541
246.999544,329,39737.602331
93.435862,173,39738.683892
120.021792,600,39742.490539
77.618562,92,39743.100754
55.883739,81,39743.632425
471.843794,600,39747.120556
322.795405,399,39755.697891
183.775611,237,39757.192189
465.785417,600,39760.801317
48.042308,48,39761.098381
15.120097,52,39761.448685
354.345822,498,39764.636575
48.729457,62,39764.988082
96.607211,276,39772.954109
440.201233,600,39776.769922
12.075257,62,39777.124643
170.738233,231,39778.501211
34.936365,109,39779.147471
13.889113,84,39779.628607
341.557347,477,39782.679402
71.597203,144,39783.518799
35.917686,40,39783.758016
46.572204,64,39784.126588
17.336895,62,39784.471842
31.476614,65,39784.866427
51.362288,130,39791.550634
465.56427,600,39795.160168
-8.513489,60,39795.492296
33.148315,219,39796.7572
443.85899,600,39800.43538
4.840744,55,39800.773457
10.732015,56,39801.149197
89.421641,222,39802.600121
295.147389,372,39811.011417
19.041261,157,39811.960302
58.395898,62,39812.337686
37.798245,56,39812.679898
241.552769,323,39814.674649
3.51755,48,39814.967391
161.568326,600,39818.684331
14.791268,47,39818.973047
148.550853,179,39820.025527
183.263093,207,39821.195705
95.056459,131,39821.932167
8.870582,104,39828.546762
181.446937,333,39830.805538
9.498781,84,39831.326147
44.593248,53,39831.633283
465.391368,600,39835.022256
151.570759,197,39836.188844
166.29704,237,39837.556327
156.87206,200,39838.775033
34.671354,71,39839.200104
308.703683,372,39847.309105
43.910661,61,39847.749376
44.628194,69,39848.191815
45.522558,120,39848.943827
14.583363,47,39849.239168
593.525603,600,39852.890804
49.055866,71,39853.372505
50.03993,92,39853.953436
37.754829,57,39854.332295
159.612691,600,39857.829018
37.691722,74,39858.24647
59.025192,77,39858.666017
34.507836,64,39865.039498
41.413843,269,39866.696679
57.347304,63,39867.073319
75.054622,98,39867.662321
15.318621,69,39868.091364
448.319582,600,39871.983556
167.00891,216,39873.346028
0.014063,46,39873.611428
62.011586,68,39874.012082
3.606543,66,39874.390141
93.199664,235,39875.767487
28.012831,48,39876.075212
10.766561,47,39876.371744
42.868325,181,39877.49537
22.754926,58,39883.860376
112.143463,440,39886.433146
406.873969,600,39889.944433
473.416928,600,39893.555798
185.415196,266,39895.241638
-12.086545,104,39902.05521
530.782493,600,39906.06404
52.020105,73,39906.506255
-13.743092,69,39906.892837
112.406832,155,39907.817479
148.689389,199,39909.033436
111.136042,140,39909.847904
-6.671963,58,39910.188562
4.802238,245,39911.584242
62.820513,86,39912.104622
43.219926,73,39912.539081
43.774678,58,39912.920494
84.480272,142,39913.897733
-9.756733,63,39914.326541
48.319661,177,39921.550287
63.346575,77,39921.974824
72.378781,79,39922.453751
7.475077,81,39922.926145
154.949384,352,39925.202979
115.610057,152,39926.213397
45.338938,65,39926.667702
28.516504,82,39927.161199
14.464845,66,39927.530064
57.351397,100,39928.074481
-6.866535,46,39928.338244
104.41847,134,39929.111689
105.38501,155,39930.104972
45.268723,92,39930.728858
35.861126,77,39931.2499
54.596316,600,39941.138355
74.166784,127,39941.927482
84.033084,600,39945.632144
25.817443,94,39946.164322
31.505861,169,39947.143907
11.283998,51,39947.429013
189.991266,600,39950.940839
27.662682,128,39951.678334
-0.612168,83,39958.182298
4.905977,44,39958.453458
358.931185,458,39961.166192
23.014975,68,39961.553069
437.722337,600,39965.001541
-9.006731,51,39965.2946
107.414065,156,39966.305549
20.207869,57,39966.678581
44.822046,44,39966.988045
-9.165892,51,39967.348259
539.015221,600,39977.156053
17.548409,48,39977.496104
101.768954,369,39979.77705
84.309606,166,39980.842427
18.869135,45,39981.156861
109.133604,138,39982.065858
41.274942,121,39982.837017
75.068051,139,39983.654929
477.680037,600,39987.254124
129.714833,146,39988.1719
81.006108,600,39998.077138
3.094213,45,39998.355004
16.719534,70,39998.746572
48.087385,53,39999.068788
441.022716,600,40002.59645
520.63166,600,40006.093356
570.567367,600,40016.175609
539.240882,600,40020.018332
-3.573598,54,40020.338944
468.350782,600,40023.899778
387.612082,600,40033.661079
549.340575,600,40037.451327
67.134449,113,40038.119716
52.829326,111,40038.795942
18.729466,222,40040.146399
454.554575,600,40043.971871
28.51806,83,40044.552712
79.327997,94,40045.134506
52.325089,75,40045.559936
68.064264,119,40052.51398
128.066898,304,40054.423979
45.983138,55,40054.765161
21.171546,159,40055.690681
53.393039,136,40056.506816
56.680354,68,40056.88007
43.053316,96,40057.426772
119.385705,199,40058.677463
89.27039,126,40059.440292
23.115949,82,40059.934295
8.120394,73,40060.363261
54.399498,145,40061.219215
21.282821,100,40061.87024
16.782367,57,40062.219548
14.256124,50,40062.537137
389.902987,520,40072.008038
492.638996,600,40075.753906
535.950685,600,40079.591753
7.92192,59,40080.024468
41.098893,66,40080.46852
468.807261,600,40090.361788
221.254314,467,40093.206
114.11385,200,40094.44554
84.933289,368,40096.753674
251.397877,326,40098.930341
138.702886,191,40100.191133
164.671608,215,40101.558556
444.591048,600,40111.107148
83.150405,134,40111.932836
49.588288,59,40112.302366
502.097658,600,40115.926582
92.918303,137,40116.795969
388.324276,600,40120.408819
42.898088,59,40120.805532
18.460313,66,40127.158646
108.132856,165,40128.26019
25.966778,40,40128.51446
60.066361,174,40129.564817
241.374802,297,40131.356209
74.896845,132,40132.108
27.60127,103,40132.756061
401.412479,600,40136.464856
51.362302,81,40136.927181
157.259892,191,40138.095138
13.786341,46,40138.367584
66.361824,75,40138.828372
22.53615,92,40139.39292
497.442149,600,40149.184578
127.189548,600,40152.963197
47.569263,61,40153.329311
68.045223,427,40155.885288
453.640159,600,40165.861498
74.925878,94,40166.415778
496.487046,600,40170.028146
20.253984,57,40170.367172
15.94049,105,40170.992181
34.905548,50,40171.304538
41.344717,243,40172.786476
40.812287,48,40173.093321
453.847731,600,40177.031704
468.217478,600,40186.533784
559.242059,600,40190.116191
7.201542,47,40190.42745
106.524093,132,40191.30987
142.728555,600,40195.060516
102.589651,129,40201.995772
2.381961,53,40202.34438
23.134705,83,40202.901009
162.134293,219,40204.334906
333.810265,600,40208.204326
77.450622,600,40211.818187
62.653853,84,40212.319311
45.444581,44,40212.633909
15.930963,86,40213.177966
67.693397,325,40221.458238
159.468011,168,40222.532279
150.874733,256,40224.158612
133.641829,212,40225.558526
69.697676,184,40226.762194
162.722991,200,40228.099691
461.630107,600,40231.923923
12.420999,600,40241.798629
183.027775,250,40243.28936
10.011364,53,40243.569217
2.408545,53,40243.883469
48.647869,112,40244.589066
46.89795,108,40245.322274
17.406107,53,40245.667136
-10.228447,68,40246.079154
56.818855,156,40247.01374
17.754174,86,40247.521016
65.997684,86,40248.035157
40.051266,40,40248.268518
109.142459,185,40249.392889
31.194373,60,40249.74778
36.50661,48,40250.048622
117.533217,207,40251.25037
285.794277,373,40259.569345
10.899955,65,40259.939498
496.271425,600,40263.570761
485.275048,600,40267.087857
101.948344,116,40267.845256
234.475911,302,40269.647899
524.306103,600,40279.544506
40.347863,272,40281.143168
10.694647,48,40281.423357
52.474409,101,40282.027879
115.481724,153,40282.981544
148.498115,187,40284.133048
8.617972,52,40284.466083
62.696128,95,40285.059621
13.894637,55,40285.404717
57.490023,62,40285.807808
99.483056,183,40286.938178
61.170264,143,40287.823086
76.86555,100,40288.434419
39.447931,69,40288.87435
51.97773,600,40298.746611
74.340504,149,40299.676082
127.348873,175,40300.747823
59.955495,72,40301.199713
365.70599,600,40304.873312
94.385926,276,40306.506329
21.866469,96,40307.156334
37.840129,135,40308.019499
52.205772,163,40315.042712
39.844286,68,40315.491727
-3.595346,57,40315.875483
30.403791,222,40317.177417
49.345096,43,40317.440959
29.43321,600,40321.161938
118.845364,174,40322.324489
56.783741,67,40322.786218
590.445319,600,40326.609162
10.973578,55,40326.974897
244.07046,600,40336.823604
15.463519,175,40337.816741
40.895363,56,40338.134109
13.148786,53,40338.434581
35.936893,56,40338.777385
74.060521,159,40339.757947
143.320896,189,40340.950682
151.252738,170,40341.972041
67.805657,97,40342.526718
57.564512,600,40352.504941
14.291089,49,40352.839392
29.162409,76,40353.349451
67.150441,137,40354.26389
27.343861,47,40354.592005
438.622349,600,40358.664587
500.44823,600,40362.649262
150.807031,201,40363.924294
10.053419,50,40364.265014
39.406611,158,40365.310471
66.322184,139,40372.077593
21.412514,84,40372.614226
36.470035,132,40373.51243
50.541508,106,40374.172051
19.59073,127,40374.968015
50.146952,41,40375.211684
568.695613,600,40378.706535
20.222317,55,40379.034518
14.736704,70,40379.46925
4.309204,57,40379.810174
96.645665,117,40380.50089
234.813786,300,40382.538086
14.226324,61,40382.940794
104.460752,176,40384.116895
369.357529,440,40392.67698
403.422514,600,40396.141467
6.251097,171,40397.168059
66.501828,87,40397.699403
554.289223,600,40401.732111
39.135882,58,40402.083109
41.697137,62,40402.47933
455.607681,600,40412.13984
36.541419,75,40412.581359
433.195014,600,40416.164631
52.217582,74,40416.619534
11.869655,52,40416.919607
205.152933,600,40420.613924
69.501691,132,40421.414608
21.003029,61,40427.84176
397.159912,600,40431.477475
20.99004,106,40432.086894
489.742505,600,40436.137181
9.219115,46,40436.52524
155.642269,245,40438.077594
50.624154,63,40438.459582
9.246859,55,40438.79535
102.189696,199,40440.004962
261.526048,306,40448.057718
137.207918,600,40451.747583
9.282874,207,40453.161515
-6.341853,63,40453.588739
44.705572,60,40453.992148
-3.714657,63,40454.418139
-10.495893,100,40455.084224
22.293108,53,40455.384744
53.023647,51,40455.676801
101.849665,238,40457.138583
101.68374,143,40458.133655
56.46779,109,40458.872235
33.0856,92,40459.454984
11.644031,54,40459.772803
96.5241,139,40466.397291
1.302644,197,40467.606941
61.712733,64,40467.996951
529.78719,600,40471.477805
165.346391,304,40473.269471
16.043318,56,40473.588073
51.314651,54,40473.898038
178.80085,228,40475.323731
52.410914,55,40475.676594
11.520083,53,40476.009712
118.81176,148,40476.998065
58.109392,98,40477.629282
88.922417,162,40484.864651
180.569086,206,40486.282429
37.142185,46,40486.609445
102.458157,159,40487.711269
10.167033,53,40488.064871
104.078815,168,40489.03542
438.125932,600,40492.746485
79.585035,181,40493.908029
38.349151,82,40494.396463
426.81346,600,40504.233431
109.888186,162,40505.321536
14.477571,60,40505.691148
13.571017,50,40505.998457
369.316495,600,40509.716614
437.340316,600,40513.297594
15.369124,90,40513.853097
44.957425,47,40514.152361
19.001079,55,40514.517712
21.574581,47,40514.802288
7.617943,78,40515.297316
420.642084,600,40524.950547
49.4402,52,40525.268092
75.636509,127,40526.097224
35.948065,63,40526.484328
-0.93797,177,40527.566831
449.530277,600,40531.199646
92.846283,214,40532.503564
124.516221,203,40533.660613
2.779142,51,40534.008648
73.017021,165,40541.284321
218.128399,280,40543.075825
26.118766,84,40543.633465
83.591691,184,40544.829228
7.770055,51,40545.179452
104.653714,600,40549.019756
35.957756,52,40549.324485
16.7155,50,40549.64378
-8.831663,49,40549.980225
436.252476,600,40553.847837
48.544414,67,40560.25069
40.192717,186,40561.528783
-8.998244,55,40561.902066
147.41521,600,40565.931854
53.512449,92,40566.566615
93.343454,125,40567.407195
-9.726266,83,40567.90967
-3.469273,52,40568.207376
98.732626,192,40569.31845
269.03488,411,40571.759035
12.436852,48,40572.054866
22.542625,106,40572.689803
54.22736,71,40579.090555
111.576063,159,40580.087213
79.322486,429,40582.809536
190.83461,230,40584.219844
31.785408,72,40584.638134
19.350914,54,40584.967096
500.377503,600,40588.589182
55.212618,143,40589.4869
18.92906,64,40589.890201
-0.22948,106,40590.549013
17.948248,47,40590.843006
594.365094,600,40600.43388
55.320369,59,40600.831225
6.087936,65,40601.219649
17.335315,51,40601.5308
64.877596,148,40602.38545
502.573959,600,40605.910179
14.118922,47,40606.178846
32.062228,53,40606.492745
57.319018,89,40607.04172
108.934026,207,40608.371059
101.907584,131,40609.140424
139.134557,180,40616.046458
53.753878,69,40616.470544
-8.165686,73,40616.934392
40.271501,140,40617.750234
457.26266,600,40621.284109
241.198367,295,40623.139116
56.262484,86,40623.675833
42.018076,152,40624.588669
106.6973,167,40625.572871
5.153198,58,40625.909963
60.849433,94,40626.439896
46.582826,72,40626.849605
195.16444,302,40634.617114
443.333409,600,40638.313548
27.285802,76,40638.74084
14.974797,46,40639.027387
126.65986,215,40640.41627
21.872573,113,40641.094944
167.818115,221,40642.414637
32.341719,211,40643.700326
401.181154,600,40653.233023
37.149805,99,40653.778342
344.938805,441,40656.408054
29.815536,65,40656.783513
17.08764,51,40657.078836
11.025775,46,40657.357895
49.338898,80,40657.802942
18.441017,61,40658.166031
18.033685,349,40660.234431
94.727974,189,40661.331585
447.332145,600,40670.970792
80.138729,212,40672.256737
15.722631,53,40672.586078
285.026016,457,40675.394536
65.274131,68,40675.807417
561.148944,600,40679.569381
6.409354,57,40679.935739
1.350158,50,40680.24732
1.899008,51,40680.562371
66.738906,111,40681.331557
-7.044023,48,40681.650995
170.374292,208,40682.989125
6.882922,72,40689.408421
42.533169,42,40689.63917
11.706417,52,40689.930782
14.822338,55,40690.250456
410.679674,495,40693.464964
462.768369,600,40697.083491
117.140625,600,40700.850557
1.846706,70,40701.291427
50.466509,63,40701.644172
447.471405,600,40711.498813
12.556624,50,40711.798239
474.548337,600,40716.334912
131.767369,167,40717.395679
83.223793,167,40718.379046
178.897143,198,40719.534084
11.485874,52,40719.842134
95.26589,179,40720.951774
72.744694,121,40727.498787
15.969347,73,40727.975535
17.467043,79,40728.446587
90.041493,159,40729.445206
20.550159,49,40729.780642
-5.268993,60,40730.149174
74.697431,68,40730.542563
439.639422,600,40734.514998
82.418163,137,40735.322826
51.370793,232,40736.793161
48.139287,67,40737.268359
30.299678,80,40737.832318
18.911807,108,40738.645766
336.023761,446,40747.486532
51.620258,72,40747.890279
17.467415,77,40748.328284
13.461418,65,40748.719975
15.828975,61,40749.086839
18.913241,52,40749.411942
75.373813,600,40753.209423
30.481249,102,40753.839844
39.240504,197,40755.148207
39.45189,125,40755.917727
34.259508,78,40756.383829
356.544297,600,40766.037047
43.582285,44,40766.320766
24.218244,61,40766.69885
258.133794,440,40769.4071
114.351332,132,40770.197083
549.476525,600,40773.95769
58.57781,177,40775.050147
21.973465,88,40775.567653
0.977545,55,40775.921974
28.250996,74,40776.444508
184.463651,334,40784.762686
114.018818,138,40785.616185
8.54952,91,40786.209484
13.445736,67,40786.60311
33.50677,54,40786.908832
4.422947,47,40787.168113
16.449232,74,40787.583271
46.509791,56,40787.939419
13.911572,52,40788.288507
27.872257,72,40788.777777
7.05199,50,40789.137912
106.494062,143,40790.217327
282.582326,375,40792.730789
585.387072,600,40796.373073
427.76337,600,40806.17269
37.239307,59,40806.53697
-0.721917,53,40806.910916
53.548226,95,40807.535257
19.666255,42,40807.77328
84.137712,175,40808.795982
249.750675,337,40810.868786
41.083596,110,40811.559578
20.538828,52,40811.866843
403.686846,600,40815.671247
23.877575,60,40816.104694
50.178727,245,40823.731529
56.439747,84,40824.268198
16.069638,65,40824.655305
3.336678,95,40825.240444
220.06934,384,40827.600468
49.883439,53,40827.945316
76.028921,125,40828.775854
15.643094,91,40829.395809
135.559286,173,40830.588177
129.177809,208,40831.795917
-8.597734,61,40832.152346
45.510039,68,40832.537687
139.596392,600,40842.103528
2.480165,46,40842.385231
42.771543,42,40842.623255
44.276122,45,40842.914072
396.38701,600,40846.660354
6.738949,53,40847.04776
19.291799,54,40847.464078
91.831667,476,40850.564193
149.486275,600,40860.324026
36.625154,70,40860.739354
75.789727,136,40861.53284
10.1872,79,40862.001314
32.871398,120,40862.765607
9.277111,45,40863.07668
66.180544,73,40863.580446
16.71048,90,40864.197806
49.115977,104,40864.871936
-0.971612,51,40865.200834
427.560158,600,40868.831154
494.711427,600,40872.290774
42.973674,214,40879.865996
312.294141,465,40882.938477
32.906176,106,40883.603271
1.668086,49,40883.876849
15.326776,600,40887.415868
59.65883,85,40887.934718
53.685216,194,40889.262479
37.487464,125,40890.099086
6.808889,49,40890.416705
-1.162354,51,40890.756616
52.754065,67,40891.189161
45.315611,67,40891.609502
17.422387,51,40897.902792
21.363259,80,40898.445785
78.578164,210,40899.840128
37.243893,45,40900.126367
57.229477,81,40900.625823
68.608801,128,40901.363993
46.486622,66,40901.739353
186.892694,271,40903.363985
29.742515,39,40903.630243
-8.559145,97,40904.26108
-6.794668,56,40904.617214
93.831705,600,40908.46598
175.937114,251,40909.955648
560.686924,600,40919.633368
22.330297,63,40920.042564
36.597007,73,40920.559186
558.486799,600,40924.501108
154.291787,178,40925.652358
72.369152,149,40926.53274
27.075905,114,40927.187114
181.040231,216,40928.499658
126.96592,154,40935.615723
4.254218,69,40936.007453
78.022414,155,40937.016459
11.037335,54,40937.392499
53.432632,67,40937.826831
115.780879,183,40939.125926
454.108707,600,40943.121987
93.196601,202,40944.407337
143.566929,196,40945.719241
43.676632,59,40946.106221
96.124792,192,40947.278706
13.015672,69,40947.717247
178.281962,224,40955.178405
49.123693,66,40955.587192
402.60145,600,40959.397823
19.393357,90,40959.952986
20.23381,67,40960.347214
58.284705,140,40961.179615
40.695919,61,40961.535427
6.674066,51,40961.835414
17.080577,57,40962.159055
445.445785,600,40965.689776
25.488311,107,40966.373793
6.760919,60,40966.733227
556.716983,600,40976.240903
67.529456,600,40980.006438
96.194668,143,40980.896833
31.623765,600,40984.666186
39.437041,74,40985.150685
64.053116,145,40992.044594
3.969025,46,40992.341172
13.156815,45,40992.603865
73.313776,131,40993.341663
5.01791,600,40997.12552
61.538337,181,40998.304459
171.297743,245,40999.756171
290.851172,387,41002.089098
305.215518,382,41004.535046
6.655244,47,41010.716879
244.218212,267,41012.611788
113.628122,171,41013.608673
19.60958,93,41014.229723
106.577046,202,41015.461242
55.210559,61,41015.836893
284.840003,414,41018.563014
15.923209,51,41018.914732
14.548541,50,41019.254119
62.655396,77,41019.721694
55.405882,171,41020.783578
128.76697,163,41021.807513
510.511371,600,41031.479094
23.635093,92,41032.005952
100.625157,165,41033.041501
45.493596,59,41033.413301
157.172277,275,41035.230221
224.488243,250,41036.866463
35.247047,66,41037.3059
45.93038,73,41037.764356
4.077842,56,41038.138081
409.569742,600,41042.19949
194.731921,225,41049.678798
38.607121,59,41050.017844
9.028653,45,41050.320775
12.730783,46,41050.597299
11.340802,49,41050.89448
90.277298,126,41051.612453
115.668071,600,41055.325438
1.011112,58,41055.673595
202.874182,306,41057.519136
96.51566,600,41061.168756
67.119981,136,41067.864736
9.811142,54,41068.213071
155.305623,178,41069.309767
14.220525,95,41069.917634
456.829266,600,41073.790479
56.359855,73,41074.259111
49.400149,56,41074.621125
29.828673,600,41078.451814
105.50074,600,41088.338431
14.80348,85,41088.976323
44.926408,67,41089.463257
36.389578,63,41089.877712
7.968107,111,41090.638171
1.599827,44,41090.924545
50.558538,100,41091.536063
362.562459,442,41094.151935
44.076636,50,41094.469944
36.2675,153,41095.364805
8.263423,59,41095.686154
140.185272,214,41096.945465
201.67663,460,41105.858657
40.650713,600,41109.575366
37.123662,72,41110.019603
14.482929,61,41110.403069
179.269758,256,41111.855176
11.227908,55,41112.166254
50.887185,198,41113.327434
19.848474,59,41113.70005
43.917369,600,41117.72228
74.669388,98,41124.442606
40.332054,119,41125.250091
436.548839,600,41129.013774
387.156957,600,41132.976361
61.743181,84,41133.512487
152.277851,196,41134.644245
43.930081,56,41134.954155
44.810129,76,41135.384465
224.636236,556,41145.022416
10.884886,64,41145.444525
97.839974,155,41146.45558
118.794205,600,41150.39236
182.79491,600,41154.426477
22.105526,81,41154.947484
39.937054,60,41155.385023
369.127863,503,41164.702289
37.886835,43,41164.986078
414.114237,600,41168.914273
32.725439,83,41169.398533
66.263867,94,41169.952043
178.934247,213,41171.185999
97.062905,239,41172.638182
132.372519,177,41173.73217
159.767601,216,41175.11125
77.893022,106,41181.784256
131.954093,181,41182.845749
57.989595,75,41183.300283
175.886574,227,41184.646173
120.015095,600,41188.187163
41.395622,69,41188.584806
-0.336246,64,41188.972375
267.229618,324,41191.085417
198.96882,279,41192.891451
43.826047,54,41193.308455
40.833065,65,41193.74522
72.74826,120,41200.607353
46.50631,66,41201.02346
14.706769,111,41201.700895
333.997766,600,41205.411471
39.604974,93,41206.064634
15.400106,66,41206.538329
47.627501,56,41206.958937
38.285337,74,41207.446429
161.588855,213,41208.739213
15.789301,53,41209.047011
40.406465,86,41209.579024
11.477488,57,41209.926517
97.690515,196,41211.185041
149.864152,200,41212.568751
8.545319,53,41212.913378
45.01916,43,41213.191212
130.120869,147,41220.293946
61.677359,66,41220.666559
28.237391,99,41221.24702
19.984087,57,41221.608313
59.539158,59,41221.963704
75.443922,600,41225.664686
67.876341,68,41226.074668
4.786229,63,41226.483278
335.230915,412,41228.998416
49.985642,64,41229.363494
42.872172,74,41229.842971
13.56616,66,41230.2411
64.667004,117,41230.995669
337.338192,546,41240.912715
50.905749,49,41241.250226
41.553085,50,41241.578923
85.914504,600,41245.200031
337.559449,453,41247.977568
68.945412,81,41248.553927
39.400634,60,41248.963447
59.659117,68,41249.410072
-0.600914,73,41249.885874
5.861113,45,41250.155342
22.035683,79,41250.646488
26.254318,44,41250.90054
305.910689,508,41259.832387
24.698993,80,41260.301426
46.871605,56,41260.611257
407.441908,600,41264.240544
2.538066,47,41264.521765
16.619086,89,41265.042111
552.860191,600,41268.635865
76.453431,142,41269.468728
11.554115,80,41275.966195
143.671499,194,41277.189613
55.55008,65,41277.579156
97.27053,122,41278.301124
-7.413324,55,41278.615946
81.539461,600,41282.339944
19.889362,54,41282.645724
40.644794,162,41283.611862
486.994182,600,41287.112854
3.592403,45,41287.388202
83.342953,133,41294.340327
1.776207,73,41294.808803
28.376659,114,41295.609351
57.854731,107,41296.413657
71.678261,95,41297.100167
61.620618,64,41297.491683
9.051834,58,41297.844079
242.788535,295,41299.660362
33.225932,49,41299.964606
136.344871,205,41301.198735
47.466496,119,41301.898525
34.882443,177,41302.995793
202.19784,274,41304.825394
-8.649782,47,41305.122194
207.291777,393,41313.453868
63.638985,81,41313.989593
34.103171,76,41314.504631
62.797122,600,41318.662688
66.406295,124,41319.527889
29.214974,79,41319.987306
25.260882,96,41320.5619
11.518013,45,41320.847563
21.814771,49,41321.166354
40.978832,60,41321.529888
50.013742,74,41322.000917
65.298038,197,41323.122739
413.499529,546,41332.415196
36.759678,63,41332.8055
43.168549,48,41333.076771
404.693043,511,41336.364498
96.898746,217,41337.798923
106.855665,200,41338.971548
25.072372,51,41339.263558
300.609831,370,41341.484871
147.741297,259,41343.117926
13.447366,49,41343.461735
45.492839,43,41343.779254
48.500586,73,41344.277252
20.364871,110,41345.033622
431.180886,600,41354.971718
47.411174,40,41355.226851
24.489792,172,41356.244703
106.679823,151,41357.153371
185.555798,341,41359.19701
39.17911,137,41359.98258
12.215789,57,41360.308113
6.585686,54,41360.610229
48.953163,47,41360.881291
87.674793,113,41361.544466
30.94429,132,41362.276522
17.916513,51,41362.582325
29.011249,72,41363.013579
40.596587,67,41363.442609
39.242518,60,41369.802889
21.644946,117,41370.533007
263.64832,348,41372.649396
75.253227,285,41374.38859
55.063672,104,41375.031294
44.1485,44,41375.299864
71.277614,101,41375.943862
16.379077,47,41376.23421
57.362027,122,41377.002961
52.208271,60,41377.373518
114.081726,248,41378.890265
47.87615,57,41379.26761
264.256949,600,41389.052448
33.872921,58,41389.417197
40.858613,51,41389.739671
46.944147,64,41390.155561
37.733702,63,41390.603345
158.480755,227,41392.063925
34.055232,130,41392.84431
66.521033,135,41393.631649
105.591978,182,41394.683799
32.517959,77,41395.140893
127.191033,275,41396.904471
40.148561,55,41397.277389
36.532237,91,41397.903792
53.180042,72,41398.381847
45.011428,68,41398.787918
34.919729,44,41399.050287
355.673756,433,41407.748828
6.681539,49,41408.050389
55.09561,69,41408.472817
73.939479,148,41409.396288
41.318422,74,41409.874508
40.761836,122,41410.643737
534.489589,600,41414.360181
9.480265,45,41414.628953
100.248226,167,41415.632356
-11.892798,72,41416.055542
2.860324,57,41416.411963
13.587472,119,41417.159274
47.833281,66,41417.564512
26.215806,103,41418.173314
493.706893,600,41428.056824
62.850478,97,41428.734826
31.69809,600,41432.634315
67.391365,178,41433.786779
85.114213,130,41434.588421
-10.738914,51,41434.879054
62.3279,128,41435.596744
52.330893,56,41435.904103
262.744423,333,41438.055975
441.479317,600,41447.864895
41.964898,141,41448.726883
21.510986,87,41449.26089
9.452539,61,41449.637641
42.464904,46,41449.944009
474.332142,600,41453.761082
469.324805,600,41457.447524
136.910523,600,41467.589893
85.509972,137,41468.474997
515.025823,600,41472.142631
67.908048,191,41473.266976
43.082579,52,41473.58227
460.473572,600,41483.22547
51.000825,159,41484.210024
15.580067,57,41484.562538
42.828091,77,41485.043615
16.032834,67,41485.499256
43.866388,71,41485.963917
571.954218,600,41489.771744
563.401969,600,41493.630636
128.897831,158,41494.539192
244.878735,600,41504.302882
34.291898,211,41505.604338
131.902723,283,41507.323064
100.142065,522,41510.461547
21.20431,204,41511.732391
51.647577,70,41512.228995
106.801836,190,41513.503986
98.905376,113,41514.316454
5.417591,61,41520.992772
490.617641,600,41524.828551
27.58542,70,41525.263023
42.805238,56,41525.589719
40.498293,69,41526.000732
576.091899,600,41529.562973
176.955755,245,41531.038331
-3.631163,51,41531.347692
78.21239,174,41532.441416
36.869994,41,41532.710422
31.009771,100,41533.326455
74.962366,182,41540.423858
53.473541,64,41540.867444
30.529322,138,41541.70233
39.275006,70,41542.11096
222.339771,281,41543.817378
385.108008,478,41546.667214
131.80844,178,41547.79821
25.775349,53,41548.123619
9.318512,55,41548.493092
44.919911,57,41548.885055
-6.942465,83,41549.454348
238.453056,312,41551.46297
43.191269,62,41551.839125
52.319654,85,41558.19268
325.199986,471,41561.058472
84.749965,209,41562.409232
561.936751,600,41566.449571
447.914473,600,41570.003027
52.875529,84,41570.530638
25.282213,177,41577.696356
177.148833,199,41578.903785
151.221342,197,41580.078933
54.841684,50,41580.390947
104.443535,150,41581.284868
2.857522,46,41581.560111
96.086863,155,41582.525343
13.361076,148,41583.523911
47.870822,45,41583.812905
8.778573,55,41584.174816
541.609902,600,41587.982424
462.832647,600,41598.113494
5.779145,48,41598.390823
109.992479,135,41599.223507
43.75066,60,41599.552872
37.051443,56,41599.885371
40.580803,178,41601.001713
169.967227,210,41602.255438
-5.414025,55,41602.575674
45.69371,58,41602.955963
444.830849,600,41606.843253
538.53358,600,41616.255126
-8.832595,45,41616.513638
59.072542,141,41617.32564
146.447398,600,41620.935449
48.222313,47,41621.23033
-4.705371,170,41622.313474
476.738741,600,41626.283859
480.632021,600,41635.916421
58.465049,54,41636.239796
41.544568,43,41636.491878
38.784576,84,41636.966124
99.914871,381,41639.281008
47.720955,43,41639.52458
580.370631,600,41643.190111
19.975473,72,41643.597686
84.213113,600,41653.379424
48.921011,50,41653.704542
40.422854,63,41654.124459
0.831857,68,41654.556149
64.205318,600,41658.220684
113.856766,132,41658.980012
10.582831,103,41659.575945
124.07535,156,41660.590453
50.452977,73,41661.029918
36.763985,46,41661.32967
39.609937,58,41661.707785
539.678379,600,41671.925995
103.373498,600,41675.596509
88.882391,189,41676.682749
8.938788,191,41677.814163
101.050845,103,41678.448648
310.830881,600,41682.38487
16.791554,78,41682.905704
-9.471782,56,41683.261372
49.342546,64,41683.664434
237.976006,366,41691.996174
119.721777,225,41693.357834
37.564816,145,41694.169044
77.210401,306,41696.092847
14.897531,106,41696.878412
32.482351,100,41697.54516
49.455702,46,41697.857384
48.549329,47,41698.134764
122.509919,167,41699.116516
80.761309,212,41700.438209
44.329065,54,41700.80087
75.968681,138,41701.6646
130.575795,159,41708.590846
43.406608,44,41708.871343
75.343319,600,41713.028358
102.186134,600,41717.064752
139.908945,172,41718.065056
41.844393,45,41718.324358
41.495179,57,41718.658281
44.627477,76,41719.08469
80.913463,180,41720.193933
38.89601,46,41720.483002
13.60068,51,41720.779475
56.914293,116,41721.490781
53.670645,53,41727.718816
99.223035,183,41728.815432
222.263728,308,41730.743567
50.118829,45,41731.034847
43.785501,66,41731.412975
39.123822,130,41732.231253
128.065488,168,41733.388331
0.709453,55,41733.776656
12.569366,51,41734.11624
101.851351,130,41734.992167
50.646542,89,41735.601234
38.539385,140,41736.416136
36.975663,97,41736.969037
240.427215,331,41738.979357
48.491722,63,41739.385448
9.814071,88,41739.971677
127.34368,182,41747.37541
12.720213,75,41747.832592
48.487357,134,41748.675167
85.256018,136,41749.509112
131.931688,600,41753.506776
44.694534,55,41753.89849
14.584881,63,41754.315595
468.42875,600,41757.926195
37.10119,59,41758.327775
60.459243,114,41759.062412
115.288257,191,41766.397928
9.830973,133,41767.309646
66.472327,127,41768.178945
63.321715,148,41769.076199
27.394248,600,41773.008114
215.005235,600,41776.965775
120.158903,600,41786.601445
13.404837,78,41787.089403
128.81478,151,41788.07178
17.16068,98,41788.685769
57.36679,600,41792.312075
5.227757,44,41792.566753
19.207609,137,41793.406909
2.662668,45,41793.705103
15.742098,53,41794.046279
13.876761,99,41794.678491
101.348066,178,41795.773306
92.090912,165,41796.771773
48.732353,49,41797.052803
52.217318,113,41797.706379
6.127639,55,41803.959059
35.649413,76,41804.453108
13.608969,47,41804.74772
128.77119,600,41808.407017
67.021994,218,41809.692821
45.389258,57,41810.074841
454.725092,600,41813.737193
-4.489703,50,41814.063916
135.521027,199,41815.373454
12.923806,47,41815.669709
454.396606,600,41825.280463
413.990561,600,41828.846536
483.42936,600,41832.487004
37.918874,53,41832.837687
12.612052,48,41833.158659
107.77491,146,41834.171849
77.333797,188,41841.562508
5.461805,46,41841.821034
224.665386,282,41843.55894
401.60243,600,41847.436382
40.281878,84,41848.004826
29.526554,132,41848.88163
19.602818,56,41849.243731
45.224129,103,41849.865181
112.942055,215,41851.134929
19.436677,64,41851.547164
33.795405,150,41852.52942
131.153276,234,41854.079552
42.36444,44,41860.354566
32.474025,148,41861.203388
62.676987,124,41861.96018
77.172398,215,41863.230926
49.892131,68,41863.672332
42.907752,69,41864.111393
44.398875,63,41864.576516
114.210402,196,41865.833844
12.244443,74,41866.339438
49.991429,120,41867.144059
15.246141,57,41867.509798
50.258649,165,41868.507539
67.074393,143,41869.454949
22.752985,81,41869.998097
41.111106,108,41870.703125
68.603206,81,41871.219927
44.879996,46,41871.491238
52.139475,600,41881.49103
67.938494,125,41882.220581
31.600475,600,41885.866104
99.2676,168,41887.015659
168.09886,224,41888.566867
487.674777,600,41898.553403
97.235723,145,41899.415162
6.037709,57,41899.755923
100.740875,193,41900.884863
19.328325,63,41901.330855
11.089823,143,41902.269617
42.787564,65,41902.697842
36.943414,108,41903.442673
460.665545,600,41907.039191
-2.236676,81,41907.510823
203.661299,308,41909.318948
132.170537,178,41910.394457
133.873957,158,41917.579236
44.213599,70,41918.064452
53.254391,77,41918.601033
-6.909655,60,41919.039561
450.751038,600,41922.920645
361.114099,600,41926.653398
188.295823,253,41928.308738
49.140191,68,41928.767152
87.004777,163,41929.748301
52.109828,57,41930.095962
45.874875,193,41937.204339
45.501689,65,41937.605097
42.527435,59,41937.951318
13.524305,67,41938.381928
36.969806,119,41939.070208
82.469243,158,41940.020194
-1.095666,75,41940.585384
11.733331,58,41941.017334
119.981186,144,41942.120257
35.881774,103,41942.899318
36.415321,50,41943.280516
444.769066,600,41946.806573
156.235999,204,41947.968228
471.587834,600,41957.52736
9.651627,64,41957.924824
13.706604,79,41958.451526
29.241936,420,41961.225389
60.469403,199,41962.538357
87.413092,127,41963.366151
66.444246,79,41963.831627
10.35738,100,41964.450781
114.402479,224,41965.804069
25.160733,60,41966.14461
40.200775,75,41966.585058
156.172537,211,41974.147494
3.334738,65,41974.526545
25.258163,43,41974.781281
65.931631,95,41975.354681
58.298784,73,41975.777828
113.464576,600,41979.782028
13.194927,72,41980.304826
49.622907,54,41980.734201
485.968728,600,41984.347775
43.058367,75,41984.840201
46.532569,67,41985.287111
10.334723,104,41985.977318
43.512971,48,41986.286692
164.552171,191,41993.633492
51.871244,58,41993.982242
11.372548,48,41994.253636
471.958354,600,41997.970199
49.177946,97,41998.554292
76.191819,84,41999.065364
42.49102,92,41999.619394
31.585718,600,42003.370126
47.882497,61,42003.711448
43.069702,50,42004.00984
470.423025,600,42013.493802
43.626182,61,42013.874847
139.843684,163,42014.895391
48.11124,50,42015.187761
-0.182649,46,42015.482571
220.867206,358,42017.590837
136.146407,182,42018.643999
40.512056,120,42019.428248
45.656706,56,42019.791811
44.801963,68,42020.205734
511.677384,600,42023.928099
90.596242,600,42034.00617
31.308957,89,42034.628818
82.645273,161,42035.564188
47.235104,71,42035.971226
131.650208,194,42037.132455
106.958916,128,42037.914281
41.056675,54,42038.254801
35.612727,47,42038.548468
114.939558,165,42039.670733
104.60705,600,42049.835661
40.498942,135,42050.7242
204.275037,253,42052.312299
40.525271,118,42053.067805
97.844966,121,42053.787069
483.733306,600,42057.446526
39.020958,106,42058.104298
17.291131,54,42058.43887
48.926646,95,42059.004813
106.274431,251,42060.468395
56.908041,65,42060.854688
39.14484,60,42061.242002
561.847103,600,42071.115016
14.477401,98,42071.701474
72.978993,174,42072.76799
28.160424,77,42073.234917
37.429273,48,42073.54421
140.123568,198,42074.763157
165.568346,185,42075.847145
57.33808,61,42076.204765
460.942629,600,42080.01512
41.134333,77,42080.455557
32.059843,69,42080.876647
70.389808,600,42090.448154
59.580469,600,42094.202636
90.338804,125,42094.991404
90.495779,343,42097.216972
38.346961,77,42097.697479
81.27462,126,42098.498181
52.377295,62,42098.907673
83.940352,95,42099.467111
146.316939,292,42107.250787
-1.972395,45,42107.558069
45.143072,58,42107.916775
39.831886,52,42108.205642
30.888181,63,42108.595214
43.314659,68,42109.038101
14.608486,97,42109.699075
95.17744,128,42110.561967
355.325939,425,42113.288714
50.887301,149,42114.202826
42.933517,51,42114.536494
107.894501,206,42115.804534
56.368722,81,42116.349882
29.537976,53,42116.709815
537.651249,600,42126.657694
519.408268,600,42130.514307
-3.549089,49,42130.841231
83.562008,102,42131.42925
542.774939,600,42135.144759
41.545079,54,42135.461689
3.828089,48,42135.746161
133.316696,189,42136.861345
41.04788,51,42137.170008
92.233933,113,42144.077878
-3.471063,465,42146.825878
35.51759,247,42148.301818
109.495912,173,42149.479198
58.715494,88,42150.109041
209.626265,300,42152.158738
44.14376,55,42152.494381
13.519146,61,42152.833719
147.95435,203,42153.983814
273.458473,311,42155.817681
10.220016,124,42156.595582
-15.305373,89,42163.480438
37.556704,129,42164.312196
169.677455,194,42165.513295
82.166131,183,42166.588097
39.146227,45,42166.845907
18.353109,68,42167.24358
8.124549,49,42167.511522
43.0,69,42167.929872
198.460125,238,42169.276652
165.701691,222,42170.539047
195.576998,600,42174.296689
39.607549,119,42175.082852
112.385931,152,42182.295422
80.528126,600,42186.010931
61.993696,72,42186.452346
87.895341,94,42187.004651
60.005027,84,42187.543558
122.882825,171,42188.700318
44.900877,57,42189.10845
92.928489,127,42189.894252
197.92588,274,42191.500121
52.376487,85,42192.008648
94.940033,143,42192.884985
42.90468,72,42193.329576
-1.403665,190,42200.613577
18.836612,53,42200.926099
49.523737,54,42201.253722
519.46861,600,42204.878341
169.623944,220,42206.41956
525.018171,600,42210.038425
470.339162,600,42219.622952
43.394432,49,42219.915838
-5.760069,46,42220.232052
552.259043,600,42224.115466
47.939623,55,42224.441682
23.139826,600,42228.399838
15.617358,206,42229.63479
18.28468,75,42230.086216
19.064806,51,42230.436549
40.521003,46,42230.727581
38.390595,91,42231.30387
22.18381,99,42231.939186
38.524022,53,42238.400466
73.116923,133,42239.250807
47.076857,65,42239.66467
97.117456,145,42240.531479
37.233647,61,42240.929912
537.646326,600,42244.806102
44.260979,74,42245.257501
152.691466,208,42246.604137
97.655738,184,42247.82052
44.727811,64,42248.194617
31.496892,53,42248.523438
34.384093,72,42248.935467
37.69804,46,42249.230226
143.725096,211,42250.505047
132.337178,276,42258.149016
46.159252,112,42258.805219
40.574985,115,42259.563123
75.150291,111,42260.365471
496.903892,600,42264.223902
37.350977,48,42264.537284
123.58121,168,42265.73164
358.953044,600,42269.473413
92.411008,131,42276.163385
95.130043,118,42276.897657
114.945858,234,42278.442063
36.206914,94,42279.067138
37.764908,53,42279.433586
63.958726,172,42280.478412
23.821098,81,42280.984339
45.76146,67,42281.394074
9.389913,46,42281.683487
86.104345,119,42282.457908
36.903009,600,42285.982969
41.162933,68,42286.409204
46.624162,600,42296.452207
44.837933,57,42296.83979
47.275569,57,42297.184187
46.91186,60,42297.541459
40.444401,390,42299.895919
13.644237,54,42300.212385
42.535295,49,42300.495577
45.806265,67,42300.922428
38.356173,45,42301.191812
3.120938,369,42303.412096
13.247161,129,42304.23982
85.027009,127,42305.015128
12.984192,600,42314.947939
36.359184,76,42315.463077
240.271533,354,42317.648437
100.968276,296,42319.427182
47.368514,56,42319.815506
95.539141,181,42320.969965
122.682093,138,42321.799472
98.738891,147,42322.630653
64.488784,165,42323.59647
49.828869,58,42323.939198
-8.84536,50,42324.219784
19.785851,129,42324.954231
36.229235,153,42325.842869
57.063925,149,42332.775759
43.072293,61,42333.154098
85.352991,130,42333.914746
44.48635,59,42334.28616
72.719858,125,42335.104892
38.703452,98,42335.7291
34.929309,46,42336.032638
50.724249,71,42336.505663
-1.779987,48,42336.822661
103.055845,140,42337.622603
170.159526,234,42338.981779
26.893125,101,42339.556407
-5.58183,124,42340.292138
46.212887,72,42340.73777
77.076476,163,42341.757077
51.538685,62,42342.183233
516.445474,600,42351.857203
40.388947,54,42352.195306
463.728871,600,42355.854187
2.561952,95,42356.480323
528.176605,600,42360.069907
131.693982,211,42361.32033
105.372163,192,42362.505248
-10.677171,51,42362.824411
160.72845,239,42370.359335
5.640307,99,42370.941981
-4.191977,46,42371.20916
55.618009,57,42371.547969
35.314979,58,42371.886842
41.857201,73,42372.366102
36.383175,57,42372.713822
38.321779,63,42373.120159
49.253574,73,42373.574998
33.052486,600,42377.709005
45.653085,52,42378.073231
69.364562,124,42378.891511
474.944043,600,42382.544675
24.107125,186,42389.708099
39.607899,215,42391.00929
88.816195,291,42392.634575
111.085051,136,42393.49459
51.327257,72,42393.954286
34.963139,120,42394.716726
42.410255,62,42395.11717
101.20696,167,42396.213681
186.469942,600,42399.947462
104.401293,134,42400.772159
201.616543,307,42408.492109
64.008936,72,42408.926913
394.070385,473,42411.90836
71.305136,167,42412.922232
55.503073,86,42413.443044
34.760774,44,42413.70717
71.583809,92,42414.25407
40.33348,197,42415.695472
58.349197,174,42416.893242
432.98496,600,42426.93762
106.683594,135,42427.769603
100.495948,160,42428.749149
-9.805947,44,42429.012239
13.883533,50,42429.329546
520.455306,600,42433.005337
23.704158,158,42434.022004
101.369548,157,42435.027194
306.048135,390,42437.437951
145.49198,203,42438.76512
86.336423,156,42445.636016
78.404373,103,42446.242382
7.496601,72,42446.657778
20.468099,67,42447.058735
117.512899,161,42448.010494
502.469504,600,42451.560894
99.034595,136,42452.458121
5.033753,81,42452.939586
5.700899,600,42456.818263
47.839513,55,42457.192885
53.678544,88,42464.039325
63.392129,600,42467.802945
329.232616,394,42470.249628
145.548598,203,42471.525573
41.890853,48,42471.802412
94.008177,122,42472.538692
43.500871,48,42472.882176
422.898233,600,42476.684028
43.663703,55,42483.099715
134.04042,600,42486.780078
151.748384,190,42488.030627
33.122846,600,42491.700174
8.521799,45,42491.96209
36.044765,85,42492.479267
106.590744,227,42493.95603
138.335591,179,42495.186996
129.380506,161,42502.339554
586.402796,600,42505.978575
39.464742,67,42506.355516
46.008506,82,42506.829741
270.907488,357,42508.932614
40.017342,51,42509.225951
40.880772,76,42509.671983
23.430954,79,42510.130829
18.135566,95,42510.690063
0.406148,81,42511.180973
55.603444,95,42511.746079
5.784717,47,42512.060126
200.770719,267,42513.720533
9.334927,62,42514.092239
38.224817,115,42520.604619
69.231446,169,42521.689415
46.762388,59,42522.066101
45.529352,61,42522.453361
73.314005,166,42523.571091
98.635916,190,42524.640272
79.458326,140,42525.438964
-0.687164,92,42526.014582
-8.355217,65,42526.385017
43.916677,115,42527.081454
-10.610216,100,42527.696217
1.377764,46,42527.985811
71.83305,127,42528.769685
46.797793,53,42529.105936
34.010713,127,42529.902535
521.150971,600,42539.829772
70.442976,410,42542.490965
132.551382,172,42543.579314
71.831253,164,42544.685339
41.275591,66,42545.144983
398.978056,600,42548.924391
78.025865,387,42551.442895
43.405483,72,42551.856118
49.076763,59,42558.130136
48.722899,143,42558.984105
99.365261,119,42559.685426
12.397649,72,42560.11092
35.655238,600,42563.881801
19.580207,54,42564.215471
38.541168,78,42564.701366
43.932639,66,42565.072218
46.797396,67,42565.467965
38.039881,123,42566.193324
45.408083,47,42566.47186
101.714694,204,42567.717066
-9.400204,46,42567.989514
55.89111,260,42569.499916
49.761239,57,42569.832286
35.097648,63,42570.189821
55.39932,80,42576.741218
98.144645,142,42577.611184
44.425287,61,42577.977051
33.134497,97,42578.608971
506.887673,600,42582.196547
532.725207,600,42585.625078
25.539301,95,42586.208083
77.045839,128,42586.997117
101.881132,147,42587.906259
318.739774,392,42596.527902
448.336714,600,42600.160496
38.164896,134,42600.941053
102.753375,136,42601.743315
570.173824,600,42605.305077
52.587333,65,42605.69159
45.572834,75,42606.151843
38.029171,80,42606.656677
33.557694,48,42606.940021
47.21408,52,42613.490044
212.404454,247,42614.986406
46.847737,62,42615.371991
44.825541,55,42615.708021
62.310892,74,42616.175973
31.996492,90,42616.766396
125.503678,138,42617.742815
1.329397,46,42618.08072
124.828177,161,42619.23406
71.742039,98,42619.931047
37.639783,141,42620.870737
74.843357,118,42621.632805
16.022518,57,42621.982295
41.527016,109,42622.635586
538.305102,600,42626.206829
39.266974,50,42632.453139
41.670697,58,42632.787571
-5.996671,48,42633.063817
41.28013,54,42633.36861
68.14524,600,42637.31162
40.360261,92,42637.951329
190.992214,241,42639.453739
81.268793,98,42640.045228
554.461966,600,42643.490215
38.376851,95,42644.033888
77.352556,86,42644.575487
101.510353,130,42651.423486
34.971273,77,42651.873353
77.363663,119,42652.663064
459.47285,600,42656.521597
8.525888,52,42656.878051
38.902356,58,42657.279965
43.503788,54,42657.623167
34.558776,89,42658.181652
103.283396,160,42659.183416
50.608662,556,42662.422876
17.356881,115,42663.086346
57.488611,56,42663.474732
31.899743,43,42669.639971
586.289532,600,42673.36997
94.051212,196,42674.534812
322.612964,404,42677.021721
63.118015,600,42680.503132
116.469122,147,42681.35485
28.629271,104,42688.135182
47.38751,69,42688.5764
25.904434,133,42689.392105
238.645421,288,42691.058425
510.476429,600,42694.591902
48.093022,56,42694.932181
273.129748,399,42697.315425
35.877216,77,42697.761227
174.629865,197,42698.963282
1.397568,67,42699.366002
95.021799,132,42700.17815
449.885831,584,42709.711953
55.073035,63,42710.125272
41.633713,52,42710.456342
6.253328,73,42710.911335
557.428145,600,42714.965921
74.84287,600,42718.861852
15.195635,58,42719.212835
103.922078,160,42726.280541
123.420379,184,42727.408496
60.796414,77,42727.906474
18.271676,393,42730.391476
208.222552,600,42733.993064
37.524663,87,42734.52185
91.515148,155,42735.452232
90.499707,133,42736.277333
38.573952,150,42737.155245
125.718933,138,42743.930372
48.851863,58,42744.250057
112.527235,162,42745.190191
355.024329,434,42748.040264
72.214667,126,42748.832957
349.483731,462,42751.634512
44.374078,72,42752.076508
48.236445,61,42752.44371
124.422518,168,42753.476529
67.03731,132,42754.266891
22.667714,51,42754.571359
87.448502,263,42756.271302
482.372053,600,42766.296306
55.747621,85,42766.76928
75.016858,156,42767.642128
506.71696,600,42771.384136
561.933544,600,42775.015003
44.406139,43,42775.267249
48.929312,123,42781.930992
111.976515,134,42782.738632
8.90612,65,42783.118814
39.397011,57,42783.478349
55.214965,600,42787.171962
35.541876,47,42787.452861
562.133072,600,42791.234261
26.797248,600,42800.915333
348.258748,474,42804.15273
88.037174,600,42807.638356
25.322603,57,42807.971612
64.74237,116,42808.631921
88.433618,126,42809.360563
94.397068,289,42811.060616
58.932271,97,42811.715359
39.756033,95,42812.357366
44.346656,51,42818.938784
2.243778,52,42819.252802
23.017918,67,42819.638733
120.472335,257,42821.185702
15.056021,48,42821.476426
113.672185,137,42822.379167
53.689076,49,42822.687962
70.941357,176,42823.773543
9.503709,104,42824.432583
141.089775,255,42826.135098
13.238857,57,42826.470138
38.596575,49,42826.744973
49.262956,52,42827.050059
5.337816,57,42827.382166
422.124899,600,42830.919942
529.679774,600,42840.84468
122.179804,600,42844.546611
322.21517,414,42846.938262
136.288902,183,42847.991632
21.381746,43,42848.240794
67.401588,140,42849.059289
107.769956,200,42856.319773
21.092304,64,42856.714105
141.619582,186,42857.787348
217.692122,315,42859.694237
121.131368,176,42860.735623
165.079328,196,42861.931904
34.141726,56,42862.257779
37.542948,56,42862.604497
203.42013,600,42866.286517
17.919822,95,42866.911509
43.257593,59,42867.311273
540.358122,600,42877.22956
44.327511,43,42877.488693
93.519172,188,42878.592859
46.475485,40,42878.820238
45.829844,68,42879.223859
33.187001,69,42879.646047
506.482082,600,42883.280083
117.695063,160,42884.258794
40.783996,60,42884.617689
35.013036,76,42885.09133
485.449615,600,42895.091913
81.145096,233,42896.437496
48.053534,66,42896.815397
53.282638,61,42897.169322
159.285114,600,42900.837731
41.657105,47,42901.162961
16.154528,53,42901.51799
151.836334,182,42902.738992
530.34914,600,42912.470707
393.912926,450,42915.172862
10.998066,53,42915.482106
147.877918,554,42918.971053
491.676652,600,42922.8515
452.985618,600,42932.325527
83.09863,138,42933.245064
269.096743,336,42935.341473
48.594852,62,42935.707141
38.194309,74,42936.13626
221.700828,350,42938.172642
56.181293,86,42938.692278
17.789599,93,42939.291734
33.227104,79,42939.778774
533.833079,600,42949.287112
54.091803,145,42950.218983
12.269449,95,42950.789465
179.60529,235,42952.130646
59.025655,600,42956.005542
22.857122,600,42959.949167
29.891193,66,42960.406483
460.393245,600,42970.288083
19.435605,80,42970.78621
23.379516,600,42974.665792
146.174598,600,42978.315981
39.676283,243,42979.871714
41.566972,50,42980.236885
95.663657,170,42987.416142
506.739097,600,42991.130734
175.644588,254,42992.667283
61.105053,69,42993.087189
522.613251,600,42996.69453
71.950086,172,42997.691726
150.48562,216,42998.990578
50.743636,71,42999.414113
149.727407,178,43006.354396
88.788834,106,43006.970674
119.185245,131,43007.784595
209.310229,310,43009.706017
84.853608,138,43010.541367
4.602409,66,43010.922877
9.295871,57,43011.272414
40.965432,46,43011.527989
43.693075,77,43011.967598
41.917289,61,43012.333401
78.817959,162,43013.297837
31.738615,99,43013.903406
50.864986,51,43014.231404
538.203754,600,43017.936548
3.886075,101,43024.567794
37.548519,80,43025.058859
43.290047,69,43025.505606
32.255943,55,43025.816702
42.274962,97,43026.406928
74.713806,145,43027.251865
76.444021,160,43028.201731
25.43096,72,43028.612927
162.659186,368,43031.009092
2.386958,44,43031.317688
47.321074,59,43031.745235
13.264874,54,43032.146706
299.178139,373,43034.430662
542.546945,600,43043.793939
39.264405,55,43044.146639
42.913853,66,43044.536282
127.92067,600,43048.114074
14.970223,47,43048.376304
17.854337,47,43048.650392
50.393315,61,43049.016468
-2.003159,82,43049.500546
79.199197,157,43050.434195
38.255837,52,43050.736395
533.250253,600,43054.277313
295.683142,397,43063.094644
490.232839,600,43066.908504
18.929758,600,43070.979648
54.896552,71,43071.412137
42.396282,54,43071.74969
75.708705,156,43072.743282
30.183744,73,43073.17662
57.911804,62,43073.564707
477.343138,600,43083.201355
164.769396,287,43084.96869
47.577642,59,43085.349299
41.402021,55,43085.709033
146.415643,200,43087.036711
506.948748,600,43090.757773
39.921457,84,43091.216314
38.538471,56,43091.52506
28.823808,600,43101.474032
19.805876,73,43101.915641
46.13098,46,43102.195566
-9.616857,66,43102.562022
41.060262,74,43102.977103
37.515477,44,43103.225496
13.902024,54,43103.523859
376.407951,498,43106.46472
51.455188,93,43107.054075
12.110358,64,43107.442156
42.665454,44,43107.693616
440.613723,600,43117.59109
-7.35016,60,43117.987995
46.865205,70,43118.475916
29.721014,90,43118.986767
542.032944,600,43122.55781
80.433144,600,43126.059469
87.847808,142,43126.863546
29.719238,88,43127.405514
2.072876,48,43127.681568
118.031785,139,43128.483088
44.752701,247,43135.909357
40.569389,99,43136.534266
100.917602,134,43137.377635
55.434648,64,43137.821294
42.0556,57,43138.206983
15.463854,107,43138.889747
70.148002,107,43139.560437
26.158828,87,43140.080376
92.818755,133,43140.882323
-3.829944,54,43141.250526
42.564948,43,43141.519767
498.622877,600,43145.188341
91.044796,160,43146.158455
133.940573,183,43147.301964
23.840205,99,43147.914376
105.161735,158,43154.787683
177.893704,239,43156.115889
38.064437,93,43156.685578
41.630924,46,43156.994308
149.956636,215,43158.474052
45.95156,140,43159.475091
3.03937,54,43159.809164
151.411887,228,43161.22842
58.01566,203,43162.440408
50.906748,70,43162.898052
49.250663,54,43163.260892
35.770519,153,43164.254241
16.460019,98,43164.834377
107.36707,600,43174.69089
564.199318,600,43178.362073
56.808048,96,43178.913396
74.076578,130,43179.651626
456.139724,600,43183.296329
33.42691,89,43183.817824
117.133777,113,43184.473348
46.002955,86,43185.013232
98.166825,133,43192.02489
522.959602,600,43195.804327
43.40052,57,43196.153277
31.985167,600,43199.815857
37.22074,68,43200.273546
56.207672,77,43200.755544
37.120968,55,43201.078474
48.079676,42,43201.336055
28.162138,65,43201.76545
18.451451,76,43202.286463
501.602458,600,43212.036235
43.591918,77,43212.493859
76.993893,600,43216.219075
132.09184,600,43220.0563
56.988395,600,43229.679063
229.922505,265,43231.251378
49.955551,53,43231.568229
27.844304,92,43232.109858
49.669815,197,43233.237259
15.524666,59,43233.609826
13.343808,60,43233.979603
39.582558,74,43234.437157
64.162811,89,43234.997656
14.120898,72,43235.462945
111.312995,195,43236.731823
43.610804,75,43237.171534
40.111551,48,43237.463705
116.914605,151,43238.327335
46.880956,90,43238.831654
39.130321,600,43248.484325
-0.8508,70,43248.953386
376.515758,600,43252.665944
8.997595,59,43253.05715
78.055546,216,43254.387781
50.798273,50,43254.689526
196.305277,249,43256.189833
489.121672,600,43259.859431
160.563865,262,43267.744332
49.778443,128,43268.605136
43.413193,71,43269.077918
65.540966,87,43269.601244
308.006902,410,43272.13414
59.114248,91,43272.685606
9.389529,52,43272.994234
146.64603,227,43274.382369
36.666671,55,43274.706537
49.689929,71,43275.140149
23.26892,65,43275.562317
39.403093,121,43276.311077
50.086379,62,43276.733218
42.714954,51,43277.068157
39.46374,59,43277.435925
-3.104811,74,43277.865065
29.22916,61,43278.242986
38.730234,91,43278.820112
120.730087,266,43286.39251
18.43223,84,43286.909203
22.776759,600,43290.72828
46.618099,120,43291.448766
457.588933,600,43294.982198
37.057696,91,43295.522685
50.152084,72,43295.946319
68.763376,83,43296.483747
55.248764,53,43296.830339
41.934941,133,43297.789338
27.89686,46,43303.987956
67.756382,114,43304.765959
58.088338,152,43305.759939
51.434036,72,43306.240248
47.866358,131,43307.132301
-3.062861,53,43307.499888
18.507968,99,43308.20811
47.134926,50,43308.569782
38.511173,123,43309.36951
102.913949,202,43310.528254
46.811784,42,43310.778899
36.858981,87,43311.279789
30.891794,49,43311.560447
43.011422,51,43311.86266
149.866501,194,43313.025565
10.405905,60,43313.36266
41.348045,113,43314.031656
122.322405,207,43315.290782
47.68348,72,43315.726161
35.655209,77,43316.167068
37.872287,48,43316.482843
2.97983,47,43322.733022
37.171516,116,43323.462706
96.90792,164,43324.439145
41.668527,53,43324.747793
59.976121,87,43325.246923
59.531847,101,43325.848465
35.380254,132,43326.639128
60.628663,600,43330.318758
136.379482,172,43331.326418
45.65072,61,43331.697347
54.763428,169,43332.79778
66.759287,101,43333.45331
42.569475,77,43333.978941
75.127224,241,43341.380133
485.203726,600,43345.02018
10.210255,48,43345.295998
32.717869,77,43345.785647
45.787436,110,43346.538848
43.781114,129,43347.447322
101.440144,150,43348.51232
533.760601,600,43352.138383
7.473003,61,43352.471722
7.203397,73,43352.872911
48.088235,56,43353.218151
43.641085,83,43353.703436
16.498762,108,43360.339077
490.948496,600,43363.983779
35.245531,54,43364.310059
38.913869,47,43364.619117
22.099728,118,43365.351731
44.816817,59,43365.697975
124.377332,600,43369.28299
45.214826,59,43369.635331
191.257367,262,43371.160821
474.416002,600,43380.788741
75.324931,144,43381.633562
229.574511,459,43384.476584
-12.447199,54,43384.806425
-8.773624,46,43385.116605
48.42078,114,43385.82081
131.777921,180,43386.953452
45.674678,62,43387.363246
45.625884,92,43388.013139
41.463694,54,43388.356763
111.115643,172,43389.37698
46.452985,47,43389.680737
74.156546,600,43399.492878
41.12834,115,43400.169408
90.464106,600,43403.915311
207.569164,260,43405.364315
68.320994,128,43406.113855
43.564791,71,43406.574554
83.367441,172,43407.673357
519.290154,600,43417.378625
30.107079,172,43418.576498
42.55087,113,43419.320787
-3.508831,48,43419.654438
511.690825,600,43423.157621
134.08993,212,43424.565588
517.917469,600,43428.377391
274.213972,418,43436.894833
78.676244,137,43437.68293
226.909623,600,43441.546847
50.625209,115,43442.310449
44.084867,58,43442.703092
-4.882198,54,43443.058892
98.471227,118,43443.765998
202.923301,267,43445.419467
8.587607,44,43445.677428
56.211385,133,43446.397323
560.403565,600,43455.912713
74.701554,177,43457.07877
28.812981,97,43457.75613
144.211398,203,43459.125097
157.318315,288,43460.835874
184.80135,600,43464.354317
20.884124,61,43464.767282
2.394401,47,43465.071733
-4.233713,51,43465.429384
11.056821,48,43471.686495
17.103452,63,43472.114602
42.130909,47,43472.446818
6.176113,45,43472.77706
47.418966,55,43473.195413
209.494337,259,43474.720053
34.057934,64,43475.1064
42.664137,73,43475.530104
43.278077,54,43475.864608
77.161417,136,43476.723129
64.340712,184,43477.852886
41.22343,143,43478.68541
40.694158,64,43479.044587
31.356149,63,43479.412392
124.322684,154,43480.316531
42.483568,65,43480.710254
55.037296,72,43481.121186
191.446474,338,43483.182713
134.453181,600,43492.597043
46.935399,54,43492.886775
114.139482,138,43493.706085
525.760644,600,43497.365565
16.766027,80,43497.883044
49.543231,61,43498.315833
33.428374,142,43499.224687
50.663798,46,43499.533228
-7.591039,50,43499.868116
15.214971,48,43500.164477
20.364167,59,43500.533166
27.847769,71,43500.945557
519.032447,600,43510.772579
182.704948,223,43512.091048
536.42524,600,43515.681782
15.82102,89,43516.226038
65.583371,109,43516.908395
40.426875,129,43517.676214
121.211348,150,43518.542512
36.692116,600,43528.436478
7.353702,48,43528.707898
121.561017,160,43529.613446
43.234827,128,43530.337966
-2.986137,85,43530.90122
147.191498,190,43532.084641
474.892067,600,43535.546976
-1.845227,46,43535.816186
140.743522,165,43536.79437
44.99488,67,43537.216604
539.780528,600,43547.114204
48.863848,57,43547.449944
45.905067,64,43547.824571
52.929262,53,43548.14888
41.298985,57,43548.501271
16.60995,67,43548.923662
260.289026,418,43551.597605
84.81083,155,43552.589892
522.106965,600,43556.14814
45.097952,68,43556.528728
39.78358,228,43557.856057
39.259853,40,43564.219008
10.647402,50,43564.551479
43.118144,92,43565.100903
16.102807,57,43565.466355
4.842914,64,43565.856941
46.102534,71,43566.274103
113.27724,147,43567.136386
33.918781,142,43567.992084
36.562891,59,43568.350973
48.695977,48,43568.642689
37.061933,68,43569.055297
30.021571,73,43569.516833
64.636866,105,43570.15571
92.613207,136,43571.055104
10.103577,48,43571.361571
67.288312,68,43571.810793
24.830222,69,43572.22139
439.593734,600,43575.814397
86.879891,600,43585.644563
66.670128,600,43589.139562
124.93923,317,43590.998115
67.663077,141,43591.820686
48.3967,57,43592.162497
128.21448,220,43593.392394
564.681019,600,43603.031675
118.982219,226,43604.506913
220.005032,254,43605.985603
105.105641,151,43606.899883
118.575922,218,43608.257887
57.807271,67,43608.659912
118.518133,167,43609.623432
507.190746,600,43613.235255
72.927218,600,43623.404152
414.611785,600,43627.270333
104.866662,151,43628.239681
112.196643,600,43631.942808
50.455599,42,43632.176569
42.092252,42,43632.413896
39.096724,124,43639.158072
42.484996,43,43639.40646
40.819251,66,43639.804425
470.778123,600,43643.770848
78.685472,198,43644.928609
9.203172,112,43645.580153
109.59184,188,43646.707614
68.704828,178,43647.759735
52.194783,56,43648.080105
11.365963,64,43648.452971
78.958045,121,43649.169936
534.250368,600,43658.806841
145.642633,189,43659.974358
90.465936,185,43661.15814
49.203532,73,43661.611419
27.591479,600,43665.595539
25.516119,57,43665.938111
126.778397,190,43667.041302
77.969644,115,43667.716694
15.859823,56,43668.065591
49.416638,67,43668.479747
105.011615,133,43669.289612
51.966608,51,43669.609243
8.977007,58,43669.964093
71.314114,126,43676.584451
34.89903,46,43676.871412
495.754136,600,43680.475166
36.22814,113,43681.230029
25.722435,58,43681.607363
90.916062,124,43682.437042
43.777613,100,43683.075503
46.81829,67,43683.48977
70.864676,133,43684.324448
43.144397,79,43684.808313
114.759778,600,43688.523735
55.567862,60,43694.86308
54.728193,79,43695.391414
77.74582,600,43699.075644
16.863641,54,43699.371156
-8.818069,46,43699.621911
32.552004,101,43700.297668
117.530597,156,43701.401501
66.615219,165,43702.456561
78.341113,144,43703.264486
262.680562,360,43705.52537
81.987133,600,43714.946261
513.052796,600,43718.489375
41.847458,48,43718.776063
58.922834,140,43719.638467
98.546405,133,43720.549286
478.264543,600,43724.100981
126.879216,168,43725.112484
67.921438,123,43731.916534
64.364342,156,43732.949886
-3.46424,62,43733.352548
-2.752287,46,43733.632011
175.312117,600,43737.368268
43.301348,61,43737.7818
95.335304,600,43741.466006
20.669123,85,43742.013238
428.487979,600,43751.451845
141.10056,226,43752.871142
308.69984,343,43755.192392
60.400087,67,43755.629071
48.125304,58,43755.974559
51.94406,60,43756.372574
131.086239,600,43760.129932
56.042975,122,43760.858275
5.408214,47,43761.148038
202.252266,243,43762.537773
38.720262,57,43769.063913
391.388546,600,43772.740954
495.548257,600,43776.705487
161.688991,206,43778.04221
113.557752,146,43778.877997
50.386341,67,43779.274134
32.384547,86,43779.789001
-5.455859,54,43780.104657
88.584419,153,43780.991291
16.940207,101,43781.563841
571.252211,600,43791.083537
43.755797,46,43791.380952
247.206909,300,43793.249891
39.704485,149,43794.136954
18.302883,56,43794.448713
65.933303,61,43794.833727
27.159995,61,43795.235555
48.472855,60,43795.614427
62.786766,145,43796.547141
52.728974,208,43797.7935
292.970505,391,43800.077935
39.105935,81,43806.3981
12.11813,60,43806.782978
41.60408,208,43808.178812
103.64467,206,43809.372808
524.132545,600,43812.968591
51.777316,66,43813.339666
12.321872,51,43813.613552
448.909582,600,43817.07457
239.143756,279,43825.073889
224.70924,393,43827.424826
5.506075,73,43827.857401
337.787762,415,43830.271399
56.171767,72,43830.709837
97.583792,139,43831.520408
98.623738,249,43833.280874
130.176455,143,43834.211733
14.473738,53,43834.548564
173.015763,214,43835.930907
7.660298,53,43836.286929
55.064778,55,43836.661636
44.172331,50,43836.988777
71.21741,600,43846.664788
40.461343,84,43847.165873
46.20856,66,43847.544773
110.422529,161,43848.476455
41.96611,66,43848.830949
20.141534,47,43849.090112
512.08641,600,43852.361126
4.104197,124,43853.054112
60.765479,85,43853.569872
38.612588,64,43853.93836
83.73022,600,43863.18613
85.926169,93,43863.688159
14.883138,95,43864.244036
508.521556,600,43867.433159
7.088937,44,43867.664744
51.802297,74,43868.050612
12.020578,50,43868.312324
101.255188,149,43869.082416
38.450537,102,43869.610933
119.557661,161,43870.507226
92.888662,192,43871.597131
69.513653,94,43877.490299
522.778456,600,43881.083097
-7.043873,63,43881.410145
35.824665,75,43881.815713
71.697603,134,43882.520484
60.920376,128,43883.190378
44.257735,47,43883.446068
54.755209,127,43884.14673
42.013191,103,43884.730525
46.147145,56,43885.065802
504.243487,600,43888.468309
59.474749,74,43888.871495
41.585693,50,43894.997375
537.482553,600,43898.367938
317.91129,433,43900.879729
101.83894,125,43901.574119
44.02874,63,43901.914468
-0.812998,45,43902.17357
578.059279,600,43905.348743
65.410515,166,43912.232286
572.111286,600,43916.260064
162.897461,195,43917.359398
61.904068,147,43918.20294
488.141994,600,43921.460513
290.835123,600,43930.602589
25.21802,600,43934.157005
1.994537,46,43934.451807
31.443062,46,43934.736334
40.297583,91,43935.365436
42.577954,54,43935.69521
137.013575,330,43937.557895
46.873898,59,43937.884677
45.231739,77,43938.310289
47.837274,66,43938.632938
76.607726,600,43947.942496
541.536653,600,43951.215073
43.867224,41,43951.441519
94.79822,131,43952.160457
128.523113,189,43953.21491
12.107537,600,43956.470775
3.354775,59,43956.799998
12.972103,60,43957.127976
158.415761,211,43958.269588
26.121718,118,43958.916087
60.025629,83,43965.389923
27.104147,132,43966.114659
22.12076,105,43966.74565
90.231779,155,43967.65551
54.408211,54,43967.978707
40.467249,69,43968.431189
477.283158,600,43971.980328
43.006303,49,43972.326751
531.59042,600,43976.001996
88.00715,167,43976.962168
47.009528,48,43982.943778
29.114025,42,43983.187558
125.902626,147,43984.052965
44.708234,51,43984.365386
546.850765,600,43987.807967
16.722517,59,43988.146769
25.516875,88,43988.643491
68.406874,126,43989.351446
62.355548,70,43989.734745
40.188721,60,43990.087748
42.813724,64,43990.458304
44.414932,164,43991.404164
160.113523,203,43992.616359
46.210723,87,43993.080682
94.396885,165,43993.943554
13.018516,155,44000.824277
99.622814,176,44001.725281
39.643845,63,44002.074079
10.138155,46,44002.306521
49.030771,62,44002.609914
10.390242,45,44002.858376
46.44329,61,44003.197715
20.640428,50,44003.460176
31.795687,69,44003.839639
38.65615,72,44004.261819
103.222204,161,44005.214961
15.497048,53,44005.529521
107.057713,235,44006.902225
421.229569,600,44010.218054
34.752302,93,44010.724722
497.657361,600,44020.063413
13.597878,63,44020.407129
1.753979,44,44020.667619
548.202833,600,44024.168212
44.603667,112,44024.869414
496.369584,600,44028.132242
90.449307,136,44028.89096
41.601854,96,44029.438873
48.033783,98,44035.960027
40.272531,65,44036.351172
38.115055,260,44038.004278
36.3827,144,44038.923956
144.359709,265,44040.443643
16.602834,52,44040.732924
122.861864,154,44041.601092
-1.433426,89,44042.091035
155.300756,208,44043.172352
39.384449,118,44043.805656
86.343111,135,44044.529904
9.731911,52,44044.831202
69.717146,143,44045.662558
405.426577,532,44054.183763
34.662786,53,44054.5073
62.712035,600,44058.017096
128.342355,160,44058.984181
71.029194,123,44059.699726
31.059443,61,44060.094324
233.627116,338,44062.046275
21.12763,137,44062.786222
423.920088,600,44072.167452
90.862534,154,44073.006946
38.850222,55,44073.297354
59.924495,72,44073.68552
42.959433,46,44073.910301
83.769723,145,44074.703896
31.867309,98,44075.26599
417.033399,600,44078.889201
88.92277,161,44079.826471
46.188791,50,44080.16963
44.282307,64,44080.548029
30.16681,48,44080.837224
128.38262,174,44081.837464
111.74879,138,44088.692212
41.612311,50,44088.949899
48.998073,63,44089.296846
10.655521,103,44089.862052
57.471206,82,44090.34994
58.591798,69,44090.772837
62.602455,70,44091.167606
37.390717,67,44091.581886
52.604963,98,44092.156307
98.410932,130,44092.953462
492.669919,600,44096.403728
66.158506,131,44097.169261
461.054565,600,44106.389015
97.940219,163,44107.264145
104.410622,363,44109.402984
22.527747,47,44109.678218
6.518528,44,44109.942164
45.637141,99,44110.50303
43.016344,51,44110.79704
-1.759999,47,44111.080869
46.29035,56,44111.381632
168.419917,233,44112.676264
65.445059,206,44113.893991
18.306373,81,44114.33063
71.28502,69,44114.718635
73.423705,215,44115.909448
60.020263,59,44116.233501
72.296508,600,44125.84659
359.168868,468,44128.531548
9.502956,119,44129.167446
13.987986,58,44129.460062
503.438789,600,44132.700976
94.427124,135,44133.440781
88.780418,159,44134.439424
101.344867,180,44135.440253
254.554173,328,44143.053686
519.526934,600,44146.267379
42.279944,64,44146.619593
126.610618,179,44147.580459
65.233024,165,44148.456921
44.576999,47,44148.723862
25.475079,65,44149.088038
5.0069,56,44149.398966
33.509327,122,44150.100506
42.222713,54,44150.399713
16.403791,49,44150.674225
35.817897,73,44151.070924
90.147318,150,44151.877132
40.890257,45,44152.111336
483.693423,600,44161.707868
481.137894,600,44165.008631
99.386267,130,44165.790053
30.473751,84,44166.289008
516.14956,600,44169.730368
105.016206,151,44176.71547
104.762299,600,44180.023155
39.794273,84,44180.482617
64.110588,166,44181.34199
41.757925,96,44181.887666
5.323075,600,44185.24613
45.028322,56,44185.516126
97.356596,147,44186.413894
110.223463,200,44187.794555
29.593624,76,44194.15735
110.275365,166,44195.116245
553.41434,600,44198.286052
60.244817,146,44199.0832
18.39195,49,44199.382336
84.802694,138,44200.226744
14.01602,57,44200.572755
137.255278,315,44202.405466
523.309481,600,44211.647125
42.699524,45,44211.889027
24.230827,153,44212.757577
472.397451,600,44215.958229
124.503789,203,44217.047861
22.99373,43,44217.282869
494.188926,600,44220.591922
121.272318,191,44221.679065
47.717211,81,44222.160091
108.082345,152,44229.024478
488.122749,600,44232.427239
21.093522,94,44232.978155
58.735409,76,44233.427663
40.637232,108,44234.050786
126.057677,147,44234.833388
51.775336,98,44235.375542
42.426539,60,44235.71274
454.293659,542,44238.847288
42.732065,47,44239.107677
74.008984,182,44240.132141
36.96568,163,44247.032556
552.733858,600,44250.377524
36.962338,146,44251.148412
66.036461,142,44251.878445
105.814797,142,44252.617547
31.866662,90,44253.058827
574.833995,600,44256.548478
53.195751,600,44266.149875
189.212423,315,44267.791945
245.590985,321,44269.513022
19.665714,600,44272.94295
137.684211,150,44273.764284
40.582571,491,44282.420173
15.636454,59,44282.819417
42.87766,600,44286.542674
88.201904,127,44287.278121
29.230492,103,44287.865185
9.082893,101,44288.380548
38.992415,130,44289.105985
26.229519,46,44289.361331
-8.320518,134,44290.070249
188.522353,219,44291.269337
37.137638,156,44292.149979
209.354879,287,44299.939242
57.508393,96,44300.518573
184.237768,316,44302.212339
52.50963,132,44302.898438
485.547712,600,44306.074502
507.447397,600,44309.535996
5.083987,55,44309.863205
44.377203,61,44310.266554
97.103513,147,44317.351458
46.675641,141,44318.188669
28.557373,70,44318.598477
87.297921,219,44319.938833
277.516194,411,44322.211077
216.828785,396,44324.626485
30.115101,83,44325.149586
128.493109,406,44327.615672
25.378555,54,44327.982403
43.905262,43,44328.262861
26.956102,106,44334.861423
39.113874,43,44335.145563
41.303598,119,44335.851893
315.464058,408,44338.306098
89.747047,138,44339.040145
43.867606,44,44339.279186
10.533815,64,44339.645564
53.651346,70,44340.023276
37.412852,64,44340.368158
523.407201,600,44343.659479
29.759807,71,44344.108527
149.436944,194,44345.271162
427.845113,600,44354.755895
14.962628,121,44355.424485
24.465364,600,44358.713492
38.352104,75,44359.167039
58.156642,49,44359.471302
45.685387,97,44360.027755
74.501808,109,44360.691939
47.282991,50,44360.981184
45.718491,44,44361.271011
96.427632,139,44362.102411
42.008856,84,44362.548782
84.806366,120,44363.183926
433.195203,555,44372.285526
166.541565,327,44374.066964
75.162401,154,44374.902572
228.697978,432,44377.32324
69.926428,189,44378.491084
541.025636,600,44388.285612
17.252459,59,44388.64465
27.092422,92,44389.137088
138.364789,187,44390.146062
36.509218,71,44390.542101
69.199564,95,44391.033952
33.479599,104,44391.592791
34.762192,600,44394.84019
553.234056,600,44398.131823
63.0226,195,44399.235975
17.499467,62,44405.707373
46.461588,59,44406.028316
112.660163,137,44406.789917
123.884462,157,44407.672211
42.313614,69,44408.06542
32.699519,66,44408.427119
23.955561,67,44408.819454
6.657958,169,44409.732183
41.399732,68,44410.160021
42.90613,70,44410.563363
458.21115,600,44414.076607
55.596308,74,44414.526192
45.201535,62,44414.896662
499.195917,600,44424.431077
49.327851,62,44424.82386
267.528905,403,44427.114078
28.568969,54,44427.431227
14.652767,55,44427.759309
13.990005,53,44428.074275
65.750997,229,44429.437429
47.600845,41,44429.686313
11.159,101,44430.24988
124.087123,167,44431.162404
170.120359,215,44432.287765
154.494608,247,44433.647229
50.462388,58,44433.955395
72.149151,237,44441.146654
43.84796,64,44441.493926
109.999173,143,44442.300527
21.860467,125,44443.012014
56.57647,173,44444.099794
44.699147,49,44444.398957
361.83577,470,44447.031317
41.161589,50,44447.292904
12.265731,49,44447.548292
114.266083,138,44448.319633
351.506762,422,44450.670147
54.003947,108,44451.228271
152.915526,600,44460.537306
32.638682,124,44461.275007
404.800641,600,44464.49977
511.056353,600,44468.18278
88.836839,387,44476.247141
105.536025,158,44477.108756
114.383626,161,44478.009233
42.371269,60,44478.355588
39.029932,69,44478.765518
285.183088,404,44481.020885
17.289651,182,44482.002209
15.995882,58,44482.313711
470.490793,600,44485.803606
44.182958,48,44486.116904
71.263477,216,44487.493115
140.921627,600,44497.006039
482.239285,600,44500.344833
9.757595,46,44500.619237
116.988375,154,44501.53214
-0.676245,65,44501.880257
14.970693,600,44505.15217
95.389208,146,44512.235489
36.812371,43,44512.51996
36.377116,123,44513.319807
49.402904,67,44513.743704
76.604136,163,44514.709469
112.199624,288,44516.302366
46.077419,145,44517.184161
8.032024,62,44517.595366
106.141367,139,44518.449522
212.830162,299,44520.135901
61.7673,600,44529.563785
58.176291,85,44530.050975
72.775707,123,44530.777624
21.944327,61,44531.146295
43.688653,600,44534.757246
45.19407,61,44535.127297
55.791231,76,44535.571789
42.258711,70,44535.970757
534.743532,600,44539.72647
5.013009,71,44540.177751
85.801799,153,44541.017405
52.248504,127,44541.728614
415.629486,600,44550.978073
6.417081,53,44551.263228
43.657011,73,44551.66835
458.653121,600,44555.289141
94.704157,197,44556.467932
171.990753,295,44558.312831
509.060954,600,44567.636309
115.812798,174,44568.724459
72.797058,600,44572.016053
593.399547,600,44575.275714
181.229881,333,44583.309366
87.428608,97,44583.932105
37.324986,87,44584.473963
22.952105,206,44585.735516
40.087902,134,44586.443599
465.073505,600,44589.767558
41.393274,81,44590.241453
22.935129,600,44593.660506
36.53947,155,44594.602543
465.914022,600,44603.893254
9.875844,600,44607.577153
409.684942,600,44611.040065
43.491613,57,44611.376557
53.263135,79,44611.832609
254.767276,286,44619.48455
40.753653,55,44619.795624
26.306513,124,44620.461138
43.38227,49,44620.727314
16.832529,62,44621.06144
41.969159,56,44621.365335
3.511479,51,44621.647194
50.021738,67,44622.02952
44.992624,54,44622.32397
49.021747,87,44622.809674
52.842814,111,44623.443287
502.150774,600,44626.902838
34.472636,103,44627.484373
5.73361,70,44627.915856
47.29469,62,44628.2899
13.693803,66,44628.649073
75.522949,142,44629.43905
67.195611,79,44629.873439
532.943147,600,44639.474092
65.612922,600,44643.065272
6.04815,47,44643.329632
0.870416,108,44643.94406
45.594333,51,44644.255299
17.554445,53,44644.596311
38.186692,56,44644.962245
46.809175,70,44645.398771
7.85158,100,44646.051422
459.19122,600,44655.860906
542.81459,600,44659.396585
44.665883,38,44659.598889
28.425967,98,44660.126262
505.937299,600,44663.795507
50.439505,46,44664.074489
52.165679,125,44664.790126
515.69649,600,44674.196419
426.022108,600,44677.672416
59.644452,95,44678.193431
402.753748,516,44681.157916
284.094062,443,44683.607483
116.558471,600,44693.366422
111.61726,132,44694.045388
21.380459,68,44694.404381
48.960053,61,44694.725726
8.063527,59,44695.034804
46.462722,53,44695.334878
91.901046,158,44696.216763
101.498259,188,44697.311301
44.113082,85,44697.778382
19.368895,76,44698.23556
45.669191,52,44698.538378
37.444891,67,44698.937739
53.759668,72,44699.388288
563.627813,600,44709.260657
166.646307,217,44710.557492
45.78725,73,44710.953175
12.772801,64,44711.320024
492.426574,600,44714.801176
32.130577,44,44715.06009
41.766419,43,44715.307511
47.768738,71,44715.722894
14.84779,110,44716.35501
78.600571,183,44717.374677
23.182759,600,44720.969558
43.478011,57,44727.378717
41.633203,54,44727.711823
50.598927,70,44728.160478
76.531042,600,44731.828353
87.807109,600,44735.236284
508.47485,600,44738.636205
86.366401,99,44745.160736
27.412035,266,44746.701479
500.740388,600,44750.024004
74.99105,179,44750.957546
103.048163,600,44754.293281
76.011952,95,44754.806791
101.401003,152,44755.616915
469.115197,600,44764.621713
10.846272,55,44764.917933
73.193404,96,44765.428455
50.577774,54,44765.729995
61.478304,74,44766.151771
218.826639,316,44767.837962
48.938121,53,44768.117948
125.731096,190,44769.131366
121.559901,175,44770.118242
52.431583,76,44770.545408
138.66211,181,44771.577125
235.976467,407,44779.913006
139.93122,259,44781.357265
34.0762,52,44781.617416
10.645867,53,44781.900478
44.598851,58,44782.211295
54.453864,68,44782.626643
37.20151,71,44783.095636
477.394821,600,44786.829339
47.046384,66,44787.222051
33.585739,44,44787.453303
140.505156,204,44788.538144
12.682888,163,44789.370003
64.816488,89,44789.825633
29.232629,92,44790.316249
443.189885,600,44799.552573
44.425421,76,44799.948166
54.830357,76,44800.357317
-10.815031,79,44800.767889
26.277296,69,44801.157689
449.165213,600,44804.520855
143.122788,236,44805.875239
150.354213,258,44807.293947
513.116776,600,44816.71096
474.788595,600,44819.929774
308.855136,389,44822.018156
49.440905,53,44822.334996
157.212413,256,44823.687516
101.994153,600,44832.922829
59.459818,101,44833.464626
43.019172,64,44833.821199
48.506217,372,44836.01037
107.325308,168,44836.95573
102.44251,600,44840.524154
40.969797,47,44840.786481
474.347556,600,44850.235314
90.888378,148,44851.083646
491.031852,600,44854.458113
12.879417,53,44854.747157
31.362721,73,44855.1797
41.046697,65,44855.626231
44.001714,58,44855.995265
24.061558,114,44856.709199
24.025302,101,44857.266223
501.74176,600,44860.841098
38.447131,43,44861.058009
55.257378,59,44867.321477
99.360505,171,44868.246181
29.342078,50,44868.524692
46.565669,51,44868.789425
53.747495,148,44869.585854
233.825902,370,44871.602009
15.102917,62,44871.977033
499.039168,600,44875.508652
1.264376,59,44875.832631
5.841582,90,44876.311821
89.7522,600,44886.032445
358.457637,436,44888.487308
41.894278,52,44888.766423
132.535898,600,44892.185574
369.643024,600,44895.495572
124.217595,148,44896.343067
43.872603,112,44902.665092
42.310887,235,44903.946788
42.348579,54,44904.252799
469.977426,600,44907.524841
41.100537,51,44907.790148
18.3499,87,44908.277128
54.739395,600,44911.813441
515.230938,600,44921.265241
513.837815,600,44924.585062
16.736365,62,44924.932673
35.993891,73,44925.317998
168.378376,210,44926.455122
32.984242,102,44927.017709
91.194886,128,44927.838902
25.454496,113,44928.5298
19.859851,61,44928.87873
51.299193,85,44929.414867
57.427765,76,44929.862716
30.757046,156,44930.702265
544.284332,600,44940.362318
524.986689,600,44944.081661
88.415517,143,44944.92101
61.013458,85,44945.403579
12.283695,48,44945.665431
44.3177,42,44945.896348
502.0999,600,44949.44682
15.836037,95,44955.928022
29.049133,94,44956.421617
72.859443,352,44958.449929
55.694848,600,44961.925804
-2.137714,57,44962.286759
47.624689,91,44962.824205
74.813521,600,44966.470155
48.010729,142,44967.405671
52.890701,47,44967.71949
27.762416,73,44974.279423
21.864084,600,44977.837114
151.036425,176,44978.798529
-2.763562,47,44979.066726
53.833367,87,44979.510878
13.165823,65,44979.88205
12.70709,55,44980.193814
298.163313,372,44982.257636
68.852241,78,44982.712383
-11.31124,58,44983.058148
-9.853004,60,44983.359584
31.45777,150,44984.150192
57.401386,600,44993.366886
226.586007,277,44994.850181
19.858648,600,44998.211262
84.509965,157,44999.103651
16.281049,52,44999.41475
394.699806,451,45001.902565
160.399165,245,45009.27053
160.148827,338,45011.139899
193.831084,257,45012.670387
90.807114,600,45016.139946
90.988871,169,45017.061258
53.961068,77,45017.463454
74.178747,135,45018.203415
526.411822,600,45027.786545
187.665032,236,45029.10974
-10.61851,49,45029.356027
580.095534,600,45032.635973
10.902494,77,45033.084153
105.825718,169,45034.004289
55.547774,77,45034.449001
73.330249,148,45035.247248
38.780502,275,45036.77727
30.824502,74,45037.167009
185.747914,239,45044.403767
48.437136,52,45044.694957
7.345836,57,45045.022
26.043565,105,45045.625965
81.472432,160,45046.574312
49.439988,67,45046.973719
103.960544,132,45047.785859
382.367131,480,45050.69935
96.633863,135,45051.390896
38.253281,99,45051.933217
487.060653,600,45055.318815
38.24374,78,45061.76946
127.280244,189,45062.943724
55.484581,81,45063.440901
39.588484,155,45064.37171
40.418556,77,45064.816219
12.535137,49,45065.10164
525.474747,600,45068.730339
29.945166,120,45069.476835
67.614699,76,45069.984551
68.36768,105,45070.680886
36.871794,68,45071.140428
40.334938,93,45071.697362
105.389375,157,45072.595937
325.562939,356,45080.570493
428.948399,600,45083.954973
4.795335,58,45084.294688
44.159617,46,45084.543668
54.823237,190,45085.623848
149.573276,243,45086.924443
22.737582,62,45087.254791
340.174972,425,45089.625945
147.87245,600,45099.354326
49.21917,52,45099.650495
42.873388,69,45100.017978
504.419111,600,45103.265908
120.251277,205,45104.408905
127.311291,174,45105.453049
127.526735,163,45106.335732
25.633055,116,45106.942125
52.045502,71,45107.31345
281.39849,383,45115.380043
46.710523,126,45116.090535
52.770644,228,45117.368969
501.371792,600,45120.7938
77.542144,177,45121.712814
148.767695,301,45123.368632
59.685199,60,45123.728284
44.027017,49,45123.9986
-7.556157,47,45124.275729
90.306459,183,45125.385592
70.470761,89,45125.896492
70.036707,103,45126.475021
69.725236,116,45132.802099
19.828758,54,45133.095603
43.849494,50,45133.380566
40.822548,58,45133.708956
71.736406,114,45134.376434
65.696333,62,45134.737319
46.252249,82,45135.236976
38.019208,68,45135.635508
288.8061,339,45137.665023
163.708706,219,45139.03861
110.237175,600,45142.496941
50.847764,62,45142.861811
192.253118,256,45150.260655
507.012875,600,45153.494358
104.536997,123,45154.165366
49.463584,112,45154.771451
2.159425,147,45155.535181
48.775455,59,45155.826919
449.183439,527,45158.736267
60.568126,94,45159.247648
273.988631,309,45160.993859
12.832706,600,45170.690662
46.67179,79,45171.177203
41.363497,600,45174.674319
383.976669,525,45177.56767
484.57936,600,45186.814851
331.2523,424,45189.102763
8.909965,55,45189.401905
15.51556,48,45189.693205
490.508886,600,45193.148481
37.559088,134,45193.934008
130.29155,221,45195.116615
528.573168,600,45204.880224
454.585429,600,45208.389174
20.289793,160,45209.371427
493.262864,600,45212.619579
67.306399,156,45213.513934
402.708107,600,45222.997111
130.231749,309,45224.811706
40.090403,44,45225.076486
-1.756996,103,45225.696362
150.182245,185,45226.750638
38.137784,84,45227.25523
-11.065165,48,45227.567034
47.323618,78,45228.046129
195.841782,600,45231.718414
18.055549,88,45232.265224
50.998601,53,45232.580601
4.896986,93,45239.296338
55.321782,600,45242.805222
47.92571,45,45243.090527
578.916422,600,45246.848656
26.008389,83,45247.29823
29.472123,76,45247.701041
98.009016,157,45248.58031
502.964433,600,45257.555192
28.425073,186,45258.65195
111.679379,160,45259.624596
47.47265,49,45259.926007
-15.818928,67,45260.340095
50.605596,49,45260.62037
-5.857479,295,45262.175724
52.547865,55,45262.48837
72.534316,165,45263.387761
45.427921,70,45263.785658
39.319819,50,45264.087861
19.712486,93,45264.632366
244.737785,406,45267.087403
14.396007,63,45267.470682
51.905764,68,45267.828126
28.569932,119,45268.509117
45.931643,98,45275.154915
33.803192,100,45275.752111
41.936067,47,45276.047549
53.199317,57,45276.406074
507.616709,600,45279.756182
46.903312,115,45280.373086
40.55394,195,45281.417829
146.442478,182,45282.37745
38.74703,111,45283.022485
117.662087,164,45283.928692
4.109921,53,45284.227355
41.156502,77,45284.654826
510.87181,600,45293.878689
101.035445,151,45294.714649
25.873081,75,45295.157532
161.765551,292,45296.777293
382.417456,600,45300.155914
189.202877,273,45301.661391
75.234086,154,45302.519478
38.847228,60,45302.85623
117.657061,152,45309.608876
78.779787,171,45310.656498
107.127327,158,45311.585584
416.728975,600,45315.01775
31.15234,111,45315.629224
-0.02878,54,45315.907281
33.933789,59,45316.230591
114.16304,184,45317.368618
47.483445,55,45317.727529
39.712477,62,45318.102353
83.533241,162,45319.090836
23.17627,57,45319.423792
355.128428,404,45327.754329
178.393924,332,45329.603967
1.211635,49,45329.911875
184.196357,288,45331.681264
80.520489,167,45332.678558
458.891532,600,45336.505308
50.199522,63,45336.962309
40.71676,68,45337.394144
14.729682,135,45338.236763
342.705399,447,45346.519322
37.521457,83,45346.994887
44.524587,70,45347.395818
535.678284,600,45350.898247
2.290264,52,45351.213977
143.623064,152,45352.093878
69.284443,116,45352.743521
44.475805,64,45353.071325
55.941213,81,45353.498642
0.676382,66,45353.851352
134.052548,294,45355.467967
28.340049,50,45355.744448
43.519246,56,45356.0491
524.553206,600,45365.601128
448.309251,600,45369.034906
48.693117,99,45369.581114
536.354833,600,45372.912663
39.278692,51,45373.193441
42.142402,128,45373.87036
45.139366,51,45374.150466
47.779478,45,45374.394672
510.026219,600,45383.801985
8.726234,138,45384.556349
108.726801,197,45385.687731
276.274517,544,45389.067976
12.222406,68,45389.461912
217.618516,349,45391.437059
192.52965,237,45398.83903
441.555807,600,45402.213356
31.238786,55,45402.551231
44.287729,75,45403.005643
39.184165,42,45403.256467
88.783327,107,45403.897472
-13.199131,44,45404.163233
114.23052,156,45405.026552
65.643366,126,45405.663719
44.564904,54,45405.944913
382.010429,457,45408.494511
14.909006,111,45409.107425
484.895782,600,45418.747037
488.921239,600,45422.139589
56.428054,70,45422.543288
27.391876,191,45423.798915
41.721459,51,45424.178627
72.918798,187,45425.382525
68.32942,111,45426.075039
19.177275,84,45426.595993
9.489423,123,45427.274933
23.719705,103,45427.82654
17.884818,61,45428.173831
112.700154,179,45435.189912
41.730868,68,45435.561455
4.57337,48,45435.823307
124.277678,170,45436.897876
530.857052,600,45440.690726
0.824967,101,45441.339274
39.894014,47,45441.661916
58.252624,182,45442.890093
46.300249,77,45443.356728
66.88244,157,45444.20643
483.611956,600,45453.475989
51.170079,57,45453.775237
42.80698,54,45454.096159
38.205538,92,45454.569216
98.777841,165,45455.516181
132.536927,162,45456.431998
32.469926,58,45456.772933
98.348509,167,45457.726128
48.834699,108,45458.305252
42.77468,54,45458.5822
56.678972,110,45459.198254
553.836385,600,45462.695905
105.070347,342,45470.801976
42.285391,75,45471.217344
366.524858,440,45473.630569
10.237814,68,45474.003663
107.088445,182,45475.042934
493.342479,600,45478.508745
481.133413,600,45481.858058
536.554331,600,45491.417826
523.842795,600,45495.003242
16.247184,97,45495.581636
36.732427,65,45495.948862
418.421593,600,45499.395858
9.555812,147,45506.501949
124.619343,196,45507.583626
447.50703,600,45510.957846
130.289638,197,45512.093631
312.262613,398,45514.181694
5.602604,59,45514.517632
10.886009,54,45514.818128
140.446716,171,45515.819252
44.156805,71,45516.237403
174.793725,239,45517.650914
60.936521,264,45525.345962
140.180983,178,45526.41419
24.967296,62,45526.796396
122.390738,152,45527.619666
4.184189,66,45528.00789
525.805702,600,45531.441943
87.38747,142,45532.421252
74.12998,75,45532.911772
56.181801,60,45533.323405
53.428568,73,45533.733484
5.487204,70,45534.090276
45.741775,58,45534.387691
6.549694,54,45534.698075
85.898609,158,45535.593499
95.59002,153,45542.546881
19.715023,108,45543.192978
93.884602,191,45544.318351
50.826346,56,45544.61599
89.606847,181,45545.603516
48.422617,53,45545.897107
93.288415,167,45546.789213
41.151738,157,45547.630456
165.622372,217,45548.89901
-7.264576,141,45549.728133
112.631785,600,45553.422205
163.206544,202,45560.725765
23.82697,600,45564.134673
110.971276,144,45565.127555
125.983893,176,45566.390835
93.574123,255,45568.007524
47.070248,144,45568.831867
13.614991,46,45569.081794
-4.037297,45,45569.326786
31.888652,65,45569.680882
28.383125,75,45570.091863
52.281785,85,45570.556184
79.675172,500,45579.754521
64.506743,600,45583.53809
67.385647,151,45584.518956
56.488301,246,45586.036387
47.489005,69,45586.448428
13.189706,47,45586.715119
83.636805,158,45587.590149
41.111182,164,45588.507162
20.311551,600,45598.217739
-7.048118,55,45598.562239
107.719586,126,45599.388155
27.629965,174,45600.424267
45.416882,58,45600.732056
32.93422,114,45601.338801
36.773338,137,45602.062307
153.264447,222,45603.218757
57.951558,77,45603.621894
36.004015,61,45603.949188
67.811098,155,45604.823626
114.922866,148,45605.656882
78.955143,109,45606.248024
46.688224,119,45606.906024
42.770555,52,45607.198451
456.977568,600,45616.282501
-1.831928,62,45616.608818
39.865968,81,45617.043349
10.201497,48,45617.307251
20.999105,137,45618.038423
30.107456,78,45618.458049
-1.834474,53,45618.742239
16.656065,54,45619.053259
33.04288,122,45619.730567
6.489315,76,45620.162484
527.672626,600,45623.555052
393.554712,600,45633.383518
103.373998,131,45634.223331
138.147308,170,45635.185367
61.630823,57,45635.490287
29.454431,131,45636.187776
529.647155,600,45639.483394
40.247533,90,45640.091005
102.317054,600,45643.658724
85.070742,144,45649.780978
518.740969,600,45653.158099
0.559766,47,45653.401563
38.757075,54,45653.706772
362.373462,485,45656.618523
59.714523,600,45659.984456
46.329131,73,45660.382898
44.020641,600,45669.945781
60.686241,71,45670.401412
43.477735,53,45670.749348
38.023041,141,45671.696407
42.409198,100,45672.245323
54.428393,144,45673.008647
80.854046,600,45676.242894
111.184,190,45677.279398
40.711357,74,45677.677042
83.873214,180,45678.660112
39.763454,87,45685.299028
31.009366,600,45688.62183
59.015129,81,45689.080994
252.610094,600,45692.447489
113.58823,162,45693.458898
58.053739,62,45693.860532
49.367245,72,45694.344893
68.941466,88,45694.868255
132.935957,412,45703.351764
52.90936,81,45703.867412
26.875639,44,45704.139998
-6.196046,231,45705.566956
168.215819,227,45706.912504
1.70156,52,45707.223496
44.987634,47,45707.515558
123.9351,178,45708.584227
11.984199,52,45708.884895
47.290174,68,45709.310291
69.662912,91,45709.89583
123.198754,231,45711.132225
490.096065,600,45714.422289
37.001119,54,45720.611495
106.941355,158,45721.49199
65.491049,137,45722.25936
17.029266,89,45722.757405
52.454249,60,45723.098226
-4.545567,100,45723.659305
210.13871,330,45725.513021
51.046555,47,45725.792853
38.67415,49,45726.062552
71.913486,137,45726.805973
57.456998,77,45727.21489
13.262749,90,45727.712342
521.586117,600,45731.107011
41.124339,133,45731.871988
43.59789,50,45738.398651
49.83347,56,45738.713168
466.859921,600,45742.032351
62.691777,94,45742.569262
14.82804,153,45743.409979
43.918552,71,45743.845746
51.490439,91,45744.374313
333.322279,423,45746.72042
3.771223,51,45747.005963
48.476939,74,45747.405399
204.987851,312,45749.269781
42.031926,54,45749.627266
69.213423,149,45756.583676
53.017054,193,45757.639382
8.174594,61,45758.007956
127.306273,217,45759.248688
43.623871,56,45759.559552
42.471761,52,45759.843787
29.937906,118,45760.474598
37.529773,51,45760.752774
7.839774,52,45761.050474
156.817902,225,45762.291493
33.401729,81,45762.757491
67.34959,82,45763.188677
248.805151,318,45765.105906
21.636448,600,45774.259249
77.953648,204,45775.490886
25.472257,600,45779.025676
97.875,139,45779.775661
50.92386,87,45780.241909
425.829321,600,45783.747367
-6.551474,45,45783.980661
93.548539,334,45791.791476
98.021193,600,45795.497367
26.379249,87,45795.991583
384.389162,600,45799.602036
39.888897,232,45800.95228
58.490911,52,45801.205855
90.580554,271,45802.607516
30.499488,67,45802.979743
11.93248,75,45809.225808
23.554619,62,45809.562453
54.174811,74,45809.937752
34.963988,49,45810.226574
34.820445,92,45810.712753
25.763935,65,45811.087396
43.228421,71,45811.534395
540.753415,600,45815.081229
20.345865,56,45815.38972
476.30494,600,45819.020421
315.603985,508,45827.739576
43.657962,106,45828.36092
81.142861,119,45829.042094
23.219991,56,45829.357195
38.71089,50,45829.648864
53.6569,142,45830.457325
90.259822,136,45831.176393
255.972585,332,45832.89771
34.348477,57,45833.188105
62.897984,102,45833.714317
128.404249,208,45834.825298
45.568249,44,45835.063856
35.679843,59,45835.377964
553.352669,600,45844.792898
28.113544,56,45845.078658
2.994792,45,45845.326633
8.733005,46,45845.590165
28.67731,62,45845.944985
44.680254,79,45846.410806
48.158671,114,45847.055171
41.231229,66,45847.427787
28.878161,80,45847.879048
46.856742,219,45849.224685
60.815568,75,45849.643653
33.687732,70,45850.007415
79.722688,127,45850.725169
29.516439,600,45854.275342
483.512863,600,45863.579755
130.972702,213,45864.771111
0.830623,46,45865.018957
194.670664,302,45866.70479
138.666816,232,45867.951493
2.882898,49,45868.221009
39.764448,101,45868.787065
43.745613,56,45869.084983
158.845329,197,45870.119037
161.380874,208,45871.395158
49.591162,306,45873.286043
511.859671,600,45882.690056
45.687051,82,45883.170981
65.117793,129,45883.85744
9.160125,56,45884.171877
60.746079,93,45884.672122
159.795582,289,45886.25817
12.05089,600,45889.668692
542.207479,600,45899.11844
587.313936,600,45902.573224
9.912387,64,45902.913584
200.862983,330,45904.943454
324.611381,480,45908.063954
46.926827,53,45908.388741
-9.598181,46,45908.695727
40.840781,44,45908.993992
56.557949,129,45915.509239
26.30589,79,45916.052151
50.692868,61,45916.443844
243.022787,380,45918.558669
143.219689,252,45919.922849
111.817421,600,45923.456774
49.208786,51,45923.77326
85.880779,123,45924.492035
523.204217,600,45933.808834
49.606101,62,45934.159487
9.403738,75,45934.575049
104.382398,136,45935.306969
45.43733,41,45935.53071
24.901686,45,45935.775538
73.191603,600,45939.270556
17.053293,114,45939.955254
27.14877,87,45940.442919
13.687589,53,45940.737375
47.77265,212,45941.947983
561.627748,600,45951.19522
49.143678,65,45951.545805
204.990055,309,45953.191227
43.8337,66,45953.533639
36.667466,78,45953.951159
531.873735,600,45957.608915
43.485756,49,45957.876759
47.922863,81,45958.312346
118.708912,176,45959.266075
58.86436,143,45960.008787
125.779544,191,45961.088083
95.009674,252,45968.407607
10.406907,110,45969.03923
50.446281,58,45969.395896
48.300918,145,45970.215598
46.493419,68,45970.609434
60.546915,158,45971.558172
133.159926,200,45972.826196
467.058346,600,45976.399451
39.848103,156,45977.254687
3.401952,59,45977.579073
2.085964,47,45977.821245
44.035074,57,45978.135615
180.140701,600,45987.491134
43.769997,84,45988.001255
28.061219,55,45988.331752
35.501015,47,45988.597113
19.935636,125,45989.318183
65.490292,258,45990.874456
14.816297,81,45991.340509
104.073342,155,45992.18143
24.36552,78,45992.660465
47.940368,63,45993.038941
49.896023,114,45993.723834
50.350426,55,45994.075732
33.591844,54,45994.412184
4.145966,46,45994.697217
115.599211,148,45995.544683
23.764843,61,45995.965996
42.373208,66,45996.412777
24.643015,600,46005.863112
83.946516,185,46006.941605
61.20997,135,46007.784448
73.890809,116,46008.41122
42.602401,55,46008.711053
496.228899,600,46012.160848
37.586281,74,46012.656805
22.487497,171,46013.824234
85.640964,131,46014.670217
26.401778,97,46015.190075
46.885285,136,46021.631139
39.712762,97,46022.185521
15.125118,58,46022.509309
127.134793,187,46023.628441
18.504733,65,46023.979613
38.52358,51,46024.23501
23.444395,98,46024.761621
41.564824,47,46025.009394
94.207912,146,46025.808664
160.620978,210,46026.986285
108.234263,134,46027.691328
65.982201,77,46028.082821
28.191739,95,46028.612957
46.071506,67,46028.961829
65.363891,86,46029.424445
548.350006,600,46038.860898
32.872926,136,46039.679865
42.159742,52,46039.992888
582.351266,600,46043.208126
38.310852,50,46043.489279
28.172948,55,46043.771146
36.646769,125,46044.476274
47.61644,52,46044.756773
37.602121,57,46045.057484
101.801927,140,46045.802183
18.470698,47,46046.065142
9.682331,46,46046.297356
64.842536,227,46047.498476
-1.257405,147,46048.274106
47.688976,64,46048.626477
82.244748,147,46049.398461
-4.583789,53,46049.687744
108.798958,138,46056.468958
103.900736,600,46059.848163
36.141047,66,46060.206419
34.770877,67,46060.581304
35.130087,46,46060.850271
16.886264,600,46064.964191
190.942285,395,46067.288353
37.837607,252,46074.531003
142.33202,176,46075.521414
55.872577,81,46075.997598
114.02007,185,46077.008468
37.012344,52,46077.275527
11.356919,51,46077.5407
60.959754,58,46077.846112
33.570536,51,46078.143566
43.029857,56,46078.459349
30.877808,45,46078.698531
120.094437,200,46079.790245
22.219487,46,46080.032145
61.845847,125,46080.735583
124.832622,181,46081.748144
480.705326,600,46085.20084
131.548637,211,46092.540693
149.623577,154,46093.453744
29.007649,72,46093.889832
362.380845,446,46096.655352
259.975522,411,46098.933987
62.504399,104,46099.515284
5.637491,103,46100.137937
491.293216,600,46103.73401
43.525453,72,46110.168831
19.066878,600,46113.560164
308.083315,373,46115.752792
480.231904,600,46119.756663
-10.835926,58,46120.106283
12.104044,49,46120.392734
40.906346,39,46120.616719
48.994265,59,46120.958551
162.698814,229,46128.333585
87.893528,162,46129.206344
521.944513,600,46132.451165
134.773312,600,46135.843153
64.222222,163,46136.749069
47.386745,49,46137.037362
42.595582,68,46137.406418
74.472713,118,46138.015676
498.471442,600,46147.644533
39.384431,55,46147.954533
3.307037,48,46148.242523
181.498506,217,46149.530599
461.848973,600,46152.882934
254.053738,369,46155.137203
101.152116,220,46156.582774
47.080317,68,46156.986852
44.294707,44,46157.240056
30.947924,182,46164.344355
41.807409,66,46164.714307
89.817185,191,46165.776098
173.323693,227,46167.065123
22.744651,202,46168.196775
77.423439,88,46168.754043
4.82518,46,46169.038064
519.845251,600,46172.714288
82.087568,124,46173.478498
57.03068,52,46173.752274
47.487256,79,46174.184516
105.884216,139,46174.917838
33.761717,61,46175.26131
46.903533,57,46175.576237
195.195619,228,46182.689892
11.069548,59,46183.035659
45.907435,93,46183.592296
68.471113,205,46184.749675
69.988693,168,46185.680054
78.252983,154,46186.534862
19.648847,67,46186.919571
40.777022,60,46187.250443
71.33165,139,46188.000508
470.910955,600,46191.357653
42.866424,82,46191.870189
42.44163,50,46192.164577
55.290094,94,46192.69151
515.183737,600,46202.148152
38.379252,112,46202.807523
247.981353,304,46204.689757
59.938686,124,46205.462962
95.919744,322,46207.31603
524.547837,600,46210.591418
37.18339,89,46217.010628
347.298862,600,46220.847612
497.724338,600,46224.296753
-4.398017,58,46224.63628
18.906984,48,46224.91592
256.531823,365,46227.340543
7.101889,76,46227.828094
71.120814,93,46228.360214
11.476509,62,46228.729656
154.658837,235,46236.315375
553.18103,600,46239.733216
51.645037,219,46241.042982
24.653714,122,46241.798671
112.082517,158,46242.677923
72.241559,144,46243.459087
108.297678,168,46244.326482
75.975097,78,46244.721381
125.395016,405,46247.126466
41.117558,70,46253.494372
230.830952,600,46257.040325
502.226912,600,46260.68877
41.570659,55,46261.039911
80.773617,276,46262.630693
47.671256,73,46263.033608
497.888248,600,46272.293604
505.734086,600,46275.901119
11.48452,68,46276.244125
521.816389,600,46279.61675
49.780096,70,46280.044086
-5.092458,45,46280.329666
-2.552837,48,46280.58996
88.80616,91,46281.132956
7.679215,51,46281.443301
63.113988,190,46282.564409
42.053558,54,46282.841462
28.654253,142,46289.750643
36.859603,129,46290.553307
45.72058,44,46290.812504
9.748417,60,46291.177921
105.041098,163,46292.12533
9.488685,125,46292.785028
97.386534,133,46293.586282
33.364649,75,46294.022738
132.301738,181,46295.078773
63.196976,66,46295.448111
113.180963,163,46296.326167
118.950231,150,46297.153188
43.032604,70,46297.524168
104.001187,600,46307.081373
107.969165,192,46308.11302
501.093093,600,46311.533401
149.305395,191,46312.548211
48.288842,42,46312.785564
26.415232,67,46313.150715
212.679025,336,46315.020774
18.652104,100,46315.61903
8.99516,172,46316.55355
52.092217,75,46316.978612
12.867211,100,46317.528281
459.433684,600,46327.141083
458.766286,600,46330.52912
449.097042,600,46333.811912
106.940926,136,46334.538397
45.301876,53,46334.826286
119.250656,215,46335.966274
-0.066035,88,46342.486536
52.781925,52,46342.766469
142.971028,197,46343.816811
20.857673,80,46344.278957
29.848213,82,46344.727746
30.803269,87,46345.213945
45.157261,68,46345.590969
39.864322,45,46345.845906
42.351017,67,46346.230808
171.273247,217,46347.537617
313.10285,407,46349.902711
7.530221,116,46350.572538
454.697212,600,46359.849184
57.54045,64,46360.282568
47.276811,76,46360.813658
87.237977,180,46361.921976
73.704692,232,46363.183064
210.061854,305,46364.953744
132.151732,191,46366.167103
2.532404,45,46366.434504
115.286215,207,46367.605772
19.482029,57,46367.932214
78.197521,134,46368.684864
109.469278,183,46369.727373
74.153355,485,46378.293462
181.166308,241,46379.809103
9.995888,56,46380.120825
44.448853,60,46380.44842
95.535893,157,46381.304079
526.185512,550,46384.727419
181.095964,217,46386.073654
385.800443,475,46388.588417
56.829568,115,46389.224446
70.201063,600,46398.906239
127.529261,173,46399.95345
33.552863,48,46400.250102
33.404498,45,46400.51542
1.375029,58,46400.829962
51.644159,56,46401.157042
44.971069,78,46401.629026
216.377651,284,46403.328614
40.211031,68,46403.746114
82.586535,145,46404.622022
50.659289,67,46405.041626
49.312181,221,46406.247203
31.78233,70,46406.64761
89.615155,221,46414.008413
523.041854,600,46417.746528
32.120732,92,46418.289266
36.201473,85,46418.82163
59.316478,92,46419.402378
411.741636,525,46422.349063
75.983806,600,46431.738983
58.235307,81,46432.174623
13.897467,58,46432.495504
310.511098,378,46434.538009
114.736545,162,46435.461134
73.518606,199,46436.552512
461.386203,600,46440.052876
580.089026,600,46449.395422
28.288332,600,46452.845598
500.024708,600,46456.25416
394.136503,470,46458.977075
393.939809,461,46467.467423
44.59026,44,46467.72908
234.026105,288,46469.24293
91.417034,159,46470.106282
42.163347,49,46470.403026
20.587615,63,46470.775722
68.18179,77,46471.206923
12.704564,54,46471.484659
62.110705,142,46472.289613
33.691074,47,46472.55104
77.440341,600,46476.063104
126.574564,214,46477.211102
29.875179,60,46477.559674
57.073892,173,46484.118056
41.13671,51,46484.438156
30.9665,41,46484.678823
105.489851,132,46485.490827
41.491776,53,46485.810999
180.694154,295,46487.560289
43.207941,80,46487.99647
16.17064,279,46489.571348
492.341988,600,46493.116543
41.712603,52,46493.444841
39.355263,131,46494.25341
4.644622,51,46494.604609
36.864198,55,46494.93299
36.909099,79,46495.427056
509.904579,600,46504.986408
24.331804,121,46505.650255
44.287431,48,46505.912522
-14.780812,52,46506.202739
41.708627,65,46506.568788
58.638212,106,46507.11168
52.147466,62,46507.428378
237.180549,315,46509.180317
9.356978,55,46509.494552
17.467568,51,46509.775275
44.030754,75,46510.20786
38.667624,62,46510.599667
45.155961,57,46510.931101
107.71172,142,46511.672933
451.761321,600,46521.080068
9.365569,111,46521.683348
171.238517,211,46522.840181
393.816981,600,46526.137145
-13.053275,55,46526.448515
-15.031131,100,46526.968918
29.91247,48,46527.241077
21.640377,52,46527.517236
204.950111,345,46529.61165
45.180309,57,46529.990323
11.988944,63,46530.419974
-14.669351,45,46530.700208
17.700795,48,46530.990862
130.846403,208,46538.132628
116.076695,148,46539.000537
128.794083,183,46540.213506
17.457934,84,46540.75829
70.01054,212,46542.060013
40.512421,51,46542.383257
69.490947,66,46542.83743
43.6875,49,46543.132332
23.4009,57,46543.485441
454.37796,600,46547.063556
30.254641,54,46547.424132
473.987455,600,46556.576723
409.513777,600,46559.973581
39.284401,130,46560.708895
388.855914,600,46564.28883
101.393748,159,46565.218174
219.987083,290,46567.138415
44.476317,85,46573.769343
40.668995,55,46574.111507
53.931274,54,46574.4236
34.72105,92,46574.959377
358.648523,555,46577.992794
432.420894,600,46581.39723
425.810269,600,46584.958204
144.978394,194,46592.296404
40.787475,47,46592.560012
487.131,600,46595.952431
11.789597,55,46596.326638
44.002761,57,46596.65341
92.831389,211,46597.926821
41.223248,48,46598.177014
44.737029,47,46598.42663
41.406776,43,46598.642893
422.843725,600,46601.894037
145.150384,199,46603.013024
175.261498,218,46610.275561
70.919598,124,46611.103283
38.393713,600,46614.720858
-5.222508,46,46614.986426
563.468063,600,46618.361335
41.032728,73,46618.79464
431.707448,600,46628.43096
31.611773,151,46629.265709
37.440342,47,46629.579588
65.893822,82,46630.09202
86.056712,174,46631.250122
93.949137,152,46632.190207
50.917427,600,46635.893363
15.856242,66,46636.294878
352.8925,512,46639.319964
63.898968,116,46645.975836
30.593819,115,46646.609006
47.859081,56,46646.922177
40.137433,43,46647.150689
47.312072,64,46647.499174
74.034063,128,46648.218829
70.166184,120,46648.874718
34.418252,76,46649.288421
43.054862,42,46649.518372
43.525886,72,46649.90584
52.222481,94,46650.458894
19.221754,110,46651.034186
126.694911,145,46651.817858
33.280968,600,46655.27827
77.898951,159,46656.116474
114.319585,600,46665.484935
52.229453,74,46665.898687
43.006126,59,46666.213141
51.583743,58,46666.527564
582.944942,600,46670.00002
4.598462,60,46670.378509
45.149042,70,46670.857257
125.975724,172,46671.928719
77.083307,147,46672.793634
493.755526,600,46682.120853
438.196844,588,46685.591919
14.464626,57,46685.904777
13.423256,49,46686.234303
64.809356,82,46686.787065
153.733516,259,46688.387206
-1.163017,235,46689.78363
47.921819,44,46690.040509
40.326528,78,46690.464077
13.639582,600,46699.859355
3.985143,47,46700.110704
44.593773,63,46700.43955
18.391603,51,46700.713118
51.919192,66,46701.081792
94.76588,108,46701.679461
33.188632,67,46702.032063
76.406912,95,46702.578567
95.693271,166,46703.484151
51.582707,46,46703.749674
76.226007,153,46704.586679
155.29516,199,46705.650877
1.975556,65,46706.025387
61.303563,60,46706.348317
11.894284,75,46706.761455
210.319303,260,46708.179107
221.287178,302,46709.847647
-3.08638,120,46716.518889
419.537052,600,46720.218425
24.206848,134,46721.03449
46.246162,59,46721.359348
53.496166,62,46721.705793
479.740987,600,46725.122251
88.959552,166,46726.172887
133.11127,160,46727.149836
42.878484,61,46727.524206
45.365357,50,46727.857494
91.425431,184,46735.017336
103.273491,128,46735.770815
38.676366,600,46739.411453
160.289617,193,46740.652797
88.223352,151,46741.645533
25.033581,70,46742.096917
44.608717,64,46742.520088
515.442337,600,46746.089157
4.249939,62,46746.462593
48.568602,52,46746.778631
37.853177,59,46752.911625
28.571553,72,46753.343313
27.427536,59,46753.704195
26.720285,600,46757.484349
37.745664,65,46757.871279
39.369668,85,46758.339461
41.552216,65,46758.725793
36.790066,54,46759.02335
115.716284,174,46760.035389
12.720588,54,46760.378989
73.587313,89,46760.934005
55.085374,56,46761.271525
24.817902,600,46764.941835
50.918394,76,46771.517568
404.248499,600,46775.02972
66.197026,205,46776.152217
50.975321,600,46779.551993
44.808872,48,46779.795658
90.35425,149,46780.66476
16.967482,120,46781.416337
46.921015,66,46781.860251
84.537966,106,46782.50349
38.804576,67,46782.885624
-11.716001,50,46783.175141
18.48604,64,46789.644566
39.848309,111,46790.330885
26.141232,59,46790.713816
41.720666,86,46791.253085
43.2527,55,46791.610913
257.684052,328,46793.410082
101.32578,166,46794.279806
43.594486,56,46794.577173
94.93088,160,46795.45597
406.324398,600,46799.248102
143.181248,176,46800.325872
44.371908,78,46800.790588
32.687373,600,46810.722231
238.27851,433,46813.383289
210.860232,240,46814.781168
27.409874,69,46815.174204
113.353298,166,46816.043723
26.435909,84,46816.52418
-9.57521,65,46816.916801
47.296658,120,46817.695205
47.714007,119,46818.449244
45.814423,80,46818.986493
42.865021,57,46819.361533
49.672492,49,46819.674864
36.01508,45,46819.956024
37.836087,43,46820.257804
101.020736,222,46827.553503
105.080884,155,46828.430406
105.966225,181,46829.411131
106.785849,180,46830.398664
35.81348,75,46830.802462
47.621282,40,46831.057047
47.785637,50,46831.335414
1.260737,47,46831.572997
223.29712,414,46833.844546
22.519927,75,46834.292455
137.60408,201,46835.460956
173.940521,271,46836.946838
5.287158,73,46837.353565
45.148403,48,46837.645798
124.058774,232,46845.168109
109.947245,142,46845.937262
542.034553,600,46849.421425
31.166927,58,46849.748591
40.687771,59,46850.0596
235.653095,600,46853.479917
17.487982,103,46854.043131
52.551161,71,46854.444047
65.487758,179,46855.505922
43.79671,76,46861.862379
113.186973,143,46862.824803
95.973334,147,46863.730185
220.670081,600,46867.3576
51.241414,49,46867.68831
45.259092,64,46868.097713
49.009098,61,46868.449366
53.026554,54,46868.750045
153.808477,226,46870.012131
98.758238,161,46870.904709
90.364333,130,46871.58897
96.698732,134,46872.298196
106.136009,178,46873.268892
120.692351,172,46880.345771
83.858834,600,46883.837665
53.738067,79,46884.302066
512.872851,600,46887.733014
33.233238,55,46888.024341
62.441585,80,46888.462331
35.066738,101,46888.990869
46.859626,45,46889.251805
33.611628,81,46889.717998
46.928292,120,46890.370864
42.910826,51,46890.667774
5.487074,50,46890.962624
538.608778,600,46900.809472
46.679604,144,46901.611293
40.541905,51,46901.918561
64.257496,82,46902.381642
157.890425,225,46903.605476
530.569365,600,46906.931613
124.518056,313,46908.687108
517.265283,600,46918.23787
74.017994,178,46919.191831
38.871278,97,46919.70083
41.675746,78,46920.158202
40.360226,87,46920.651904
11.813778,61,46921.009449
43.673574,74,46921.434591
564.953991,600,46924.755846
49.03397,67,46925.132519
41.086622,66,46925.548122
85.621084,112,46926.23592
52.010036,54,46926.592253
51.117837,135,46933.484707
54.772926,59,46933.853248
96.646247,147,46934.75057
46.645394,58,46935.096067
80.664977,600,46938.575504
120.653397,400,46940.836022
175.934209,241,46942.121755
499.935696,600,46951.46437
41.101369,53,46951.742413
117.45203,197,46952.876131
43.326087,62,46953.222927
31.850753,51,46953.488326
480.900642,600,46956.870706
521.806262,600,46960.219906
9.095069,116,46960.863627
38.154681,122,46961.547348
286.056599,378,46969.429051
47.274372,64,46969.793681
95.988649,186,46970.81712
43.677612,57,46971.130432
8.726665,70,46971.572757
134.440937,180,46972.615433
430.555611,600,46975.979594
-3.682769,76,46976.385087
76.064487,180,46977.361094
3.814152,55,46977.670816
2.802836,50,46977.938141
17.979821,53,46978.236511
30.763784,45,46978.488051
6.634265,58,46978.815724
51.63378,66,46979.206139
60.090342,102,46985.978313
325.127809,440,46988.527299
45.116959,52,46988.803055
26.422201,72,46989.211886
51.999404,68,46989.58324
283.669776,354,46991.614374
498.69065,600,46995.308714
576.764069,600,47004.615292
266.547826,470,47007.38467
62.752585,83,47007.905731
11.17306,51,47008.206952
39.131365,77,47008.651677
53.610587,59,47009.003347
38.411724,45,47009.261666
41.934014,53,47009.561778
502.013826,600,47012.909139
25.724064,68,47013.327806
48.34881,45,47013.60293
16.796754,600,47023.701331
42.84364,72,47024.111177
-1.424327,101,47024.66846
14.749151,228,47025.87882
494.418372,600,47029.109545
41.135532,120,47029.786234
122.905587,186,47030.871403
45.176549,61,47031.223576
6.522049,58,47031.543501
22.326596,75,47031.95517
86.512264,148,47032.800024
48.908783,53,47033.144464
138.602397,209,47040.621943
44.009773,75,47041.119425
218.231633,600,47044.462188
168.65337,247,47045.762401
37.759897,40,47045.995966
35.19452,62,47046.345836
40.677767,65,47046.746692
42.194755,41,47046.991546
60.920777,201,47048.328639
111.707392,152,47049.317734
529.998616,600,47059.268869
76.030845,177,47060.368666
43.558436,76,47060.78656
49.642555,128,47061.430517
18.526008,53,47061.699302
441.515459,600,47064.953741
33.903319,46,47065.201566
49.61924,78,47065.604701
69.794623,98,47066.141221
85.332493,121,47066.790907
102.643833,195,47067.839133
7.831999,67,47068.229136
10.121249,53,47068.536519
60.644146,75,47068.949175
481.321461,600,47078.325929
52.72784,113,47078.937948
37.88281,62,47079.288668
33.193614,50,47079.57416
43.598771,57,47079.89951
68.850279,136,47080.659316
115.062052,600,47084.401468
113.335429,154,47085.308892
586.471358,600,47094.710109
52.352112,132,47095.566869
3.687651,94,47096.208007
47.462827,65,47096.636113
3.990681,80,47097.15291
89.911053,182,47098.238923
173.246435,323,47100.014944
47.546382,46,47100.275652
39.624226,44,47100.519387
-4.001475,140,47101.268152
13.115541,50,47101.537151
51.153399,53,47101.859769
484.251286,600,47105.305221
68.472955,92,47111.896635
382.460077,600,47115.585359
102.213878,600,47119.173867
90.669879,152,47120.004329
18.162765,600,47123.436266
41.257733,44,47129.366878
151.924324,207,47130.532824
38.551526,161,47131.410894
8.813201,134,47132.196875
119.171504,162,47133.044817
43.490866,43,47133.277213
35.340777,114,47134.002576
79.348699,135,47134.798383
52.068958,164,47135.857339
99.531007,139,47136.690129
114.073633,159,47137.612852
16.823533,43,47137.865575
43.772072,77,47138.279793
187.317,282,47139.915381
47.263868,53,47140.265431
125.763985,147,47147.016632
44.790334,56,47147.346758
40.906195,68,47147.718674
131.329347,600,47151.086418
23.835113,59,47151.448068
116.696966,600,47154.852822
55.714175,139,47155.662627
56.999304,73,47156.091667
6.155964,51,47156.384754
155.710046,203,47157.507057
65.130834,86,47157.980527
38.036869,46,47158.239026
39.088882,44,47158.478542
38.038194,147,47165.408978
81.886757,104,47165.981342
80.499675,140,47166.740933
156.520734,215,47168.075298
98.122392,190,47169.222734
45.517984,54,47169.565858
39.632638,52,47169.869985
35.671104,75,47170.29225
340.038432,440,47172.8179
25.298562,135,47173.65798
182.908999,266,47175.144969
9.49275,49,47175.440414
521.496468,600,47184.99752
7.7365,45,47185.253965
39.986165,61,47185.575333
98.910503,168,47186.534513
90.751552,126,47187.255938
40.627241,76,47187.71793
162.436157,245,47189.127971
42.287492,46,47189.390702
54.177463,66,47189.783915
17.968965,129,47190.558299
45.821447,53,47190.892018
59.786926,138,47191.717438
49.864677,61,47192.126244
34.155647,52,47192.445294
40.85015,68,47192.833675
110.892406,144,47193.764809
42.686392,56,47194.134132
147.3013,208,47201.325615
15.602685,600,47204.916316
51.301216,71,47205.323899
42.548688,66,47205.706421
109.922011,167,47206.660216
10.472507,52,47206.956447
69.681846,196,47208.033142
27.0973,102,47208.607648
244.784194,345,47210.490383
35.084547,53,47210.789518
42.165323,48,47211.074187
-6.071243,45,47211.358997
0.447108,47,47211.639667
469.316388,600,47221.078595
59.990709,78,47221.513383
84.086354,124,47222.182954
421.582363,600,47225.474662
79.793182,141,47226.280973
501.00608,600,47229.664113
14.140742,44,47229.934803
120.452376,218,47237.108721
39.150708,89,47237.626564
104.945742,149,47238.434566
468.667855,600,47241.814628
58.151261,144,47242.651098
588.316321,600,47246.009722
38.86259,61,47246.317365
63.377147,70,47246.680804
29.29294,97,47247.196012
33.733721,61,47253.807498
32.882849,66,47254.170662
49.650188,67,47254.559898
34.510168,50,47254.847534
97.204635,121,47255.52963
95.538947,136,47256.289654
379.141274,600,47259.961899
16.260053,91,47260.486097
56.258077,57,47260.801026
36.8579,57,47261.10813
46.997118,76,47261.513178
46.863029,60,47261.870008
487.990688,600,47265.413364
34.48291,70,47271.732222
31.308849,67,47272.122135
49.624815,94,47272.634359
125.178682,272,47274.126049
27.691985,600,47277.621852
111.269775,220,47278.778121
46.541798,55,47279.063474
480.248577,600,47282.561185
51.780791,77,47283.009487
38.547643,99,47289.317584
7.561637,45,47289.608746
153.427002,193,47290.793663
-12.703199,140,47291.609966
74.12367,123,47292.343209
16.661219,75,47292.764781
74.604597,190,47293.780915
38.841102,126,47294.474611
8.505537,53,47294.769529
561.083073,600,47298.016242
404.360265,600,47307.328951
405.22342,600,47311.064058
165.542209,204,47312.171519
102.873934,600,47315.57099
22.256473,45,47315.819643
-5.753885,44,47316.081795
24.320882,600,47325.40813
47.250639,113,47326.063762
46.627115,59,47326.394991
518.105649,600,47329.977355
126.240141,167,47330.944258
19.496879,60,47331.298981
53.410068,156,47332.2059
70.998994,600,47335.676453
147.714765,188,47342.749979
90.284532,109,47343.421503
44.121141,70,47343.839831
28.765876,49,47344.126534
315.905427,431,47346.469775
62.461556,100,47347.051112
65.478206,60,47347.416247
122.968168,173,47348.515866
132.941911,600,47351.993285
5.791591,64,47352.344914
64.643185,130,47353.066476
-4.269019,73,47353.45895
51.005256,58,47353.802766
53.793625,82,47360.501648
407.686976,531,47363.307106
45.000815,61,47363.661631
95.575581,134,47364.494004
13.0798,76,47364.95133
42.976079,67,47365.370714
12.996402,55,47365.708988
109.351335,148,47366.589031
88.659517,118,47367.202064
71.232333,157,47368.05369
24.432389,600,47371.687724
98.759491,122,47378.244713
13.759538,53,47378.56649
5.323851,49,47378.826943
46.09376,55,47379.132123
3.013372,56,47379.488961
535.282902,600,47383.335706
16.767595,57,47383.640055
82.06661,130,47384.379229
99.072188,131,47385.172219
437.217342,600,47388.979272
25.873815,55,47389.290692
490.469911,600,47398.611328
44.772567,59,47398.965651
29.452348,73,47399.412028
39.809638,52,47399.736691
69.699718,140,47400.618355
48.656698,57,47400.946676
77.442146,156,47401.903529
36.250687,82,47402.421102
46.433931,85,47402.89535
45.499309,65,47403.269705
86.793053,108,47403.90108
107.689323,169,47404.823544
518.018452,600,47408.161542
39.768828,109,47414.820528
67.555521,138,47415.582414
89.888978,195,47416.653014
43.08738,81,47417.104267
42.904507,68,47417.4856
16.514329,224,47418.730155
145.347466,227,47419.937953
-0.711081,46,47420.193574
465.236734,600,47423.468857
114.88899,158,47424.414387
39.823585,54,47424.723046
35.228586,217,47432.24541
78.924866,84,47432.698987
6.84935,47,47432.958297
104.097631,164,47433.936164
63.241235,118,47434.642491
106.951277,170,47435.688045
288.826089,440,47438.258479
34.582091,135,47439.037296
12.016218,49,47439.313992
108.230239,157,47440.225953
38.656251,40,47440.464445
67.362627,137,47441.26837
32.988705,105,47441.863615
84.546377,93,47442.444795
29.108213,72,47442.894627
43.136193,89,47443.44492
118.203528,252,47450.494396
71.504076,111,47451.153681
58.350911,78,47451.623606
94.770931,158,47452.491594
112.232158,158,47453.368472
139.07637,171,47454.29442
55.324146,73,47454.701539
212.557029,288,47456.270331
42.639107,108,47456.904479
425.141199,467,47459.639654
42.036113,85,47460.183159
-9.905225,47,47460.507009
109.15494,212,47467.619433
76.530361,156,47468.464075
51.161664,47,47468.76375
103.694024,166,47469.706222
134.311351,207,47470.871007
34.062042,63,47471.229882
32.311794,170,47472.162793
45.415329,62,47472.502116
123.014624,600,47475.986509
198.407075,324,47477.872155
30.645106,102,47478.52366
44.814356,180,47485.538561
49.956828,56,47485.859472
367.67294,472,47488.512499
55.97471,81,47489.004896
44.40995,46,47489.267239
42.835053,174,47490.275717
137.226639,147,47491.194011
37.24165,59,47491.585874
202.557932,282,47493.314391
43.848868,53,47493.657445
22.964719,112,47494.340663
40.443649,57,47494.681402
174.35187,211,47495.945674
13.139009,139,47496.721068
108.59695,163,47503.831509
184.5702,202,47504.931041
40.765084,148,47505.718806
65.468349,141,47506.480824
42.231794,92,47506.996989
12.867294,52,47507.315267
-5.10136,65,47507.679487
60.468185,217,47508.984199
44.055111,47,47509.243448
45.25398,45,47509.493678
34.330362,143,47510.392758
-8.458025,47,47510.691792
7.523279,55,47511.047424
17.171088,100,47511.655887
49.395564,51,47511.993224
50.615707,49,47512.286854
84.744463,129,47513.103959
75.152198,110,47513.751457
-1.187546,166,47514.861277
10.522758,55,47515.185019
-9.584514,71,47521.674649
47.168551,66,47522.068099
49.225464,50,47522.362857
131.094704,182,47523.491667
18.330136,49,47523.754513
340.292935,410,47526.142911
9.288832,47,47526.408522
87.60739,125,47527.092488
431.606645,600,47530.480558
61.257962,95,47531.064741
122.933182,188,47532.318366
303.213424,407,47540.81692
45.692945,55,47541.134279
75.964588,89,47541.647269
142.493188,178,47542.726825
63.395155,76,47543.239439
43.544222,160,47544.191366
18.434371,62,47544.529884
98.227011,139,47545.276601
41.898321,52,47545.555042
86.462498,124,47546.267557
42.255373,68,47546.646859
43.299837,42,47546.893202
89.28126,175,47547.894956
-7.456328,59,47548.247868
55.088098,79,47548.741992
64.87066,149,47549.634782
97.154717,167,47550.687447
51.163166,65,47551.090277
32.868033,49,47551.395537
441.507028,600,47560.716422
2.847917,61,47561.03678
58.399845,63,47561.365488
63.645662,69,47561.7565
64.802824,66,47562.097962
141.184873,226,47563.35145
26.659248,75,47563.789044
32.723792,56,47564.143322
111.013077,128,47564.856001
-10.731011,55,47565.152793
489.432473,600,47568.394431
32.277372,111,47574.969583
332.274821,433,47577.782091
63.643924,193,47579.04993
21.15185,145,47579.919112
19.747152,75,47580.369093
-13.681121,69,47580.786723
152.52835,205,47581.992627
32.805832,119,47582.697151
47.488787,78,47583.150253
517.049244,600,47586.363394
37.7545,65,47586.743598
200.380425,272,47594.380106
37.211191,79,47594.860877
123.750732,600,47598.724006
16.427928,59,47599.088879
38.333242,600,47602.344852
42.754035,58,47602.695445
46.251343,95,47603.305859
515.891312,600,47613.090676
38.598771,71,47613.52571
117.779374,169,47614.534813
-6.243707,75,47614.980837
54.344932,115,47615.706946
349.990587,400,47618.193087
91.113416,258,47619.820485
26.889798,87,47620.329187
-10.209172,47,47620.588208
100.778742,169,47621.526789
30.749892,67,47621.881974
21.314266,40,47622.107804
24.375129,48,47622.388569
14.46363,56,47622.685966
58.994888,72,47623.065563
39.915042,62,47623.457649
8.555692,46,47629.738439
110.926031,144,47630.695657
163.397875,600,47634.106889
119.679718,152,47634.944624
46.747189,71,47635.343042
40.057,52,47635.656001
34.77514,152,47636.588801
45.360978,54,47636.948943
36.560117,69,47637.389588
45.048672,52,47637.730094
38.723513,95,47638.296535
22.049178,216,47639.588479
55.161679,130,47640.309985
40.214199,600,47649.733607
5.657072,47,47649.990565
52.359808,125,47650.671141
100.189784,147,47651.449578
8.178221,61,47651.782747
108.620986,148,47652.60159
40.529903,53,47652.886893
41.091663,47,47653.16175
29.676054,94,47653.683393
485.647187,600,47657.076286
-9.837614,48,47657.378822
124.17481,152,47658.292919
52.734858,58,47658.656886
49.855756,67,47659.065285
25.259706,62,47665.693912
37.386184,58,47666.028619
54.029384,123,47666.727298
137.038247,177,47667.804885
34.246867,95,47668.36219
102.441568,132,47669.189248
72.435079,137,47670.065537
54.919191,600,47673.575068
72.242142,304,47675.323179
8.502307,94,47675.812641
51.969463,72,47676.195712
115.511607,153,47676.977612
24.40967,600,47686.621367
430.646315,600,47690.168055
41.047369,155,47691.145997
49.902846,61,47691.546363
138.920164,296,47693.315665
358.525445,435,47702.443331
300.915587,433,47705.028073
45.719158,48,47705.292836
458.452742,600,47708.78505
37.592549,44,47709.054835
529.844609,600,47712.413053
36.060088,48,47712.673916
34.231587,53,47712.956499
37.650784,77,47713.373991
36.091188,155,47720.343641
406.957789,600,47723.873416
43.896155,43,47724.138283
137.035748,157,47725.008078
29.964885,74,47725.42863
108.112341,600,47728.906652
339.442129,600,47738.635612
583.981072,600,47742.292833
56.719267,158,47743.333936
108.882107,157,47744.359904
39.901156,64,47744.717408
47.257611,42,47744.981938
-7.083974,45,47745.243646
47.086957,78,47745.706329
65.251171,124,47746.423168
594.968107,600,47749.758099
39.672617,106,47750.362552
237.282891,305,47758.082459
-1.196262,44,47758.332807
43.952325,55,47758.656465
10.682824,48,47758.921673
-3.649416,78,47759.370178
27.885305,62,47759.693523
351.296031,497,47762.652488
88.559875,130,47763.380906
8.869849,46,47763.64404
-2.6589,44,47763.88926
49.329089,58,47764.229335
106.969284,159,47765.196157
80.548377,153,47766.062654
227.267846,600,47775.720052
64.317907,600,47779.369482
49.439313,128,47780.045475
19.708535,68,47780.43073
36.972229,86,47780.887173
49.192767,147,47781.667682
24.525564,91,47782.153027
24.088663,54,47782.457145
65.525321,151,47783.289621
55.128439,55,47783.622972
522.731933,600,47793.330219
49.561299,190,47794.446264
96.418212,174,47795.417212
97.307435,132,47796.204357
102.096308,157,47797.103093
109.560742,206,47798.26774
15.594285,53,47798.556608
512.74266,600,47801.785198
467.985648,600,47811.127549
38.719804,66,47811.543823
78.060923,185,47812.686068
22.823029,69,47813.122829
508.494557,600,47816.793327
263.030272,349,47818.751875
44.023199,111,47819.442813
66.232279,103,47820.076218
101.199996,286,47821.791979
41.472183,43,47822.01382
90.428321,287,47829.604081
1.803425,96,47830.186509
43.048524,84,47830.725659
129.812236,207,47832.029189
73.909591,600,47835.678572
174.795134,282,47837.413571
-0.852886,48,47837.678475
45.917847,69,47838.067533
6.98103,144,47838.846747
46.328437,51,47839.153257
44.043373,52,47839.498863
43.757895,64,47839.872658
30.139791,124,47846.798564
183.565276,600,47850.303431
25.564045,57,47850.639768
96.08727,247,47852.016662
73.984235,104,47852.581347
11.568769,600,47856.074868
118.15905,600,47865.357792
75.948832,103,47866.005341
134.969235,196,47867.228722
40.091765,48,47867.529536
525.072091,600,47870.995844
546.648639,600,47874.292771
36.125745,54,47874.590198
39.420843,67,47874.956192
210.060514,331,47883.128065
38.230845,108,47883.721327
19.496789,600,47887.364152
105.639004,175,47888.474299
14.573075,64,47888.838307
-7.500586,48,47889.14636
-2.195329,87,47889.616488
19.225983,62,47889.963757
192.83662,290,47891.828517
10.458981,152,47892.764928
60.485636,76,47893.200688
37.332673,67,47893.568555
294.544777,389,47901.560877
43.450019,40,47901.789828
38.734924,50,47902.070817
41.533987,49,47902.396771
0.212542,45,47902.64257
7.361596,51,47902.912894
43.78758,64,47903.231228
-9.704478,144,47904.094746
49.824968,65,47904.497678
34.418433,109,47905.162007
35.962986,68,47905.598487
191.537984,234,47906.923432
98.345993,126,47907.683259
46.183407,56,47908.002675
38.260875,95,47908.559418
40.473599,45,47908.859134
109.493175,167,47909.815693
55.069034,135,47910.562009
452.286409,600,47920.070334
35.486143,49,47920.362874
58.920951,77,47920.819689
86.984122,111,47921.506873
46.208543,95,47922.09696
13.277335,50,47922.442628
9.932923,57,47922.814167
109.561825,129,47923.5422
333.735032,414,47925.822107
183.326555,277,47927.362774
106.547451,181,47928.472991
43.68175,41,47928.715183
512.839653,600,47937.749072
0.9297,51,47938.050229
418.406524,600,47941.421228
43.681153,96,47942.007612
53.346491,53,47942.29487
90.833067,192,47943.375202
9.615572,49,47943.63681
14.708592,62,47943.996499
43.780191,59,47944.350886
41.857665,50,47944.633818
19.983821,65,47944.991361
58.121471,71,47945.408255
23.9387,600,47954.577129
67.419799,395,47956.994915
304.137661,600,47960.371471
34.737255,96,47960.921621
31.703323,56,47961.251334
8.018702,51,47961.547606
51.721626,122,47962.298213
135.033955,167,47963.25197
45.521666,55,47963.584604
33.664689,48,47963.853734
136.864001,230,47965.169357
317.752223,600,47974.699135
24.370982,600,47978.292637
477.95384,600,47982.116835
179.661117,235,47983.511942
43.767892,59,47989.534708
39.363247,65,47989.895844
37.689059,76,47990.321506
29.044708,62,47990.708592
68.030683,600,47994.305674
173.348574,209,47995.456486
132.349476,195,47996.585074
46.755468,119,47997.314621
13.152914,293,47999.104541
-1.237352,49,47999.380939
17.307413,51,47999.666588
49.58791,43,47999.947553
487.212383,600,48009.505976
37.502121,71,48009.895049
473.088473,600,48013.17647
59.408066,600,48016.670267
59.499922,57,48016.982805
37.714538,50,48017.309873
36.817706,46,48017.582242
72.265106,126,48018.427072
92.976279,114,48019.195823
50.09043,78,48025.561508
146.340581,193,48026.893158
27.035752,47,48027.231861
4.08385,46,48027.536408
82.566429,600,48031.219535
55.788633,68,48031.610283
7.541256,48,48031.867867
38.930598,127,48032.561398
41.004108,64,48032.895042
5.792379,47,48033.135229
17.219912,49,48033.403939
31.513618,97,48033.951324
30.858995,56,48034.288642
12.562726,75,48034.737673
40.192803,75,48035.19144
512.703033,600,48044.509856
140.821352,162,48045.437823
12.726784,75,48045.865888
0.261106,45,48046.134221
190.590162,233,48047.455964
48.966976,49,48047.735337
489.949571,600,48051.039049
37.409742,83,48051.505082
458.010379,600,48054.788644
60.36943,133,48061.475485
21.817079,51,48061.778082
87.63285,150,48062.613944
45.019657,67,48062.955841
50.190562,600,48066.550743
13.460758,48,48066.846014
138.859425,160,48067.820756
520.865388,600,48071.141994
146.414002,229,48072.447169
43.697112,67,48078.885239
16.751479,61,48079.243123
92.003229,160,48080.166236
11.752764,71,48080.598222
10.175452,50,48080.896426
42.883947,68,48081.355443
74.963304,92,48081.960279
31.414176,62,48082.375094
44.424731,73,48082.838648
525.211488,600,48086.254647
-6.226457,50,48086.553649
31.940857,43,48086.797114
38.431037,92,48087.328833
73.29463,172,48088.357307
92.196672,212,48089.751153
154.484487,235,48097.063494
49.043445,600,48100.47218
38.117156,57,48100.786317
5.19927,49,48101.062562
33.813447,51,48101.330964
122.448754,159,48102.222212
50.201215,65,48102.593482
42.851847,49,48102.855661
216.394277,600,48106.558323
54.954692,600,48116.155623
439.767757,588,48119.409395
145.641273,208,48120.714229
102.732074,164,48121.818008
63.067721,76,48122.308361
37.853346,50,48122.630788
117.523028,256,48124.096318
172.606299,233,48125.336888
195.652493,288,48133.027232
59.979008,263,48134.607803
48.827542,145,48135.399886
64.569032,66,48135.759981
553.780303,600,48139.237829
34.709146,48,48139.497365
44.695544,65,48139.847552
78.169056,152,48140.646098
40.802624,49,48140.932475
65.059853,600,48144.382456
44.114571,59,48150.845037
25.586085,62,48151.200746
10.588859,54,48151.590761
106.734761,171,48152.613807
103.415471,179,48153.707785
105.566537,162,48154.693971
141.136167,204,48155.851142
42.141144,54,48156.176915
130.344674,197,48157.348001
76.896058,600,48160.884497
45.122559,47,48161.161747
503.5147,600,48170.606612
123.120892,188,48171.721249
14.738509,59,48172.066508
44.77937,61,48172.40934
31.45177,83,48172.87211
35.178897,63,48173.221911
74.842565,600,48176.746074
23.85306,107,48177.368747
291.43857,375,48179.688232
457.021837,600,48189.382166
20.72639,75,48189.79028
35.292482,61,48190.100619
43.552427,92,48190.601869
46.394739,64,48190.934377
29.941098,92,48191.446917
39.924002,55,48191.748419
46.530226,50,48192.047775
40.099971,70,48192.438854
32.80338,76,48192.870541
42.013141,72,48193.331393
49.500513,63,48193.731937
100.202548,600,48197.444958
70.50514,81,48197.868291
86.957413,121,48198.550844
557.513773,600,48207.894636
27.231168,39,48208.13709
31.948232,180,48209.282446
85.845638,104,48209.912479
56.885053,58,48210.248305
25.650528,69,48210.608201
49.752666,81,48211.050554
81.220184,102,48211.63047
89.900475,263,48213.188076
-0.028723,44,48213.449247
490.511604,600,48222.896202
65.733797,117,48223.590215
239.345661,332,48225.669962
22.772418,42,48225.92498
54.073424,64,48226.330115
9.942891,52,48226.602504
43.315523,57,48226.899288
110.431561,164,48227.802675
54.393567,600,48231.255619
81.549882,106,48231.807089
139.719222,260,48233.266575
8.096997,49,48233.528889
35.745727,63,48233.877534
28.369625,600,48243.425658
104.377265,142,48244.319997
264.527078,600,48248.024984
35.780366,53,48248.340129
56.007614,53,48248.649849
35.443349,59,48249.02738
38.382916,51,48249.34842
230.629053,299,48251.234631
468.008839,600,48260.568619
12.868505,75,48261.017015
573.249187,600,48264.272761
61.580134,65,48264.623809
80.542332,138,48265.461455
85.108301,154,48266.332158
444.329398,600,48269.947207
16.054832,49,48270.197901
94.549684,129,48276.614984
37.82149,57,48276.940725
120.502158,186,48278.020739
40.387842,600,48281.425786
43.901481,49,48281.713228
34.238722,70,48282.145566
96.329895,155,48283.023685
531.685482,600,48286.646876
75.553919,135,48287.391662
96.063281,117,48288.09186
94.118079,366,48295.964565
530.709738,600,48299.486203
276.814411,317,48301.332861
167.412829,223,48302.647017
34.499647,115,48303.335883
46.391253,132,48304.141817
85.427006,114,48304.813881
161.652762,202,48305.957967
12.04893,47,48312.150233
14.115919,111,48312.778754
42.646486,69,48313.20945
383.749358,463,48315.97684
65.856257,133,48316.778975
48.814814,55,48317.064314
196.522871,600,48320.646329
286.894017,413,48323.057286
360.468451,472,48331.651843
-3.76749,49,48331.911189
25.371334,76,48332.300575
104.496508,139,48333.029988
28.74937,165,48333.946668
33.216486,80,48334.40647
43.664932,58,48334.725968
14.931968,84,48335.214165
42.984081,41,48335.435422
-9.502033,93,48336.015428
106.747548,600,48339.689971
48.190897,100,48340.257322
49.124507,117,48340.929268
106.462629,188,48347.89231
25.39861,90,48348.418991
417.85824,600,48351.808681
61.6458,81,48352.267226
8.899076,64,48352.648974
43.420035,91,48353.216966
364.109542,445,48355.872466
179.386096,244,48357.513931
127.523006,158,48358.453455
74.783132,217,48359.71801
53.222452,59,48366.108125
41.442399,56,48366.419292
49.193262,66,48366.77083
99.286847,600,48370.26204
72.203173,600,48374.088082
38.684239,63,48374.494399
59.703864,79,48374.962557
-9.052942,48,48375.248484
12.937158,63,48375.652831
37.137141,74,48376.053633
8.49449,45,48376.295819
-14.704952,69,48376.677539
37.03223,43,48376.947689
25.020485,44,48377.185565
43.889357,61,48377.514439
49.363384,131,48384.256082
18.215389,127,48384.929379
12.348324,59,48385.253379
571.210151,600,48388.882015
42.547835,45,48389.181552
1.370488,57,48389.570888
55.601746,103,48390.198146
78.135417,196,48391.350423
26.603893,58,48391.694455
61.362694,72,48392.100418
501.018556,600,48395.530885
209.132717,539,48404.06829
2.482977,600,48407.424644
97.658546,600,48410.817444
574.480996,600,48420.267171
580.134964,600,48423.734282
83.011302,133,48424.53687
90.974388,600,48428.080197
29.840545,73,48428.503137
9.567065,70,48428.877369
26.191888,79,48429.312812
179.244817,303,48436.960274
433.103742,600,48440.227148
48.469444,600,48443.646003
27.987788,98,48444.224433
266.325797,393,48446.440745
45.281758,124,48447.151434
33.608183,49,48447.432675
15.574425,94,48447.998416
244.386684,269,48455.597376
90.346739,126,48456.251972
94.559704,176,48457.262655
469.5756,600,48460.664656
4.688868,98,48461.200132
420.130498,600,48464.47599
115.541347,192,48465.495942
53.316632,57,48465.792782
264.951657,387,48474.0139
400.047891,600,48477.66529
70.811021,69,48478.076539
34.659789,56,48478.406363
37.543295,63,48478.766691
62.741429,71,48479.188175
47.189867,71,48479.583111
531.784602,600,48483.063922
114.350422,150,48489.744867
135.234364,600,48493.120146
49.740748,48,48493.382147
67.843773,110,48493.980523
25.263697,96,48494.509532
468.701901,600,48497.821235
22.056815,83,48498.300461
7.077288,52,48498.594178
162.122943,215,48499.849749
119.786307,600,48509.336895
571.226811,600,48512.810067
87.852769,157,48513.727638
502.680172,600,48517.024682
39.890055,49,48517.325904
123.771055,203,48518.502106
36.379027,71,48525.110868
45.845751,104,48525.694729
475.305409,600,48529.336758
37.704124,64,48529.721323
147.214546,175,48530.752087
160.93886,292,48532.377144
546.395725,600,48535.794026
38.22615,52,48536.069257
77.350502,125,48536.789952
61.651698,600,48546.297344
12.786952,61,48546.649952
51.171662,57,48547.007418
76.200513,118,48547.799314
195.112981,248,48549.271541
-8.127073,45,48549.544803
238.197783,600,48553.166375
44.411161,58,48553.474781
58.692668,64,48553.840297
435.939877,600,48563.150081
407.18901,600,48567.023918
30.384035,93,48567.528734
15.208877,41,48567.764122
42.857656,90,48568.314649
43.166865,78,48568.775671
107.227439,228,48570.085068
8.452926,45,48570.365366
47.152548,66,48570.74819
0.802345,265,48572.327916
9.213538,54,48572.649092
74.376702,100,48573.196006
439.419692,600,48582.433399
49.763207,54,48582.77581
197.440743,249,48584.154367
44.098948,64,48584.494318
34.32051,69,48584.890578
104.999256,600,48588.621862
28.377824,161,48589.550613
15.291688,50,48589.822388
153.99352,178,48590.838161
-4.79528,45,48597.181809
45.750743,120,48597.897536
36.931287,39,48598.131814
44.20522,108,48598.765343
120.450866,170,48599.801568
78.144037,137,48600.582302
44.024267,61,48600.927285
40.313571,66,48601.276811
482.840682,600,48604.663475
44.719051,78,48605.111614
80.873351,157,48605.952613
508.536477,600,48615.49854
-2.028436,44,48615.796129
37.959831,108,48616.495606
107.297266,187,48617.601686
216.708749,298,48619.232023
45.839787,57,48619.590225
53.978361,65,48619.97977
43.271348,70,48620.369675
0.229939,53,48620.669149
58.789944,129,48621.401606
117.226456,177,48622.385675
44.103084,43,48622.614383
94.967551,133,48623.352343
42.345394,51,48623.655136
12.429263,66,48624.075623
116.247657,600,48633.621376
-8.032623,45,48633.861717
34.101141,42,48634.094955
99.391346,132,48634.829254
44.245229,55,48635.158296
93.636382,120,48635.913987
90.238494,164,48636.861411
149.745223,600,48640.294483
30.334287,81,48640.800737
35.999367,48,48641.086712
200.111258,479,48644.057982
24.792268,600,48653.926867
506.600807,600,48657.586303
239.816318,337,48659.389827
30.965303,70,48659.770239
33.619921,64,48660.145437
41.792323,54,48660.456181
55.73694,57,48660.78093
19.217995,100,48661.338387
11.701127,47,48661.591646
528.713163,600,48670.941099
35.679504,89,48671.486658
80.723402,145,48672.400094
63.098354,89,48672.94929
39.123117,39,48673.204729
101.965696,237,48674.809437
64.066009,139,48675.717606
43.696378,53,48676.048903
3.299761,223,48677.321341
485.84553,600,48680.690039
74.082824,600,48690.13074
468.706311,600,48693.577082
517.673063,600,48696.926501
27.509411,600,48706.566222
167.089834,202,48707.832135
448.385918,600,48711.436726
498.722301,600,48714.81464
114.37962,248,48716.21885
50.993713,47,48716.466667
37.8181,67,48716.855602
43.369182,56,48722.839555
44.552298,59,48723.170304
0.82107,45,48723.449627
18.059129,49,48723.738737
52.84101,46,48724.012758
28.359274,100,48724.620153
53.552597,55,48724.977169
-12.076506,43,48725.222739
54.105572,68,48725.596221
20.461648,104,48726.219068
36.990315,72,48726.698153
3.359125,51,48727.015543
62.8878,600,48730.512161
38.896707,63,48730.893997
72.613481,600,48734.355272
42.926868,109,48740.870105
46.796753,57,48741.212599
141.333929,178,48742.209759
16.645501,90,48742.700344
198.877726,600,48746.213666
55.231092,123,48746.85945
31.037466,134,48747.566939
12.729597,57,48747.87596
17.354963,58,48748.165021
196.15572,377,48750.424664
70.9685,142,48751.304251
214.869771,331,48759.053477
135.527518,600,48762.80019
52.054241,73,48763.232027
-13.595848,58,48763.547247
85.993727,101,48764.126848
37.365046,55,48764.435265
93.744633,97,48765.012461
40.772854,46,48765.262615
-1.582427,53,48765.57359
75.579422,77,48766.052121
43.220826,55,48766.366237
46.274944,59,48766.706964
26.664441,141,48767.567147
49.935471,48,48767.853968
42.681645,58,48768.207076
23.945936,143,48769.021457
51.525271,46,48769.283315
380.346959,600,48778.849969
43.709836,60,48779.223615
111.558281,254,48780.630568
49.812595,49,48780.918833
73.983939,134,48781.681088
6.039666,92,48782.226123
44.841972,84,48782.753025
112.109927,180,48783.873482
24.325386,92,48784.397171
2.497277,58,48784.719882
30.074208,88,48785.20561
44.655667,51,48785.496806
581.072928,600,48795.004049
26.755744,101,48795.550551
113.588179,156,48796.426092
43.980023,46,48796.682454
32.571203,62,48797.066723
35.32337,147,48797.833114
172.558827,252,48799.140857
34.00572,56,48799.452052
121.612863,202,48800.557677
19.776147,600,48804.060748
45.172825,104,48804.75401
69.830887,92,48805.35425
31.407307,158,48812.293317
155.42866,187,48813.467189
36.273929,42,48813.734158
40.735659,184,48814.877153
47.503595,59,48815.227152
163.908411,233,48816.540617
150.861337,201,48817.796097
38.545282,41,48818.037336
54.670255,131,48818.8554
19.729566,67,48819.259314
167.9583,216,48820.57923
39.584166,76,48821.04287
99.213047,157,48822.017995
36.98331,60,48822.333844
21.323725,66,48822.682002
17.158366,67,48823.069971
23.076436,100,48823.72378
11.157618,48,48824.042259
52.666718,56,48824.385655
49.221376,122,48830.897342
-9.542726,49,48831.198867
446.811086,600,48834.549298
44.711505,65,48834.955629
576.367827,600,48838.564227
86.151324,132,48839.404834
568.507318,600,48848.719171
506.4553,600,48852.111508
29.142378,90,48852.625444
78.70413,96,48853.187564
40.120193,57,48853.54582
97.94115,135,48854.321372
120.330686,154,48855.278715
38.687949,52,48855.591447
40.236034,42,48855.847641
41.417926,47,48856.145321
80.860587,238,48857.775256
13.078443,52,48858.122575
48.76245,58,48858.446164
85.805452,181,48859.452141
35.370793,96,48860.030626
69.103888,171,48867.028984
87.509681,209,48868.333683
81.86393,126,48869.061018
3.805714,47,48869.396021
48.91426,63,48869.846985
38.769518,66,48870.254038
39.605338,101,48870.833471
141.347169,181,48871.955929
550.618243,600,48875.309184
139.931361,162,48876.202463
140.929669,175,48877.245553
37.90003,130,48877.965647
41.105749,63,48878.297498
48.160527,59,48884.361599
90.474814,116,48885.001846
85.305205,126,48885.691107
118.659687,600,48889.173973
16.732814,600,48892.676841
82.637486,93,48893.232823
11.538123,600,48902.9022
0.191763,84,48903.444103
141.36473,366,48905.747594
453.282917,600,48909.062385
81.920042,124,48909.791163
191.984984,235,48911.18975
75.909472,163,48912.073117
50.657824,86,48912.516424
42.638195,116,48913.172046
41.083097,66,48913.561659
35.087306,60,48913.904308
23.359248,600,48923.405025
328.046717,476,48926.113595
42.509146,164,48927.009164
101.125808,159,48927.909545
28.748178,95,48928.413378
505.870576,600,48937.375485
100.842746,242,48938.697886
49.877112,47,48938.968821
555.415546,600,48942.350041
21.841902,182,48943.495392
-0.664841,45,48943.74479
42.605333,145,48944.574017
-0.381861,600,48947.861974
92.873674,229,48955.234802
16.076377,600,48958.765306
36.131327,264,48960.221717
45.364864,600,48963.781889
58.118505,73,48964.170923
101.590378,229,48965.444914
178.318869,600,48974.808538
8.928682,45,48975.096286
96.159436,171,48976.20144
0.33933,112,48976.925898
-0.553105,64,48977.270962
-15.942604,90,48977.768791
53.984062,69,48978.122002
556.372132,600,48981.714119
92.988442,138,48982.449088
143.385957,182,48983.529488
-8.608979,46,48983.803595
65.387384,149,48984.734051
1.330445,52,48991.08123
32.539139,112,48991.708991
89.722469,148,48992.53845
155.514028,600,48996.080565
537.529085,600,48999.515886
13.757491,58,48999.837567
37.704985,99,49000.373413
21.7564,56,49000.663908
74.738317,88,49001.154119
39.6008,45,49001.451432
292.28577,441,49010.222652
239.4708,386,49012.333964
15.943125,51,49012.64828
51.605255,56,49012.990657
29.334186,105,49013.63319
103.707342,139,49014.468206
57.245592,107,49015.104469
43.272805,69,49015.479517
74.034829,92,49016.017093
167.349386,258,49017.493911
525.810896,600,49026.794215
44.968683,114,49027.402283
58.189178,60,49027.757912
44.990657,71,49028.184745
92.097125,600,49031.669818
151.253413,215,49032.864889
31.519624,104,49033.434287
28.321333,81,49033.917343
132.445801,365,49036.092786
36.88801,47,49036.37239
61.742607,600,49045.761883
102.945733,130,49046.618775
42.049675,85,49047.158364
15.608187,600,49050.776873
49.487866,70,49051.203562
93.233702,600,49054.789557
56.676523,116,49055.506944
10.603261,134,49056.349801
50.062232,49,49062.539812
517.054861,600,49065.808975
513.85862,600,49069.392215
45.855475,70,49069.813431
33.754985,73,49070.258826
-6.614437,49,49070.546276
539.282634,600,49074.216117
68.995136,78,49080.618973
132.37908,306,49082.374733
434.776724,600,49086.206745
144.413088,198,49087.358731
38.047968,42,49087.599718
48.252902,71,49088.027689
49.152764,95,49088.569355
27.873899,98,49089.132854
-6.99267,66,49089.522869
47.139842,53,49089.848221
38.891989,70,49090.269604
40.43592,59,49090.640949
119.430579,146,49091.432196
15.985221,56,49091.72249
471.227775,600,49100.999411
44.82045,51,49101.273622
49.755519,263,49102.756488
52.59646,53,49103.066054
44.942252,65,49103.418602
50.491855,153,49104.295908
471.189271,600,49108.05545
35.881375,116,49108.691778
546.456613,600,49118.01802
48.176764,72,49118.426465
163.535399,600,49121.839768
46.981814,88,49122.32217
468.261397,600,49125.841184
34.591869,74,49126.245088
69.295674,88,49126.756478
55.161089,79,49127.21247
250.655384,369,49135.462842
49.029493,71,49135.861107
33.600232,99,49136.428287
104.904168,600,49140.006572
54.688515,51,49140.33571
532.877915,600,49143.65303
21.623628,87,49144.141721
81.134266,100,49144.675112
56.930406,95,49145.184182
68.361667,199,49152.251895
478.905712,600,49155.559344
289.387954,500,49158.379715
10.203719,52,49158.696444
311.197807,388,49160.904537
103.139971,138,49161.632843
55.689922,66,49162.016145
54.606645,62,49162.399117
67.396911,93,49162.970605
512.955333,600,49172.704186
107.033928,185,49173.897449
46.044359,81,49174.389013
66.393707,90,49174.913459
53.916092,88,49175.402822
10.770768,76,49175.828247
210.769867,307,49177.599691
75.170503,126,49178.339759
43.521249,48,49178.603576
45.084478,120,49179.368842
1.155823,46,49179.640828
37.644515,48,49179.959022
11.030512,104,49180.619556
52.868704,115,49181.264692
-6.2063,49,49181.524413
29.845394,134,49188.349972
144.002495,213,49189.491215
63.673505,187,49190.592899
70.828669,600,49194.273576
146.098806,186,49195.40108
60.229056,600,49199.053865
41.238242,84,49199.548924
34.319704,84,49200.043305
87.561365,600,49209.720813
50.575557,76,49210.144608
38.479868,56,49210.489155
6.018144,55,49210.815854
10.492073,56,49211.125173
66.700553,106,49211.761495
48.263866,48,49212.076454
50.851457,241,49213.598667
106.054919,208,49214.835812
78.178315,543,49217.844719
53.359285,78,49224.360307
51.025185,64,49224.725253
45.506278,71,49225.126517
216.924374,299,49226.858513
32.618156,62,49227.205037
39.274303,52,49227.494568
47.267104,78,49227.948253
43.082651,45,49228.185395
147.538048,227,49229.441644
274.449078,327,49231.278936
10.422829,60,49231.618249
76.435272,150,49232.472971
62.315177,129,49233.229341
81.735944,84,49233.699129
216.520655,600,49243.226155
27.803322,133,49244.003016
111.518793,187,49245.051372
51.483826,66,49245.458015
224.004503,432,49248.209006
116.902908,157,49249.146485
48.586445,78,49249.601257
82.60736,190,49250.736686
-6.773515,45,49250.997748
-0.768297,52,49251.301678
46.479783,58,49251.617771
9.528948,71,49252.033715
48.718826,42,49252.305779
38.972901,66,49252.703524
43.994579,67,49253.102358
24.099046,99,49253.70285
41.364015,44,49253.985568
38.536379,109,49260.937953
138.260449,206,49262.187016
-7.31981,53,49262.504274
64.954941,171,49263.515784
27.856987,73,49263.986363
81.006546,92,49264.570112
29.098325,600,49268.185101
56.44546,600,49271.685999
20.025212,94,49272.265591
239.786893,320,49280.312923
143.93599,190,49281.409659
40.333529,47,49281.70079
13.900382,57,49282.030603
39.935456,55,49282.366744
39.201586,155,49283.346191
579.769635,600,49287.216645
113.269268,189,49288.325251
21.935103,90,49288.897614
69.060014,600,49298.719497
9.217763,46,49298.993174
47.436914,122,49299.749944
6.392469,44,49300.018027
435.997044,600,49303.864344
29.421539,99,49304.45575
86.673427,225,49305.781157
37.217831,600,49309.309331
46.327358,45,49309.578103
511.95795,600,49319.15038
1.933721,73,49319.549336
553.080894,600,49323.170409
48.473408,109,49323.913082
75.623941,128,49324.767611
586.727975,600,49328.453831
13.254064,54,49335.013609
544.067125,600,49338.754909
51.254327,59,49339.109383
45.070772,61,49339.476485
324.192062,600,49343.003085
36.212606,65,49343.420354
43.203141,74,49343.896131
522.125107,600,49353.636747
15.814491,50,49353.917259
46.836351,52,49354.231178
54.124103,70,49354.628527
2.879938,59,49354.971133
47.876112,52,49355.264318
51.557475,48,49355.539427
43.178978,61,49355.87975
74.526827,110,49356.519654
14.579217,71,49356.946091
44.60954,60,49357.3271
38.802207,51,49357.625968
41.848621,45,49357.889406
348.975144,600,49361.320916
133.344656,200,49362.460964
46.825219,73,49362.899765
115.661256,137,49363.768472
45.470326,49,49364.049396
7.191718,53,49364.368932
202.507956,286,49372.066344
7.328148,52,49372.383826
43.107711,85,49372.932252
171.539982,600,49376.453408
203.212095,259,49377.894744
21.348886,91,49378.420399
74.392725,91,49378.936498
36.030691,103,49379.564506
390.370688,600,49383.233012
390.678739,475,49392.071336
48.253637,67,49392.488217
32.462653,121,49393.227293
18.174854,55,49393.562601
50.597266,65,49393.911498
552.746651,600,49397.542647
11.984521,75,49397.963797
118.948129,156,49398.856779
105.785594,450,49401.501179
83.630948,168,49408.625141
67.578899,131,49409.492232
33.241348,42,49409.772323
1.209803,44,49410.061533
46.745472,135,49410.821193
33.645492,600,49414.53294
64.47367,70,49414.991311
39.94168,600,49418.664214
323.100718,420,49427.595883
45.247596,59,49427.955233
143.272658,206,49429.150068
38.139435,62,49429.546599
183.113556,246,49431.127394
389.646178,600,49434.883739
36.77741,58,49435.253764
419.774524,600,49439.021228
49.776087,69,49439.452053
40.517342,43,49446.022441
529.727624,600,49449.543153
190.378562,600,49453.172617
46.20045,86,49453.734077
75.631558,76,49454.178799
65.299236,192,49455.310469
391.897844,600,49464.943751
36.251783,90,49465.564931
63.577267,74,49466.073912
181.402474,297,49467.830055
27.164101,164,49468.829195
45.00034,60,49469.183323
76.890281,206,49470.465886
169.610624,244,49471.91265
11.560126,54,49472.238905
51.509522,59,49472.605329
41.793995,68,49473.038234
51.257398,72,49473.506221
23.603273,105,49474.199525
149.847339,332,49476.293303
44.410005,57,49476.623763
79.159385,136,49483.648134
44.135135,75,49484.113815
37.510409,45,49484.405822
412.315978,600,49488.056373
6.181876,45,49488.329785
48.348161,68,49488.745436
39.04966,60,49489.118041
319.853366,480,49492.073669
68.188312,117,49492.798822
38.234624,89,49493.346349
36.515963,85,49493.875825
122.952695,192,49495.169215
38.967593,55,49495.522599
419.746782,600,49504.96369
-11.98771,46,49505.215441
13.315348,69,49505.593929
71.42616,85,49506.105858
477.165166,600,49509.700849
295.376629,386,49512.084582
41.92852,112,49512.802996
269.570503,386,49521.264563
401.891844,600,49524.898732
39.388097,55,49525.280022
12.21826,80,49525.796592
21.242312,118,49526.552647
21.243633,171,49527.58323
166.183623,232,49528.952585
27.156763,95,49529.51855
129.3474,184,49530.62808
365.443089,443,49539.137307
5.874066,57,49539.470793
78.175492,600,49543.21796
101.315082,152,49544.226901
104.475856,149,49545.135789
52.753123,50,49545.447127
42.261165,52,49545.788183
50.994734,119,49546.512519
51.054276,121,49547.234522
41.93097,53,49547.571568
14.906506,48,49547.849666
66.866234,136,49548.598182
43.58519,600,49558.39816
50.861479,47,49558.708807
31.065943,66,49559.151206
200.067064,230,49560.525457
83.028049,149,49561.495517
26.904676,55,49561.856146
127.129062,192,49563.163573
134.238637,199,49564.335065
300.495521,600,49567.822577
132.139035,152,49568.740936
53.591932,53,49569.097708
107.547913,149,49576.27782
45.355821,60,49576.658267
46.842348,60,49577.023653
36.261182,59,49577.392127
-3.778938,45,49577.678977
79.655137,141,49578.56232
32.488928,44,49578.853746
9.245917,55,49579.19247
52.505499,66,49579.591031
38.679977,64,49579.980632
29.941851,59,49580.356809
9.908453,64,49580.770449
17.360089,53,49581.081853
202.992314,280,49582.710863
42.43273,56,49583.025202
49.00761,71,49583.424854
66.52624,170,49584.409521
28.902782,118,49585.10912
39.675699,45,49585.35646
43.856074,94,49585.872327
99.178742,250,49587.254939
163.730386,199,49594.406948
43.716777,85,49594.897702
74.992628,133,49595.653392
35.870931,49,49595.931736
36.401597,45,49596.186733
40.721512,78,49596.637078
33.544704,108,49597.243006
53.297711,51,49597.546625
49.228795,74,49597.999584
43.593871,58,49598.344389
45.583808,50,49598.641707
113.351819,275,49600.271918
58.77558,103,49600.888057
149.899361,197,49602.092766
75.064788,298,49603.842639
55.94722,69,49604.251405
23.103506,77,49604.715813
39.343934,71,49605.138001
14.848142,73,49605.587648
43.730776,73,49606.104988
52.711237,113,49613.257505
78.809951,120,49614.085152
30.641551,59,49614.474199
42.796186,55,49614.829687
0.646548,93,49615.381943
-3.199387,57,49615.718508
169.738756,600,49619.306088
104.639793,121,49620.001898
41.414984,91,49620.630877
103.075199,600,49624.290528
450.55895,600,49633.871137
44.13774,53,49634.183274
461.683851,600,49637.599008
42.580689,55,49637.944769
386.220416,600,49641.797184
50.785353,116,49642.472663
34.948063,128,49643.24443
44.181544,79,49649.984977
181.334647,228,49651.48192
183.791125,244,49652.990381
48.757838,52,49653.306821
163.450055,254,49654.752896
51.279438,81,49655.216102
45.017917,52,49655.499583
13.472906,47,49655.760951
17.061013,45,49656.028299
51.615746,51,49656.322684
52.427845,92,49656.889567
46.91103,600,49660.561434
407.541793,600,49670.409528
162.762915,223,49671.757177
51.506497,74,49672.211731
39.065897,58,49672.608664
43.517307,63,49673.044087
70.69609,600,49676.799176
40.040662,122,49677.514243
67.351123,91,49678.042551
46.555302,92,49678.630835
95.858038,125,49679.371951
45.276613,56,49679.704592
88.875918,121,49680.383892
229.700332,318,49688.07116
311.014618,600,49691.510257
74.485283,600,49695.038578
42.441719,171,49695.981682
59.885029,97,49696.55823
18.216027,212,49697.855943
171.768212,210,49705.406581
56.732215,53,49705.745623
46.77711,166,49706.788682
472.663617,600,49710.278911
128.109206,169,49711.339281
36.058626,47,49711.646358
56.985967,109,49712.346891
401.997689,600,49715.769326
42.988527,47,49716.023161
44.026088,51,49716.308098
195.489738,600,49726.111793
41.93398,64,49726.513607
40.569506,88,49727.039066
14.205304,56,49727.374736
26.117799,600,49730.925435
62.39109,140,49731.716899
20.736869,101,49732.325001
147.156286,194,49733.468387
152.400868,215,49734.718016
82.87778,118,49735.400373
39.502641,51,49741.879157
34.766437,120,49742.579432
41.148814,116,49743.288968
47.710077,44,49743.550196
24.539858,52,49743.860499
42.396252,50,49744.145953
117.225113,144,49744.990883
21.71158,600,49749.149679
42.519014,81,49749.699505
44.91587,55,49750.040617
194.43481,382,49752.288852
146.87862,236,49753.676118
308.58534,410,49762.706286
68.71363,201,49764.029553
15.437997,56,49764.382253
35.695845,66,49764.773476
259.850516,325,49766.668614
1.039713,149,49767.544214
509.188341,600,49771.235149
38.586409,122,49772.043644
43.349023,69,49772.516554
30.188255,119,49773.256656
11.846461,47,49773.561655
39.941819,58,49780.163997
38.275698,49,49780.466368
104.185775,141,49781.325195
23.433814,71,49781.723353
24.235499,600,49785.233299
87.826265,138,49786.076373
13.050144,53,49786.42267
163.649008,600,49790.198794
141.120618,600,49799.976223
14.747552,87,49800.482947
50.580988,71,49800.894769
45.646509,90,49801.403179
116.124309,197,49802.543605
109.652537,142,49803.322802
43.776677,131,49804.112263
73.477477,150,49805.096386
38.675139,42,49805.387781
544.856201,600,49809.200806
401.720771,600,49819.398308
88.032287,600,49823.258196
48.771666,67,49823.682857
218.417138,600,49827.647725
124.130781,178,49828.758312
31.571742,70,49829.21057
78.48287,145,49830.110866
42.363442,54,49830.438115
-0.212439,47,49837.06701
260.91393,383,49839.241555
31.466125,152,49840.129726
36.266818,77,49840.59455
48.067303,64,49840.969131
19.837586,47,49841.259239
515.013879,600,49844.9042
50.131237,104,49845.629537
592.921143,600,49849.972032
201.740725,238,49857.532104
37.255558,111,49858.246336
36.824995,86,49858.781033
349.733532,432,49861.372686
32.447718,59,49861.715798
416.065928,600,49865.255085
360.186628,401,49867.790458
408.269586,600,49877.613513
145.432912,211,49878.846168
67.09801,120,49879.552024
37.951176,85,49880.045346
39.386059,62,49880.425401
46.929355,67,49880.801295
35.144562,193,49881.893954
113.917985,142,49882.739869
129.114545,222,49884.1603
523.478076,600,49894.04918
45.819629,82,49894.510364
66.451857,74,49894.938828
169.899267,338,49896.826971
41.454818,94,49897.393756
0.327409,65,49897.78824
192.705968,219,49899.116994
-6.028843,43,49899.376655
40.894833,53,49899.697912
42.059102,159,49900.696757
78.50299,118,49901.433782
13.01263,45,49901.704999
106.647764,176,49902.712642
68.212771,143,49903.517668
26.118756,61,49903.864629
38.987674,79,49904.315613
100.018035,130,49905.029922
36.043848,43,49905.293561
43.147296,76,49911.836495
17.083292,58,49912.183254
498.853902,600,49915.940343
112.325751,146,49916.810455
60.591105,188,49917.928526
63.488368,82,49918.442082
10.962487,94,49919.034707
74.169367,92,49919.593736
453.068477,600,49923.239636
46.494329,62,49923.632794
31.08025,103,49930.714053
-0.854941,67,49931.085181
32.550121,117,49931.74841
243.444049,335,49933.700495
63.983243,201,49934.955318
41.352551,52,49935.267863
33.698842,52,49935.590348
497.486778,600,49939.208444
36.758711,63,49939.582261
37.018238,57,49939.94833
167.942771,229,49941.312015
40.390425,67,49941.6818
108.01336,600,49951.514133
68.455577,69,49951.92694
38.16096,91,49952.466699
24.193881,92,49953.041785
-10.446977,47,49953.32818
19.143872,73,49953.782936
499.036842,600,49957.523286
16.932741,47,49957.812884
45.045229,65,49958.17172
51.314124,83,49958.635898
4.240927,350,49960.689499
241.352454,364,49969.263584
30.244141,69,49969.706886
38.837578,43,49969.959462
356.048467,412,49972.295714
74.914138,154,49973.23586
478.798292,600,49977.268535
34.560417,41,49977.562477
8.053067,50,49977.97211
-5.495483,64,49978.45088
114.719348,600,49988.708128
49.242563,46,49988.999794
435.198319,600,49992.739026
64.705858,125,49993.532761
44.644264,48,49993.839461
-10.927668,62,49994.243384
142.702882,179,49995.348603
197.962873,240,49996.793396
41.375119,170,49997.883319
439.296542,600,50007.622879
146.675692,600,50011.332074
-8.623713,44,50011.629047
105.014861,170,50012.682053
77.583297,163,50013.660721
34.683567,90,50014.230977
41.495591,87,50014.765078
38.758088,71,50015.189151
569.342099,600,50025.127635
479.004215,600,50028.857668
41.732452,153,50029.765226
150.956394,177,50030.878135
70.64883,165,50031.873468
-7.032274,44,50032.143632
52.177044,73,50032.568363
95.032529,152,50033.517642
69.433073,93,50034.074317
38.204848,63,50034.47046
54.782098,171,50035.571095
141.201515,173,50036.672356
33.495758,78,50037.154887
199.456308,408,50045.749224
-13.404225,145,50046.578567
112.45719,600,50050.420236
84.41202,145,50051.244402
109.143281,140,50052.037419
199.704777,217,50053.418309
42.266289,48,50053.733993
150.826695,600,50063.756796
25.793476,44,50064.041546
-7.153978,56,50064.408441
24.042056,83,50064.910068
16.155865,68,50065.307148
77.032992,133,50066.064021
73.023397,112,50066.674945
218.55365,307,50068.427958
89.977302,182,50069.462115
38.621034,41,50069.692857
27.223494,87,50070.197978
40.880239,53,50070.495547
3.231251,49,50070.793977
49.666289,76,50071.228055
43.37564,70,50071.631395
84.629721,147,50072.581533
73.530713,600,50082.535021
66.794599,86,50083.021481
32.940942,68,50083.411196
106.440544,600,50087.08775
11.357628,53,50087.398998
61.414712,86,50087.914233
35.25823,103,50088.528453
433.50472,600,50092.004135
48.669097,43,50092.261368
236.285424,332,50100.607104
76.377048,124,50101.384982
25.290169,66,50101.783891
105.479708,131,50102.587786
117.796525,187,50103.832224
39.137678,73,50104.331276
174.929209,235,50105.980422
61.737834,65,50106.404469
36.745127,51,50106.732855
60.013717,157,50107.665738
80.173561,600,50111.45843
53.413647,50,50111.760029
12.325203,97,50112.343272
88.560445,105,50119.373183
95.378764,600,50123.055015
47.409654,70,50123.466568
72.430445,123,50124.186406
43.504625,81,50124.697331
36.459652,129,50125.501652
35.383315,48,50125.784137
-2.648837,65,50126.165878
122.858454,146,50127.008123
43.475232,82,50127.478132
25.127447,80,50127.981187
376.201209,600,50138.21154
84.635547,101,50138.832326
373.010555,462,50141.534745
7.262513,600,50145.299403
71.757256,75,50145.787689
162.046197,262,50147.450027
50.640194,76,50147.942959
49.135921,57,50148.304699
114.708661,154,50149.3476
36.519457,48,50149.667642
68.88313,81,50150.180769
41.089928,116,50157.4533
39.90059,86,50157.98662
120.901113,147,50158.86036
39.003374,71,50159.278726
68.672292,241,50160.766069
125.149987,145,50161.721579
38.164185,174,50162.867278
433.817668,570,50166.27261
359.659953,443,50168.894233
16.811634,62,50169.272023
22.605161,59,50169.621118
244.007949,302,50177.646708
11.044259,55,50177.982862
43.307117,43,50178.244838
58.944079,138,50179.03452
17.826658,64,50179.415123
154.052491,200,50180.724898
54.79553,55,50181.089125
107.99522,234,50182.564263
9.028731,60,50182.93764
19.095116,83,50183.46121
44.98901,76,50183.95338
29.112371,298,50185.855251
392.141711,600,50196.215514
24.749062,103,50196.825415
40.030166,84,50197.341668
22.496635,121,50198.074314
208.794235,285,50199.720985
29.206783,53,50200.014511
503.435932,600,50203.687405
41.575971,37,50203.915363
52.308324,76,50204.397593
186.814724,260,50205.99158
37.56914,59,50206.331086
62.980259,149,50207.195041
23.730724,51,50207.489162
81.725051,163,50214.837563
13.16075,53,50215.178427
34.509706,68,50215.649795
39.506557,78,50216.194802
43.471508,65,50216.646418
91.665333,184,50217.840372
77.225568,149,50218.734185
34.706321,40,50218.978619
37.630905,60,50219.335334
41.555426,47,50219.624418
38.360859,51,50219.943761
78.207648,132,50220.713324
47.389463,60,50221.058649
48.967085,126,50221.786337
21.668764,54,50222.108938
13.812556,65,50222.497688
49.064916,60,50222.853458
57.944195,181,50223.905549
238.852276,371,50226.148802
473.238109,600,50236.072742
39.774235,600,50239.947325
-2.461492,48,50240.278328
-4.180604,52,50240.628414
85.289476,96,50241.234647
51.663946,168,50242.297213
43.407985,44,50242.562996
23.529219,124,50243.335491
44.885892,55,50243.703558
44.723578,46,50244.007245
186.814171,600,50253.895682
49.032393,187,50255.027285
50.117049,310,50256.996847
160.501659,198,50258.174805
39.696972,57,50258.493326
38.227116,46,50258.767063
37.948826,67,50259.163051
156.601303,192,50260.438046
37.867355,67,50260.895925
8.098803,600,50264.602361
97.306857,600,50274.610791
134.856326,173,50275.699131
49.099827,81,50276.217888
45.155228,85,50276.754417
29.76194,57,50277.127333
37.748708,71,50277.615223
218.980793,311,50279.617632
147.718493,328,50281.55768
30.876671,79,50282.055609
52.87954,59,50282.41608
5.024131,65,50282.835074
163.022401,202,50290.370652
33.754452,144,50291.403166
154.529985,173,50292.624006
-15.872104,111,50293.332058
44.202835,58,50293.728287
384.892843,600,50297.699882
32.51667,48,50297.990769
-8.966125,44,50298.25334
193.413038,252,50299.865613
-5.267233,66,50300.322625
1.539342,66,50300.764825
43.638118,105,50301.423048
-2.837416,47,50301.713585
57.668189,68,50302.147985
83.088085,104,50302.775654
44.953253,49,50303.096312
40.512049,70,50309.937888
210.05414,354,50312.365513
39.456925,64,50312.813206
486.573886,600,50316.549277
18.610386,145,50317.379052
39.136574,57,50317.711768
109.42379,129,50318.449538
42.908939,68,50318.852825
91.109378,111,50319.543353
59.044408,110,50320.24396
34.51145,78,50320.708713
75.753688,172,50321.832609
89.975907,116,50322.619331
177.843336,240,50330.426353
16.846054,600,50334.405807
40.246325,48,50334.733972
135.511098,172,50335.767592
54.505169,63,50336.157739
44.239227,61,50336.562149
16.042825,57,50336.93784
31.2068,96,50337.580532
83.833337,123,50338.392972
70.27584,94,50339.060747
81.28226,256,50340.71448
53.975588,90,50341.240019
100.644407,109,50341.890782
100.967391,132,50348.942766
209.609264,435,50351.923843
42.85709,60,50352.303131
63.414677,196,50353.462682
180.992761,228,50354.87105
36.067353,56,50355.236951
223.475849,512,50358.315659
43.088584,111,50358.988074
40.534103,51,50359.32809
62.919282,80,50359.808853
47.759051,73,50360.275378
40.565311,58,50360.60343
40.169785,65,50360.963276
-1.498138,46,50361.238172
8.625982,115,50368.293484
411.159305,600,50372.124562
44.023867,58,50372.524504
19.631876,61,50372.926138
80.854932,135,50373.833371
400.405809,600,50377.553037
43.190075,72,50377.990461
81.301604,175,50379.022633
473.340992,600,50389.17588
116.636533,214,50390.376197
3.254272,62,50390.746163
17.149937,91,50391.284957
39.040137,115,50391.948375
47.543114,73,50392.380535
17.454905,118,50393.047256
6.751707,45,50393.315446
42.86778,49,50393.602363
31.599888,60,50393.944609
51.377278,97,50394.505949
3.704218,88,50395.011969
228.487175,421,50397.532266
62.997612,57,50397.880435
171.426151,214,50405.311723
156.815622,208,50406.476864
106.096582,190,50407.539074
96.403241,187,50408.631878
7.36499,57,50408.966665
70.100996,187,50410.080917
166.734597,206,50411.389815
155.879793,415,50413.961366
415.579681,600,50423.940153
47.711944,65,50424.415215
38.289153,126,50425.20981
451.37847,600,50429.009876
111.220129,169,50430.224236
81.399955,118,50431.007575
37.686544,75,50431.492209
36.82666,62,50431.868149
90.328858,157,50432.818192
47.28346,53,50433.106553
54.30651,119,50433.809678
50.80065,89,50434.344995
44.461912,80,50434.868476
87.986556,162,50435.914064
395.668806,600,50446.1818
173.221895,224,50447.648616
63.600734,121,50448.373137
21.853803,91,50448.964244
47.440907,50,50449.288972
346.596078,600,50453.129007
37.053648,52,50453.426573
418.654909,600,50463.330422
96.47627,145,50464.260682
178.936927,600,50468.088836
175.159586,600,50472.261466
118.334325,302,50474.050856
37.676306,90,50474.609359
12.493674,90,50475.221243
40.363929,51,50475.556625
2.032239,49,50482.054203
140.365618,197,50483.38076
-0.121016,69,50483.782911
38.007705,89,50484.32513
147.270783,195,50485.464611
115.182673,175,50486.549762
135.158669,172,50487.599741
58.218408,87,50488.13432
166.894261,255,50489.703532
44.208892,59,50490.064648
180.160554,310,50491.985005
1.042995,44,50492.249804
36.778323,141,50493.098838
42.874474,60,50493.460526
361.666826,600,50503.461857
41.528185,56,50503.792834
177.359919,243,50505.17183
-8.013136,91,50505.725233
390.544302,600,50509.401385
49.110449,46,50509.694583
360.693846,441,50512.370623
24.881869,47,50512.668929
16.159027,108,50513.381763
46.1772,81,50520.490669
317.817175,600,50524.216272
35.310668,140,50525.092471
66.061352,93,50525.660143
143.227117,600,50529.337308
1.333197,47,50529.602747
145.259957,193,50530.690065
88.046009,139,50531.500916
32.293193,105,50532.090462
149.018538,191,50539.519958
85.383517,108,50540.178713
35.607383,60,50540.539373
87.159777,113,50541.202863
43.417106,71,50541.605576
10.836176,59,50541.968473
-9.745907,128,50542.693468
42.475154,122,50543.474641
3.679955,291,50545.518434
334.577752,411,50548.15371
74.50538,600,50558.165217
91.34014,138,50558.948754
41.322789,48,50559.242935
46.690738,59,50559.573678
479.004076,600,50563.214032
7.436471,53,50563.530512
45.007625,120,50564.22514
212.51459,263,50565.750717
29.249744,62,50566.16541
35.913917,50,50566.465422
13.663962,107,50567.06215
79.741233,600,50577.265922
42.932964,63,50577.653528
113.026043,262,50579.276574
106.665621,173,50580.354284
274.118139,504,50583.564118
76.136839,177,50584.601532
41.394415,50,50584.905179
40.987757,48,50585.207766
131.521468,272,50586.955776
104.870278,124,50587.7131
546.42421,600,50597.618025
-5.276102,43,50597.872514
47.015636,62,50598.259053
35.026872,39,50598.503853
40.174252,96,50599.108218
46.458371,52,50599.431554
25.847947,55,50599.751856
74.26034,102,50600.345937
43.304348,76,50600.804743
62.811903,76,50601.256427
33.757473,42,50601.526261
584.463792,600,50605.266081
44.440263,70,50605.728665
427.424437,600,50615.693377
19.646568,78,50616.168238
83.827832,170,50617.234395
39.09519,69,50617.675259
6.504546,64,50618.095403
34.63392,56,50618.456371
509.321532,600,50622.091074
428.582456,600,50625.766469
15.869728,52,50626.100615
69.208548,97,50626.765168
45.18854,106,50633.896482
139.782229,237,50635.278636
43.866294,51,50635.570939
9.392111,50,50635.872012
58.577577,68,50636.273477
94.240825,258,50637.817238
66.344687,88,50638.359568
259.161418,332,50640.286519
15.582148,61,50640.64132
104.831866,150,50641.515459
401.858536,600,50645.04182
49.836779,154,50652.455133
47.286773,600,50656.27249
37.926706,113,50656.939378
94.304889,600,50660.604297
101.0354,134,50661.424517
61.701897,71,50661.834599
36.106729,138,50662.603897
44.683792,44,50662.867616
31.185789,53,50663.207241
37.67156,63,50663.599734
11.605749,52,50663.91652
104.447171,137,50664.753808
106.760244,265,50672.58569
3.723249,48,50672.877627
18.690293,128,50673.618799
49.730887,56,50673.960511
45.321204,50,50674.246034
43.344153,53,50674.532195
77.870212,158,50675.373097
78.483421,259,50677.037027
42.282587,77,50677.558078
47.498593,81,50678.012298
476.311573,600,50681.756737
50.039155,57,50682.148564
10.745502,76,50682.700255
442.842049,600,50692.779765
31.802905,121,50693.48024
55.995858,80,50693.949508
-5.580172,46,50694.231053
475.277326,600,50697.671279
15.066161,67,50698.060053
14.960243,52,50698.351072
58.248315,106,50698.97074
73.337067,122,50699.684937
307.334887,437,50708.517143
38.902169,132,50709.288081
38.324385,49,50709.568229
219.736848,324,50711.53529
49.08703,81,50712.04986
24.957648,54,50712.393088
40.783158,76,50712.897365
35.437533,94,50713.497388
85.501309,154,50714.59123
15.171903,65,50715.052584
130.548224,165,50716.057733
44.233664,47,50716.322063
131.631953,584,50719.928165
41.181404,44,50720.184511
94.899602,117,50720.856828
29.977435,52,50727.179135
97.009624,125,50727.88281
5.362189,46,50728.173237
470.26165,600,50732.277116
389.541719,476,50735.214314
39.515422,62,50735.605804
112.887765,170,50736.635031
64.971788,128,50737.418674
64.049855,93,50738.001747
237.210984,370,50746.505765
38.441711,66,50746.911206
-3.190876,54,50747.276608
30.647647,85,50747.836117
48.994037,97,50748.499512
19.965959,600,50752.496101
14.661568,54,50752.808043
57.244364,63,50753.202507
17.083885,51,50753.515815
24.273288,44,50753.789053
15.036454,47,50754.072259
55.182745,62,50754.460291
70.918972,116,50755.221326
69.993878,153,50756.169617
105.331395,149,50757.03961
7.547095,600,50767.141498
494.444132,600,50771.060474
44.110988,60,50771.438185
59.130362,600,50775.032711
416.862128,600,50785.101658
537.256079,600,50788.800603
4.234977,60,50789.152167
2.022239,60,50789.51213
66.415926,76,50789.949093
-8.052547,47,50790.256596
36.772145,94,50790.823668
428.576726,600,50794.814884
2.236493,44,50795.107561
77.738851,82,50795.595803
87.267467,130,50796.40564
174.082407,242,50804.25651
-10.856136,70,50804.70236
42.489383,46,50805.018693
111.731027,138,50805.895854
49.296883,170,50806.880579
152.908536,225,50808.177323
108.864351,197,50809.328043
39.754114,42,50809.581818
85.675158,321,50811.610676
457.98017,600,50815.586319
44.990365,52,50815.942817
72.248413,145,50823.172268
298.097931,461,50826.089128
55.457084,124,50826.927751
49.674511,72,50827.417296
-2.93543,48,50827.72147
19.527181,50,50828.02479
62.220896,82,50828.494026
43.345127,51,50828.778914
35.418442,148,50829.651918
322.49206,410,50832.372327
84.244978,129,50833.164262
31.119621,51,50833.519218
90.79397,113,50834.307448
235.686614,600,50844.892
41.347521,51,50845.209324
10.296065,52,50845.546075
100.279054,130,50846.395945
36.355903,58,50846.810611
75.198258,600,50850.847855
490.922155,600,50854.585947
105.206339,183,50855.762294
-10.816529,55,50856.146689
22.932078,123,50863.259363
18.187305,60,50863.631189
537.826698,600,50867.332175
183.09391,600,50871.06321
49.684689,64,50871.479437
444.382197,600,50875.161329
53.60373,147,50882.425656
65.550338,71,50882.827993
62.659913,170,50883.834371
13.172655,61,50884.229807
52.044939,76,50884.722818
55.03743,63,50885.113575
35.260835,41,50885.397063
46.762488,85,50885.946825
17.120999,71,50886.405642
46.088652,81,50886.912298
87.201971,536,50890.167542
7.7374,51,50890.471813
546.127072,600,50894.108384
139.631527,172,50901.165746
50.375191,133,50901.961216
87.932898,178,50903.015832
35.675221,154,50903.916021
37.200693,96,50904.479168
13.042443,51,50904.763142
69.983731,272,50906.315478
-0.105612,56,50906.655543
42.702888,55,50906.975687
26.531297,39,50907.207062
36.439461,61,50907.566917
283.303497,382,50909.763557
412.089006,600,50919.535647
32.498087,56,50919.878152
8.014935,47,50920.157877
35.57428,170,50921.165996
50.432511,42,50921.416918
-1.313594,72,50921.861643
79.078985,138,50922.736712
16.517434,59,50923.093107
107.108131,209,50924.395009
13.166615,53,50924.738995
88.440799,600,50928.433832
47.683206,85,50928.938857
-10.71321,59,50929.283963
41.516475,107,50929.920331
35.734973,65,50930.326133
8.747081,77,50930.802112
180.455277,209,50938.261139
91.235148,171,50939.256045
16.648119,67,50939.636608
99.422485,121,50940.318094
324.153523,401,50942.565099
46.785958,58,50942.888895
4.817242,43,50943.126012
38.542804,65,50943.493952
86.251802,600,50947.15454
43.612721,50,50947.44119
36.647281,74,50947.891017
43.239445,49,50948.196649
31.766211,85,50948.730389
4.145811,50,50949.048609
17.053902,56,50955.842056
46.713638,68,50956.288514
-4.436625,48,50956.576745
213.51492,285,50958.330415
488.901957,600,50962.077785
37.241184,42,50962.350703
36.311437,42,50962.589642
-2.134494,44,50962.863131
84.297269,116,50963.582969
12.72976,54,50963.903774
51.501382,59,50964.24949
33.951376,64,50964.630946
9.38398,59,50964.972527
118.170661,177,50966.064656
75.400504,200,50967.312551
39.242917,600,50977.69521
9.130191,64,50978.034317
54.326504,93,50978.551701
13.435564,56,50978.881446
414.906454,600,50982.355019
42.022427,113,50983.046396
10.907027,95,50983.662609
23.644001,56,50984.014266
13.597984,53,50984.346364
44.898182,55,50984.706295
280.626086,385,50986.9231
30.62581,60,50993.120862
32.31114,113,50993.786708
36.630472,98,50994.358354
28.575579,46,50994.623553
24.39121,45,50994.877021
158.036744,223,50996.230457
129.369845,600,50999.944865
11.079379,77,51000.407028
50.731004,58,51000.745516
9.626737,52,51001.038954
42.215632,62,51001.402545
103.201212,151,51002.314297
20.36103,113,51002.972814
91.158243,155,51003.861307
27.929635,43,51004.101341
2.711949,82,51004.565046
105.772331,212,51012.275185
34.645855,56,51012.588687
45.103265,59,51012.944095
43.565718,600,51016.9626
173.385387,190,51018.050754
298.620041,429,51020.948374
99.310167,121,51021.70959
7.303394,48,51022.01515
36.664685,57,51022.346009
116.810039,150,51023.224605
-13.236781,75,51023.679001
298.523247,419,51032.554936
507.407579,600,51036.327441
375.978262,468,51039.128508
318.075383,538,51042.450093
131.363765,167,51043.502413
-2.111692,62,51050.163558
71.715871,600,51053.550165
-7.888058,47,51053.839916
23.189095,600,51057.439679
15.390339,58,51057.755674
10.974341,59,51058.083117
54.426745,60,51058.418046
0.427693,46,51058.695825
9.765532,56,51059.055479
44.759503,71,51059.451317
20.951743,600,51068.917475
7.39951,55,51069.273189
102.188525,144,51070.239887
2.865607,46,51070.543504
43.913157,600,51074.224056
85.29478,600,51077.933914
35.121847,59,51078.27115
565.993621,600,51087.914366
367.475896,575,51091.066328
38.728316,154,51091.970924
13.252668,45,51092.258235
14.7399,600,51096.078672
43.604613,59,51096.474088
231.543832,300,51098.31019
-7.589496,44,51098.55446
161.653663,209,51105.758622
113.879743,158,51106.731588
69.83829,161,51107.776798
-15.77712,46,51108.081445
544.451907,600,51111.378247
19.141808,90,51111.958482
9.098347,50,51112.25644
30.445478,76,51112.707435
-9.956401,45,51112.955279
19.05425,577,51116.150074
156.628495,488,51124.912708
16.699183,47,51125.184614
10.117984,100,51125.75415
55.804932,65,51126.128829
84.660558,124,51126.777458
54.705236,90,51127.289332
494.034631,600,51130.832322
187.518428,232,51132.202525
-2.630391,51,51132.53409
27.355326,81,51133.062539
4.552902,63,51133.427815
89.174439,135,51134.16959
83.694846,188,51141.360556
12.616479,64,51141.766101
61.097374,91,51142.353699
114.079608,237,51143.801136
30.699367,182,51144.804693
38.667272,71,51145.245654
13.153,72,51145.685095
38.190245,42,51145.963645
457.501103,600,51149.687105
97.003812,137,51150.484037
41.094305,55,51150.815713
148.321502,182,51151.840026
428.279934,600,51161.366098
93.007563,128,51162.07385
17.31242,79,51162.530285
329.995021,600,51166.116536
13.388573,52,51166.422127
46.08504,59,51166.810882
96.248491,155,51167.803726
42.951145,44,51168.0649
46.560606,49,51168.382734
6.016756,52,51168.69868
44.687824,79,51169.185793
400.964291,600,51178.288045
38.322119,64,51178.656243
12.921732,80,51179.191782
282.304898,600,51183.011689
35.287913,75,51183.395547
102.467036,156,51184.266567
46.415115,141,51185.093862
32.867724,104,51185.679863
9.127568,52,51185.9546
60.070837,600,51195.349236
69.934006,168,51196.263072
129.857487,600,51199.767469
199.148523,328,51201.805221
43.0648,81,51202.276763
260.657614,322,51204.135823
370.682037,600,51213.669603
112.314049,177,51214.806403
72.335179,158,51215.790191
28.041516,115,51216.510919
-7.465186,58,51216.864841
221.977172,291,51218.602113
15.555075,56,51218.953748
41.008027,54,51219.326483
47.366675,62,51219.709992
38.158309,61,51220.063304
49.383186,45,51220.331955
37.044526,64,51220.733335
55.689141,85,51221.254403
143.691503,201,51222.381373
8.347446,54,51222.7102
7.429739,47,51222.986922
287.116772,600,51232.711157
101.881249,193,51233.874907
19.804394,199,51235.030031
66.163217,78,51235.489078
39.289019,72,51235.955355
43.810582,208,51237.211974
539.528,600,51240.589755
87.521685,600,51249.679352
141.81172,183,51250.843048
48.757996,97,51251.483179
10.667178,126,51252.211587
103.892385,183,51253.22094
135.120588,600,51256.441887
79.724489,153,51257.274957
26.102771,600,51266.54295
488.416286,600,51269.778467
91.124277,120,51270.417082
39.53206,211,51271.597257
492.331499,600,51275.151021
41.818404,50,51275.459971
170.988769,201,51276.576509
298.45289,394,51284.539301
36.227523,53,51284.839218
16.187306,61,51285.158624
3.370754,47,51285.441508
-3.922034,46,51285.702359
56.829181,79,51286.163546
44.912547,57,51286.477389
83.053543,117,51287.078392
370.252217,600,51290.325026
10.361852,62,51290.689979
58.40982,61,51291.069868
41.795694,68,51291.520439
115.642374,139,51292.405776
80.967579,202,51293.557402
47.184635,48,51293.847195
132.365346,191,51294.868523
-3.33406,51,51300.804968
-8.553089,50,51301.103959
16.92837,147,51301.957889
36.331262,76,51302.399898
92.577757,129,51303.181921
119.439173,600,51306.718399
17.520278,74,51307.119275
14.297935,449,51309.683315
103.334657,125,51310.394711
40.070078,69,51310.822799
25.219977,84,51311.247252
88.718421,115,51311.868195
73.115866,126,51312.634582
468.435347,600,51321.987629
44.691997,600,51325.531929
425.766494,600,51329.021818
16.200069,53,51329.364292
10.748837,45,51329.63174
0.601917,52,51329.982701
200.267594,600,51339.444194
5.909284,83,51339.931521
479.34941,600,51343.546551
41.491238,54,51343.860597
75.273934,145,51344.704159
27.044894,109,51345.278352
42.419977,43,51345.522436
40.544839,74,51345.931289
513.412337,600,51355.576804
-0.398207,45,51355.860343
62.49198,125,51356.634447
28.164771,53,51356.933649
501.381724,600,51360.300151
83.936462,132,51361.187278
2.021315,47,51361.46239
127.284682,160,51362.357209
43.112442,51,51362.629705
35.918193,39,51362.848866
27.059669,60,51363.185264
71.395968,600,51372.414007
52.657697,76,51372.816785
110.628952,152,51373.731981
9.818968,77,51374.193144
84.07614,187,51375.384419
47.753847,78,51375.888152
78.013028,127,51376.61286
-6.463801,78,51377.035419
189.906656,236,51378.265345
37.515727,199,51379.39432
47.667742,60,51379.762717
-3.530159,56,51380.067577
79.614636,166,51380.947796
11.64088,44,51381.190624
25.296818,82,51381.659773
71.475066,148,51382.422457
2.359695,56,51382.736917
68.59817,100,51383.32156
12.127964,52,51383.643047
82.339584,171,51390.584625
17.666279,60,51390.947168
46.941873,63,51391.312549
459.280168,600,51394.834903
569.932331,600,51398.057028
41.877576,117,51398.690781
40.620701,62,51399.047068
11.743936,72,51399.478499
512.957272,600,51409.042459
2.905113,125,51409.787709
92.598705,106,51410.399347
13.001346,51,51410.701126
44.972201,55,51411.010413
304.474552,473,51413.569455
60.642687,296,51415.405528
35.394459,80,51415.907722
82.734452,136,51416.738918
36.420349,69,51417.172807
570.692324,600,51426.485742
9.214644,70,51426.887889
15.542358,77,51427.39036
39.461739,85,51427.911069
11.976636,56,51428.263349
542.888963,600,51431.657534
93.548786,159,51432.514643
46.541145,49,51432.780831
35.006405,64,51433.133484
559.6992,600,51436.576918
46.50578,71,51436.992152
0.018878,46,51443.394407
39.933267,101,51444.007629
65.965322,600,51447.742364
123.350134,153,51448.716539
6.610507,47,51449.013389
13.493254,50,51449.321905
60.574304,71,51449.721506
1.881806,51,51450.008483
26.752223,65,51450.374254
-0.778997,67,51450.719766
97.964417,166,51451.655622
38.424869,42,51451.931308
201.704077,308,51453.706079
70.099146,127,51454.466073
33.894948,74,51454.882188
69.144043,123,51461.429898
66.796861,92,51462.012195
44.915361,52,51462.309191
153.45119,203,51463.645629
41.243109,63,51464.041187
11.269462,53,51464.359618
54.577615,98,51464.972259
100.486641,171,51465.874197
12.403923,119,51466.494178
33.043152,72,51466.871292
39.814276,241,51468.181864
552.989405,600,51471.610894
62.271517,165,51472.628279
38.736758,69,51473.010903
32.888569,60,51479.563134
7.892024,49,51479.836891
5.475694,46,51480.100549
481.296326,600,51483.336335
76.587176,145,51484.11788
5.907,117,51484.774327
100.892768,149,51485.652361
34.737036,55,51485.984924
525.706269,600,51489.920677
45.302399,64,51490.356728
119.156858,154,51491.319815
-3.251297,47,51497.449372
5.451293,100,51498.013263
168.637841,238,51499.371968
132.861707,156,51500.274465
40.573019,47,51500.543074
8.912999,52,51500.86349
11.205509,101,51501.433176
147.440741,275,51502.978365
191.968289,270,51504.590193
498.18849,600,51507.986939
47.661628,68,51508.354515
34.765806,56,51508.659268
48.350241,47,51508.950481
109.19473,143,51515.498662
359.428246,451,51518.060686
119.575983,600,51521.563921
48.185216,145,51522.34436
21.391833,50,51522.615371
25.294682,89,51523.104321
32.266437,48,51523.357872
105.18089,600,51533.199308
34.543453,101,51533.865311
90.83397,136,51534.684523
149.232756,212,51535.939699
61.518884,212,51537.091994
6.329828,54,51537.388955
130.485058,214,51538.502983
51.499129,57,51538.820709
1.42435,77,51539.248127
40.782147,120,51539.909558
133.252042,174,51540.893721
40.98917,47,51541.184983
109.027706,178,51542.330939
483.056049,600,51551.925222
39.90507,72,51552.340781
92.139211,600,51555.83065
39.523147,77,51556.245402
357.378967,454,51559.019628
232.55541,321,51560.863861
41.98527,86,51561.311882
51.79647,53,51561.616263
92.680113,148,51562.463461
128.452295,146,51569.502959
57.281279,248,51571.005545
46.574503,66,51571.446992
41.516813,64,51571.842522
57.126003,83,51572.327465
44.042149,59,51572.650062
85.391005,110,51573.2791
118.797287,155,51574.158204
11.892111,43,51574.413448
136.944514,205,51575.523796
104.221624,125,51576.192724
45.817441,125,51576.922589
3.329451,86,51577.455824
53.522763,58,51577.832617
139.545357,600,51587.320555
42.254431,66,51587.665222
63.015635,75,51588.075244
141.481951,358,51590.145768
40.251337,114,51590.822844
36.80612,113,51591.424863
105.230196,600,51594.812783
46.437045,52,51595.173134
75.622308,175,51596.205037
268.81686,343,51598.186135
22.871569,67,51598.537595
9.043417,45,51604.698272
72.31769,111,51605.296395
68.458687,144,51606.08627
138.097637,173,51607.108601
18.90793,49,51607.397979
475.256549,600,51610.829012
41.516319,54,51611.152174
7.956556,66,51611.545868
142.516111,193,51612.595095
7.611491,52,51612.867471
38.050255,66,51613.191811
25.576322,85,51613.623882
27.749149,62,51613.951252
258.51888,341,51615.781524
45.571714,48,51621.950357
490.044794,600,51625.401535
7.618997,87,51625.881446
11.117129,61,51626.208252
135.142556,185,51627.25066
12.938135,108,51627.888201
569.015383,600,51631.426723
43.53321,60,51631.794602
49.194644,104,51632.438605
106.572031,138,51633.22346
56.059954,66,51633.565058
10.342902,52,51639.822488
93.588508,160,51640.724838
541.612741,600,51644.456513
90.054649,328,51646.162306
11.937845,51,51646.445039
16.932465,51,51646.761617
49.049737,60,51647.112542
118.175966,159,51648.066117
105.75417,248,51649.525449
26.754237,107,51650.113281
44.755681,51,51650.39565
14.964429,68,51650.791445
43.200577,66,51651.137543
57.34393,76,51657.426311
42.899052,54,51657.737286
58.491915,68,51658.1146
52.906261,51,51658.41319
42.261491,66,51658.820839
43.071264,54,51659.146905
7.064777,77,51659.572909
57.751587,79,51660.008224
66.884273,153,51660.825292
55.596364,74,51661.226709
534.568409,600,51664.592438
37.198738,66,51664.956389
254.586663,356,51666.810086
24.412256,62,51667.139443
12.710954,56,51667.45181
299.058085,385,51675.391742
153.479796,385,51677.726489
33.490007,87,51678.225855
15.446129,49,51678.511457
522.147529,600,51681.83569
96.514987,214,51682.973059
125.406685,160,51683.845546
440.694073,600,51693.491349
85.164572,120,51694.140241
10.212691,96,51694.636313
91.576794,130,51695.32932
-9.642046,49,51695.603323
44.965717,56,51695.901518
72.444909,156,51696.767928
523.780844,600,51700.069896
538.189742,600,51703.548315
45.37527,54,51710.134753
30.647476,115,51710.934637
43.607983,58,51711.371026
51.76303,84,51711.928588
20.659532,102,51712.569711
86.741893,255,51713.984771
40.644697,48,51714.258672
50.200329,78,51714.677976
43.253276,57,51714.995128
103.26424,115,51715.644011
8.848098,117,51716.352406
45.487086,49,51716.646779
47.499192,164,51717.616761
496.164508,600,51720.967566
43.752616,98,51721.589539
473.833458,600,51731.00159
104.605213,177,51732.011394
113.789965,238,51733.441758
2.238871,124,51734.146744
24.920034,67,51734.553852
29.98197,55,51734.878989
532.388149,600,51738.039017
3.846005,63,51738.390484
54.233607,75,51738.808635
504.027546,600,51748.134537
113.359533,142,51748.941252
41.987012,600,51752.422025
382.555408,496,51755.233647
36.841308,55,51755.564473
9.778658,62,51755.916685
74.439042,96,51756.433522
460.291924,600,51766.118912
31.699908,167,51767.03919
16.123882,60,51767.367651
46.576094,53,51767.65186
29.182012,46,51767.887825
322.653825,600,51771.229192
79.994012,119,51771.926366
95.57143,140,51772.746427
-12.038433,45,51773.00877
43.120903,56,51773.357557
53.38491,134,51774.195042
105.375678,155,51775.120045
520.684258,600,51784.556904
533.394517,600,51788.062654
122.264914,223,51789.394009
49.305187,54,51789.703911
51.606711,70,51790.075054
31.591293,47,51790.343018
87.525271,600,51799.752907
13.383447,372,51802.022237
15.308308,87,51802.478956
5.866823,61,51802.816843
43.617541,50,51803.12264
52.193143,52,51803.402914
144.347536,600,51806.869596
82.880067,131,51807.58529
124.061741,140,51808.335329
410.66746,600,51817.678631
49.211532,50,51817.9718
15.481937,110,51818.578911
44.051509,61,51818.900154
42.627016,65,51819.269317
1.675839,45,51819.504601
434.111293,600,51822.807595
58.678368,100,51823.420263
369.187293,477,51826.063632
147.992565,164,51827.06061
40.989393,64,51827.465124
35.554566,134,51834.495649
31.041335,55,51834.862514
521.797803,600,51838.375643
-9.422698,52,51838.661674
114.841412,229,51839.920553
27.400878,136,51840.660094
61.704689,83,51841.143806
42.193328,58,51841.452011
71.094983,206,51842.65605
130.744841,600,51846.200758
-8.397269,62,51852.577283
58.827782,124,51853.239175
16.517664,54,51853.55764
51.659374,49,51853.855514
-1.94412,54,51854.200033
35.332069,81,51854.657258
35.094581,63,51855.04397
37.010775,130,51855.859637
54.968848,91,51856.371843
38.451701,67,51856.788045
144.785975,188,51857.97618
133.471289,204,51859.158185
61.654294,77,51859.572329
34.423216,63,51859.93012
132.115717,194,51861.070728
36.741638,54,51861.351294
42.295623,146,51862.132144
52.819173,132,51862.829587
-7.132846,44,51863.051196
10.075914,72,51863.426895
34.571458,92,51863.923103
15.709566,59,51870.40858
3.606679,66,51870.808417
333.205133,425,51873.285145
33.113002,70,51873.744091
115.069722,132,51874.524503
2.417631,108,51875.168999
42.936479,298,51876.882581
39.734385,84,51877.354768
287.943221,360,51879.386023
34.990291,113,51880.059709
112.048753,190,51881.125467
10.055192,63,51881.507121
40.791951,51,51881.779386
43.34911,44,51882.022942
22.704532,47,51888.188951
-9.780175,58,51888.504718
447.844857,600,51891.995809
212.428153,326,51893.831079
41.083911,58,51894.158467
44.626539,47,51894.404375
32.718239,49,51894.703894
157.006755,218,51896.158282
35.340535,78,51896.668271
133.136188,176,51897.69599
24.222919,71,51898.130382
16.779132,52,51898.438963
43.756624,44,51898.74903
4.564621,66,51899.146106
41.225044,46,51899.417305
9.218642,164,51905.847693
7.429728,47,51906.123501
77.551178,92,51906.615793
47.354483,69,51907.002984
52.148607,94,51907.55854
57.541231,90,51908.098838
-4.556809,45,51908.351309
124.622156,176,51909.322857
34.844151,85,51909.825531
90.564785,108,51910.42661
42.724779,44,51910.672409
192.382791,249,51912.117235
40.461877,52,51912.43737
16.253071,99,51913.042232
99.554521,600,51916.845974
39.348454,50,51917.143965
125.138836,161,51924.056556
39.539816,79,51924.555686
45.778084,86,51925.066719
14.652788,77,51925.573148
55.700823,74,51926.036963
475.140161,600,51929.497604
479.293224,600,51932.782395
12.447379,63,51933.138016
334.880868,385,51935.157389
34.771873,69,51941.58943
44.509637,111,51942.260631
63.508445,84,51942.795137
23.512512,161,51943.726037
28.838316,56,51944.014533
35.046366,54,51944.320542
94.349384,183,51945.361015
18.68253,76,51945.901728
36.017705,48,51946.196062
44.615462,54,51946.515047
279.448557,341,51948.630728
102.124554,135,51949.345276
43.150653,142,51950.18211
42.330608,81,51950.698838
8.31113,61,51951.092844
54.309092,143,51952.057283
14.885215,58,51952.407755
47.912786,115,51953.078227
41.717582,54,51953.348605
61.402297,75,51959.779522
16.449246,57,51960.07888
-3.964049,45,51960.336851
6.885023,62,51960.671405
39.90257,44,51960.926839
38.088971,64,51961.294976
15.367641,46,51961.558455
111.411366,212,51962.817176
264.984394,600,51966.643296
7.868976,53,51966.97051
488.145176,600,51970.38723
52.421275,80,51970.839243
211.313742,252,51978.342218
31.226906,136,51979.041153
303.609534,419,51981.284908
39.070935,61,51981.66048
41.568031,66,51982.055079
106.445067,136,51982.833073
40.989119,115,51983.534778
47.739153,47,51983.815242
112.949885,600,51987.358077
198.611089,220,51988.670641
37.140974,108,51989.34968
56.787569,129,51996.302174
126.545498,378,51998.510864
57.957122,69,51998.94571
42.792006,52,51999.27667
37.301335,43,51999.57619
504.612251,600,52003.124913
37.768011,96,52003.642843
55.562335,48,52003.906788
27.238769,59,52004.222854
2.353439,47,52004.497303
26.683989,47,52004.76002
95.967524,600,52014.391138
25.839881,90,52014.937167
42.485193,42,52015.172132
38.21611,55,52015.484438
3.805943,45,52015.742459
36.213073,152,52016.579077
46.690362,41,52016.837522
31.517796,62,52017.165542
36.257513,98,52017.754633
9.690724,112,52018.402952
144.982928,191,52019.510598
45.343625,73,52019.939743
120.085553,201,52021.049792
28.52888,52,52021.400511
26.816989,96,52021.965279
12.485975,600,52025.653919
451.883013,600,52035.121198
208.332869,399,52037.474025
41.429144,71,52037.912116
41.15567,73,52038.356716
119.989521,189,52039.356083
30.045952,73,52039.748481
45.281234,600,52043.247433
74.089233,86,52043.730655
67.243082,600,52053.155216
87.738265,156,52054.006633
230.87198,600,52057.442254
94.238488,173,52058.42215
57.664922,71,52058.835002
37.396566,53,52059.128555
41.025384,60,52059.468954
14.461712,62,52059.80989
103.330559,600,52069.043981
90.99847,114,52069.646874
119.241825,213,52070.859626
-2.405898,58,52071.193003
45.194041,56,52071.5087
379.677961,450,52073.980542
91.030703,111,52074.557568
119.398002,174,52075.483721
33.64814,65,52075.823089
-8.384341,51,52076.10067
41.607808,48,52076.356548
8.318354,94,52076.886016
334.063375,447,52085.459738
41.620809,137,52086.229911
512.640629,600,52089.847284
88.210202,251,52091.255001
118.690741,393,52093.574744
130.441928,368,52095.865016
445.006713,600,52105.208323
34.823492,59,52105.535613
125.391957,170,52106.499835
46.584464,184,52107.573451
508.699008,600,52110.975032
114.001056,219,52112.173641
30.915272,41,52112.403351
46.126261,83,52112.888312
75.549386,147,52113.758919
270.089085,314,52121.294412
530.922687,600,52124.885181
75.276869,167,52125.894361
42.765362,45,52126.135674
102.339278,150,52126.965988
161.105645,220,52128.261001
8.891277,71,52128.68422
112.454043,207,52130.02072
32.653173,600,52139.366056
490.293365,600,52142.835379
49.447208,40,52143.06337
-6.590633,94,52143.621654
83.457293,205,52144.800455
36.396976,92,52145.304732
107.151199,132,52146.04285
60.353369,232,52147.389382
94.372793,390,52149.570295
40.584002,61,52155.863291
592.606798,600,52159.550873
11.376695,76,52159.974576
48.638085,59,52160.307717
40.570351,80,52160.763713
26.247486,43,52161.030465
7.298346,47,52161.295033
245.999321,320,52163.210184
54.495837,77,52163.698894
95.204899,139,52164.60972
100.81566,600,52173.999528
137.232749,240,52175.436466
19.926681,56,52175.74962
83.7085,135,52176.475188
65.084223,150,52177.286411
38.004259,54,52177.606422
44.638141,131,52178.376545
74.008342,228,52179.617468
2.930607,301,52181.298832
45.549035,91,52181.805518
71.886994,157,52182.752211
107.755393,179,52183.799784
321.788603,428,52192.302126
65.545425,115,52192.915897
49.847372,68,52193.31929
17.216338,60,52193.662495
41.198036,66,52194.059555
88.534363,145,52194.879685
25.677234,75,52195.298774
97.359603,266,52196.747194
66.332731,600,52200.359921
36.760084,58,52200.720625
78.688887,126,52201.500256
-6.278013,62,52201.845518
63.106059,180,52202.959019
56.36376,76,52203.424316
39.019594,40,52203.700778
65.563102,114,52210.323426
516.849824,600,52213.757228
114.707232,143,52214.522311
584.406457,600,52217.872257
34.436259,42,52218.141057
44.049787,56,52218.493311
37.305607,71,52218.96778
39.27912,77,52219.499876
12.543989,493,52228.481196
100.526264,159,52229.393425
10.632223,92,52229.918378
414.881401,600,52233.389595
45.294812,62,52233.739966
101.214567,199,52234.87173
74.857449,129,52235.670135
166.402339,213,52236.97744
43.278625,47,52237.295422
61.456874,600,52246.806481
107.740845,126,52247.488269
26.204362,57,52247.791569
102.508567,145,52248.575027
195.950809,600,52251.949191
20.274259,65,52252.308685
8.391157,58,52252.63182
178.095144,214,52253.779578
23.740163,600,52263.037209
75.584776,126,52263.822249
131.855171,275,52265.450547
27.236748,68,52265.79792
70.060044,112,52266.439451
44.731452,54,52266.74719
100.771388,115,52267.361442
9.812963,52,52267.660609
73.067671,85,52268.157381
71.686587,114,52268.785804
24.403456,130,52269.487383
51.988942,61,52269.820588
45.061328,52,52270.099331
14.544619,114,52270.691462
27.013182,43,52270.918608
54.224382,67,52271.280112
48.325508,101,52271.836621
45.561273,43,52272.086231
53.126097,68,52272.489132
593.922434,600,52282.000328
454.462815,600,52285.730313
-2.72962,98,52286.251392
15.547193,45,52286.50156
129.375297,156,52287.405416
50.04332,90,52287.999318
49.090928,44,52288.258316
9.857415,54,52288.595426
14.35251,96,52289.237329
88.311768,126,52289.999876
43.891624,49,52290.306029
135.35874,200,52291.422258
129.043896,155,52292.263501
157.145622,194,52299.686713
96.608735,107,52300.348377
41.371327,61,52300.768155
30.309941,112,52301.533915
57.123505,61,52301.956619
106.98392,176,52303.107049
88.030363,127,52303.786793
189.447901,244,52305.209122
14.693396,56,52305.541468
323.635914,459,52308.101106
78.087674,149,52309.008073
43.008838,127,52309.758213
96.928394,124,52310.399253
44.423156,47,52310.656284
26.014881,119,52317.276119
26.525511,57,52317.604468
500.902554,600,52320.999649
40.663287,72,52321.44727
32.426045,113,52322.139094
54.777416,54,52322.4643
218.7672,271,52324.104112
179.448212,286,52325.737993
137.304677,229,52327.06827
10.109055,49,52327.350944
61.144867,87,52327.878538
23.760271,151,52328.736718
75.557317,99,52335.187888
498.964301,600,52338.737993
22.017045,132,52339.434153
50.859018,62,52339.772991
82.299306,188,52340.794877
35.632846,50,52341.093795
41.971335,600,52344.626573
34.688102,76,52345.017923
89.368716,112,52345.605759
40.215484,41,52345.825887
112.012434,202,52352.911365
58.403209,59,52353.321565
112.551684,198,52354.549668
47.419382,62,52354.908347
27.628067,115,52355.577659
511.896925,600,52358.840043
38.167399,106,52359.428155
42.410728,48,52359.716866
422.382876,600,52363.162089
28.349924,56,52363.470288
12.222569,48,52363.761772
-2.300494,49,52364.043494
53.130371,79,52370.653282
33.244945,44,52370.9127
316.097001,432,52373.396186
180.766356,279,52375.084702
11.652541,47,52375.388649
111.714824,160,52376.382407
23.470619,70,52376.796003
33.543049,55,52377.104634
84.158555,236,52378.377728
48.00815,52,52378.664889
38.728217,82,52379.14289
48.463061,58,52379.498142
253.542209,321,52381.181503
481.424509,600,52390.900327
7.329601,387,52393.120605
47.136883,46,52393.365663
43.573709,58,52393.675195
156.184443,600,52397.205502
512.755115,600,52407.10863
65.8043,176,52408.084548
113.180639,211,52409.319782
-1.542988,68,52409.731231
50.833881,64,52410.151811
74.641128,130,52410.930824
73.568461,141,52411.855997
363.918066,471,52414.536276
102.35925,154,52415.422288
33.969508,65,52415.78536
85.625061,156,52416.592236
169.895585,274,52418.156279
100.829188,186,52425.244053
74.713908,148,52426.135954
43.269037,61,52426.487541
48.045161,60,52426.867784
59.298456,96,52427.455271
48.786553,76,52427.960881
497.850168,600,52431.22589
64.553861,172,52432.153738
109.467228,269,52433.63649
291.791711,367,52435.658474
498.610635,600,52445.180441
482.297891,600,52448.661414
42.161709,600,52452.352422
88.565211,153,52453.180601
174.571776,241,52460.42803
49.285776,210,52461.761984
45.06893,77,52462.254886
539.804399,600,52465.540496
103.547202,147,52466.445211
2.426102,80,52466.929121
100.063249,158,52467.924977
20.775231,209,52469.149979
40.898529,72,52469.582537
136.518844,334,52471.571853
379.569076,498,52480.305512
21.620291,600,52483.881037
534.720324,600,52487.086157
39.929788,44,52487.33696
47.018553,65,52487.687551
79.962411,82,52488.142376
42.344132,359,52496.064416
3.711064,196,52497.270922
568.36879,600,52500.951426
44.837796,56,52501.314726
30.266882,71,52501.717331
53.712597,55,52502.005152
13.698496,63,52502.345325
55.010319,50,52502.631991
20.219212,45,52502.86917
-2.31561,93,52503.372247
45.366516,62,52503.709341
431.328163,600,52506.918359
40.030235,75,52513.129786
-7.185996,52,52513.445311
507.635771,600,52516.87929
36.204954,98,52517.437227
203.306792,300,52519.086267
99.045699,600,52522.404581
98.841538,151,52523.224562
38.402087,62,52523.55303
39.146891,49,52523.798204
43.201974,59,52524.122855
33.605698,59,52530.492824
38.334756,49,52530.767873
44.374291,67,52531.178084
40.906734,39,52531.44166
34.677822,102,52532.109548
17.921848,50,52532.411817
47.317727,56,52532.758702
40.965203,60,52533.12519
23.646183,57,52533.456908
38.735565,51,52533.77138
38.116157,43,52534.031504
11.337403,186,52535.159271
-16.04943,74,52535.667945
49.816552,46,52535.979834
39.604533,63,52536.379372
14.288818,88,52536.969119
25.149899,600,52540.283986
100.656822,254,52541.638464
39.652237,89,52542.221668
44.87955,600,52551.657996
164.642232,600,52555.412322
537.348818,600,52558.997868
45.881868,73,52559.387087
44.57285,88,52559.867013
104.75139,189,52566.834831
70.555099,147,52567.71945
191.542118,269,52569.391128
24.402803,46,52569.645166
34.781653,95,52570.218455
34.515623,91,52570.840862
183.73916,202,52572.182839
39.575762,58,52572.53977
0.137275,49,52572.884437
110.874151,135,52573.646739
12.205755,55,52573.931019
43.922127,98,52574.487055
42.796968,99,52575.010665
86.349333,160,52575.856415
42.915686,48,52576.117768
11.147447,130,52576.803907
552.070108,600,52586.03555
7.356473,72,52586.451158
304.307328,372,52588.62059
120.42525,182,52589.732393
68.725733,145,52590.607744
43.427497,58,52590.960911
370.969232,583,52594.113762
27.497189,84,52594.602741
37.826882,55,52594.917739
171.473968,262,52602.379761
523.463421,600,52605.74045
93.191824,600,52609.063788
79.475928,136,52609.79236
349.685696,585,52613.388811
356.284662,452,52621.6141
108.770635,141,52622.353827
65.306213,238,52623.65415
3.170563,59,52623.994108
53.257061,60,52624.324985
38.690404,53,52624.631482
98.047706,130,52625.373858
41.900956,62,52625.737368
148.406224,255,52627.264456
521.092596,600,52630.90293
9.949762,44,52631.170784
128.641131,153,52637.799021
511.257496,600,52641.105133
58.855666,99,52641.613154
-1.768812,115,52642.260467
382.444414,559,52645.647406
35.445387,110,52646.331111
52.4895,91,52646.925481
90.226819,121,52647.646734
45.019716,52,52647.916194
43.707313,62,52648.23523
4.980217,65,52648.575653
37.947976,65,52648.904426
76.206894,115,52655.764553
42.616536,54,52656.054735
471.076456,600,52659.657025
67.674636,133,52660.530306
316.740176,600,52664.033686
110.024673,182,52665.052714
86.375131,141,52665.922385
66.422595,125,52666.663254
37.250935,59,52666.993151
33.740414,67,52673.147832
29.600118,199,52674.396825
31.970945,97,52674.981977
497.06973,600,52678.414546
49.306701,56,52678.738541
178.634736,267,52680.296385
34.376112,51,52680.583867
8.378654,55,52680.894472
54.449675,92,52681.459029
9.216456,50,52681.787417
78.690885,115,52682.568966
39.218729,44,52682.854854
18.361858,138,52683.764199
67.706729,67,52684.16732
88.35281,149,52685.084078
54.364379,99,52691.420486
105.362457,157,52692.561214
111.802446,135,52693.431579
103.99247,135,52694.255899
-9.533249,68,52694.626454
51.351408,60,52694.968206
46.564804,84,52695.469209
43.872375,43,52695.730289
126.495747,237,52697.114557
452.082588,600,52700.479023
7.596318,49,52700.768857
143.10292,186,52701.853204
77.648991,136,52702.564712
508.069667,600,52712.449935
473.453737,600,52715.850401
256.253894,286,52717.543859
34.924473,74,52717.985418
13.148977,55,52718.329612
55.475821,70,52718.724169
88.995671,126,52719.455801
147.461273,257,52720.958145
41.242207,58,52721.281911
105.000494,136,52728.139808
38.696497,57,52728.512109
123.66194,167,52729.590128
33.697167,50,52729.882503
564.678051,600,52733.306871
114.226212,148,52734.102924
58.283363,104,52734.693724
42.858653,38,52734.914809
157.067452,195,52736.04191
17.620319,93,52736.614374
5.902315,105,52737.248901
105.457599,147,52738.131052
89.284726,286,52745.760325
40.133453,43,52746.104545
6.952836,90,52746.702527
78.651763,91,52747.334606
521.234243,600,52750.923997
3.265752,48,52751.22094
144.658213,186,52752.326309
50.999985,93,52752.856221
566.899334,600,52756.108502
151.852472,201,52757.220176
-1.303543,134,52763.990052
44.945014,49,52764.321331
53.398072,104,52764.960719
46.31734,71,52765.364437
12.59497,81,52765.864594
182.574289,248,52767.178215
51.91314,62,52767.520252
88.135703,128,52768.232718
5.815905,54,52768.54481
93.748111,124,52769.25955
145.733582,203,52770.3804
2.718584,53,52770.663979
-1.399417,78,52771.11546
47.682361,600,52774.701595
75.084085,447,52783.407392
8.557073,59,52783.752267
47.598684,47,52784.052423
85.04377,149,52784.876822
40.173317,51,52785.158767
44.155388,600,52788.522375
82.931999,156,52789.489313
223.233107,301,52791.318673
24.185155,109,52791.938442
45.062516,66,52792.38099
110.091709,138,52793.156483
23.062783,50,52799.570977
15.945226,80,52800.057724
44.220197,64,52800.437873
87.409157,87,52800.926437
25.29178,134,52801.680718
37.806467,59,52802.031052
-7.404938,54,52802.330102
48.272053,125,52803.088348
106.087595,600,52806.459427
25.352546,46,52806.694086
62.092755,57,52806.998189
34.909233,68,52807.366755
16.184017,61,52807.717614
22.848911,88,52808.240599
456.437988,600,52817.210275
38.802325,107,52817.813442
48.598209,44,52818.084507
22.677817,600,52821.728257
268.015339,332,52823.695271
94.104351,160,52824.599352
10.627091,47,52824.850481
8.710047,63,52825.230313
130.809925,157,52826.114485
73.106328,122,52826.868218
33.631786,58,52827.226112
116.947867,156,52828.220222
46.711767,48,52828.526137
55.752509,98,52835.341065
46.579855,62,52835.773566
49.401679,65,52836.148184
-12.246294,44,52836.434581
119.545182,216,52837.675815
138.445685,239,52838.990055
111.563453,169,52840.02332
492.351082,600,52843.58842
45.449569,70,52843.979223
506.370245,600,52853.055152
10.797588,56,52853.376837
139.116358,222,52854.679206
44.096463,73,52855.094483
112.803123,214,52856.386486
30.235805,55,52856.718567
35.498423,126,52857.490554
118.758471,139,52858.356353
523.919723,600,52861.683199
68.154124,81,52862.139597
170.151844,208,52863.268662
-2.465083,48,52863.530635
551.20402,600,52872.824517
56.449763,64,52873.209032
39.252855,60,52873.554572
136.710701,288,52875.197128
-4.032981,54,52875.538212
45.103411,92,52876.09149
26.13061,49,52876.365325
46.138779,46,52876.632636
39.420415,46,52876.901951
21.838619,78,52877.315197
12.58322,54,52877.59216
45.104989,58,52877.902429
126.050586,600,52881.224621
521.891975,600,52890.325256
40.38493,75,52890.726058
194.04479,307,52892.395509
258.215841,314,52894.246588
62.664797,76,52894.666603
151.926072,201,52895.781321
55.418429,64,52896.12173
29.494205,53,52896.432585
28.580802,127,52897.115197
45.711313,64,52897.439272
259.641255,364,52905.1614
97.412579,181,52906.231325
53.460631,47,52906.492055
12.153078,51,52906.785576
11.427975,78,52907.218125
400.506492,600,52910.476081
27.768244,76,52910.906098
38.624593,66,52911.288454
106.912357,166,52912.272728
11.851627,52,52912.551183
39.316525,112,52913.151788
47.824716,88,52913.651466
139.97295,374,52915.814068
92.238631,123,52922.258446
152.126368,282,52923.876071
10.932344,47,52924.139749
93.609117,152,52924.98248
521.963452,600,52928.222416
49.96535,46,52928.504351
56.32126,600,52931.936066
36.150546,125,52932.674561
23.511755,600,52942.305071
40.459809,125,52942.982425
39.830551,65,52943.357252
141.805362,184,52944.486451
49.503888,124,52945.223758
52.221929,56,52945.616671
31.372727,54,52945.99989
105.800275,600,52949.889287
39.231618,263,52951.389401
11.115886,48,52951.679288
49.125941,81,52952.151076
6.606005,43,52958.228271
37.84138,75,52958.684336
53.431956,139,52959.446997
66.057598,86,52959.957561
25.057545,42,52960.204707
96.549468,145,52961.060748
46.465018,41,52961.320033
41.972551,84,52961.785157
42.755964,116,52962.436274
397.48124,600,52965.966644
44.930329,58,52966.281605
39.139677,46,52966.532191
57.831673,170,52967.447439
48.157513,50,52967.720367
159.900978,223,52968.978125
416.950818,600,52978.136034
89.050756,202,52979.291858
436.264851,600,52982.616078
99.53555,147,52983.430778
141.291,208,52984.545632
250.84243,340,52986.431986
157.845609,187,52993.27063
44.125298,40,52993.491269
75.704622,84,52993.994351
46.482497,102,52994.552423
54.088709,59,52994.869625
13.07288,49,52995.163349
108.515904,600,52998.587947
34.828625,92,52999.082404
68.432979,87,52999.545463
0.338038,103,53000.103904
13.800826,109,53000.70182
29.057473,98,53001.226649
98.776796,158,53002.076687
31.692154,46,53002.318519
55.565271,64,53002.682417
32.788746,75,53003.146178
87.503995,155,53004.050504
15.147508,62,53010.359217
1.749379,57,53010.724606
45.450614,122,53011.493775
111.113491,600,53014.823297
228.444793,278,53016.349689
39.625578,50,53016.61114
41.256708,106,53017.249714
36.831165,53,53017.536519
44.269186,48,53017.820209
36.400388,174,53018.751679
93.379842,131,53019.456291
54.370963,95,53019.955353
106.621627,220,53021.173491
49.046505,65,53021.561831
84.376584,600,53031.123759
456.416164,600,53034.519039
530.528053,600,53037.841633
477.895072,600,53047.483451
333.784132,600,53050.877987
32.793498,79,53051.338845
6.486024,73,53051.72859
45.13586,58,53052.029574
38.14903,149,53052.811322
45.859113,67,53053.165897
11.537351,66,53053.516025
122.143507,146,53054.306374
14.564593,60,53054.641198
-4.270429,61,53054.973694
50.751756,48,53055.242712
15.349523,40,53055.471427
41.562415,115,53056.113039
46.799524,47,53056.393103
38.21408,38,53056.597834
38.775038,52,53056.87921
38.814413,80,53063.200984
46.580289,600,53066.73258
-6.536604,74,53067.185453
56.162188,83,53067.654885
314.115058,439,53070.126315
82.68677,157,53071.127396
39.177423,57,53071.507997
102.486623,125,53072.203197
46.890865,45,53072.452162
40.375052,112,53073.089208
69.761339,120,53073.76319
23.551173,49,53074.041799
49.571874,42,53074.329871
59.198445,79,53074.823791
43.204856,44,53080.955063
33.923183,104,53081.542956
-8.050757,87,53082.048025
145.900249,223,53083.413677
38.933767,59,53083.778547
-7.281056,44,53084.080146
32.993564,84,53084.613179
26.253111,38,53084.814675
58.824346,166,53085.673736
204.400399,275,53087.169227
40.171425,116,53087.776075
49.940193,189,53088.902983
52.230957,600,53092.59602
82.340369,600,53102.319509
41.591897,111,53103.035522
54.789636,74,53103.468209
40.132324,44,53103.736348
149.814424,221,53105.021938
161.469221,246,53106.416143
22.434233,59,53106.75565
48.477432,41,53107.001817
38.623959,57,53107.341757
102.69036,600,53111.183424
90.079715,600,53120.464934
18.608767,60,53120.8131
55.921187,57,53121.131041
32.601854,108,53121.71437
50.694251,44,53121.969873
7.764088,66,53122.322277
110.973952,160,53123.199704
17.725255,54,53123.503173
45.101682,62,53123.875447
33.133833,64,53124.267348
-17.451572,67,53124.68194
83.32341,101,53125.325537
12.977549,60,53125.673307
34.136322,107,53126.277422
141.828688,600,53135.576962
90.142026,202,53136.803688
474.451266,600,53140.043588
31.208062,39,53140.276389
89.016651,164,53141.376094
41.541549,55,53141.747636
30.432268,73,53142.231534
21.608247,119,53143.027415
92.676629,600,53146.597551
45.921885,63,53152.580861
31.433166,55,53152.875652
133.664798,224,53154.167675
41.228273,79,53154.58166
30.86023,106,53155.206058
10.257036,50,53155.520543
556.471833,600,53159.177499
35.804099,76,53159.60787
51.582211,116,53160.23073
58.712368,77,53160.653351
34.868979,53,53160.95574
168.428822,176,53162.005573
16.845378,52,53162.359667
433.49735,600,53171.606508
126.031286,163,53172.551554
49.38168,87,53173.064524
61.456329,96,53173.589436
39.236813,39,53173.82331
76.928384,113,53174.439342
467.057979,587,53177.630063
42.098407,54,53177.914313
39.388828,40,53178.116274
34.754967,70,53178.514673
42.113428,59,53178.827057
92.649664,134,53179.532508
110.762404,148,53180.373572
-8.574266,84,53180.861185
77.973097,90,53181.406204
24.526181,78,53187.753504
273.785023,385,53189.88141
520.8535,600,53193.207759
380.802795,482,53195.963726
455.571957,600,53204.986347
5.90768,50,53205.256024
459.674247,600,53208.601933
81.817838,266,53210.070079
13.847187,52,53210.366418
174.633024,223,53211.666671
7.250189,52,53211.955183
13.978898,55,53212.260831
39.665724,48,53212.55324
40.636673,40,53212.77649
77.477455,159,53213.798833
-2.535632,55,53214.167659
-3.761096,52,53214.50583
80.437218,141,53215.403283
58.631195,63,53215.773471
99.690332,180,53222.838904
43.464968,64,53223.214142
7.829427,81,53223.657725
-13.712663,70,53224.067521
64.745247,62,53224.442464
26.715368,113,53225.104528
9.662746,106,53225.713841
46.787116,141,53226.532174
116.172319,600,53229.805125
42.189498,57,53230.144233
463.096483,600,53233.466104
34.722585,105,53234.026308
19.720585,49,53240.409845
49.026157,90,53240.99264
38.237972,44,53241.264352
72.386643,150,53242.22829
51.788247,85,53242.760084
523.234401,600,53246.231277
9.493414,154,53247.076725
119.225485,543,53250.093433
589.56719,600,53259.105267
28.324961,92,53259.675975
42.868796,64,53260.078487
222.849613,320,53261.846503
40.925138,79,53262.269348
46.905751,88,53262.719903
73.074063,155,53263.666929
50.154242,47,53263.94078
163.530091,208,53265.166874
50.873595,600,53269.070328
152.518538,600,53278.58598
105.135102,143,53279.318664
93.296674,168,53280.240345
-1.395646,98,53280.878392
50.050991,43,53281.153216
35.765839,497,53284.12936
-3.408546,45,53284.381161
129.435764,190,53285.372995
64.220596,131,53286.082901
513.210912,600,53295.436827
29.977657,46,53295.677241
122.296733,196,53296.761988
37.399247,72,53297.18216
36.677071,58,53297.525918
123.92943,163,53298.458375
29.461677,124,53299.11281
11.598399,600,53302.504851
50.652332,61,53302.843084
41.568273,58,53303.182777
487.003156,600,53312.042561
198.786549,353,53313.939543
114.823268,159,53314.770626
50.089596,49,53315.0481
44.987266,48,53315.291384
16.370511,101,53315.824721
87.94465,155,53316.725201
-7.137593,53,53317.02766
321.480861,425,53319.494853
21.374513,68,53319.916538
-0.400301,53,53320.22344
65.86552,114,53320.906486
35.65655,67,53321.338954
356.537246,440,53329.824835
44.973604,83,53330.255213
116.028996,167,53331.131563
264.7267,418,53333.50208
47.900189,42,53333.73509
1.84057,46,53334.011254
529.913082,600,53337.502774
17.972743,600,53347.027668
150.647385,251,53348.431345
151.102662,172,53349.425984
526.324606,600,53352.685884
123.848005,222,53353.854824
23.627577,45,53354.100515
99.939378,159,53354.987079
78.206948,226,53356.314144
29.25168,98,53356.88265
2.05527,44,53357.149947
125.127602,171,53363.885871
44.921834,38,53364.124715
143.847156,171,53365.162066
8.437098,55,53365.475798
67.675067,81,53365.928619
515.998068,600,53369.238805
42.90774,62,53369.601864
40.263503,65,53369.987391
49.586652,163,53371.008066
53.806455,65,53371.390049
77.531548,167,53372.336005
563.49195,600,53381.61181
-2.530591,100,53382.200783
379.98423,469,53384.875118
127.3601,187,53385.869668
11.910656,52,53386.151556
122.614292,600,53389.712386
49.465358,73,53390.134956
-17.614006,70,53390.622471
0.981031,79,53391.128798
471.48624,600,53400.746514
504.037883,572,53403.996789
125.101363,154,53404.885522
43.981123,71,53405.291957
59.206089,112,53405.945164
83.995659,117,53406.580086
85.257111,176,53407.588325
127.729814,187,53408.627131
-4.973716,43,53408.861228
310.1576,389,53416.678549
10.969307,48,53417.008172
42.386741,42,53417.267199
86.413325,600,53420.809564
341.574215,432,53423.169671
6.598621,55,53423.457992
35.907491,53,53423.740062
4.618414,62,53424.12361
15.527187,55,53424.449393
578.761329,600,53433.841453
214.200747,340,53435.874475
173.812623,282,53437.522788
37.404075,249,53438.904964
41.391554,104,53439.443235
16.337653,55,53439.753407
257.155387,385,53441.864615
118.316619,171,53442.839299
102.238136,162,53443.694682
104.414921,159,53444.544913
46.32776,56,53444.838485
32.917485,79,53451.202841
46.132434,51,53451.521827
32.965552,47,53451.788125
43.651488,58,53452.108032
532.00279,600,53455.71288
349.874482,600,53459.316014
41.723273,47,53459.599456
3.59813,59,53459.906624
83.139338,130,53460.634972
8.708798,55,53460.932049
45.547131,65,53461.283337
77.02843,173,53462.24251
1.757395,46,53462.532226
-1.553506,54,53462.842393
72.301664,136,53469.616864
88.850503,600,53473.063314
53.07174,94,53473.623323
48.60943,102,53474.200738
30.039888,121,53474.941578
46.824188,48,53475.22761
59.714664,78,53475.68378
9.248242,600,53479.393269
38.213686,61,53479.771818
53.428669,104,53480.419974
13.689827,56,53480.759979
17.864528,93,53481.297003
36.724003,118,53487.839955
35.844069,46,53488.10987
29.037687,75,53488.540131
53.203501,46,53488.80273
37.597568,100,53489.320182
33.529238,43,53489.572239
7.513513,56,53489.886192
41.515931,66,53490.260675
46.132998,253,53491.846336
88.13009,205,53493.177815
183.621755,198,53494.293569
111.076263,229,53495.635741
307.419223,404,53498.009775
37.044854,59,53498.369388
41.247246,132,53499.102976
418.851393,503,53507.772925
80.407933,165,53508.659852
42.229487,79,53509.099321
69.398012,97,53509.623431
39.667324,46,53509.857499
49.088342,170,53510.728291
32.645452,54,53511.021062
53.566514,102,53511.580332
47.813866,98,53512.141589
67.559317,126,53512.843211
90.746001,201,53514.129374
15.316778,44,53514.378455
0.49869,45,53514.636754
55.89998,101,53515.261273
87.916214,142,53516.118501
42.730976,86,53516.575502
38.102371,36,53523.006622
36.516853,87,53523.498523
39.48482,55,53523.839289
28.14858,68,53524.241858
570.236467,600,53527.55792
47.889135,85,53528.0268
34.281757,60,53528.359122
322.469153,419,53530.929385
46.01079,78,53531.360128
540.930036,600,53540.597813
-5.443362,66,53540.960054
86.161995,140,53541.781681
43.958927,48,53542.073137
77.058262,132,53542.846422
121.482026,186,53544.006471
8.298712,87,53544.49566
40.908188,57,53544.813506
12.063436,53,53545.138135
33.863504,51,53545.457482
41.668344,56,53545.781589
57.02453,66,53546.190434
66.666403,85,53546.717593
36.924342,42,53546.986855
183.914261,210,53548.243729
40.268592,51,53548.531301
540.41774,600,53551.777888
46.961185,48,53552.059967
2.843581,64,53558.346072
11.656112,62,53558.738774
46.670785,70,53559.142607
134.7462,194,53560.22455
82.477186,285,53561.782456
150.671782,195,53562.931935
56.23051,82,53563.432842
5.479659,91,53563.957966
36.883479,54,53564.281226
38.611588,168,53565.232899
-6.829974,46,53565.483057
89.347317,150,53566.349746
62.247494,600,53569.66591
10.370983,600,53578.974498
10.931208,113,53579.56214
82.612411,150,53580.340221
87.336323,138,53581.086206
41.706828,56,53581.38492
42.008312,98,53581.928504
494.186392,600,53585.521333
50.196635,54,53585.855788
22.64774,46,53586.145749
4.198078,75,53586.628043
86.281891,160,53593.370604
146.143488,188,53594.50209
71.782951,148,53595.418436
47.034792,64,53595.815824
47.21459,43,53596.071658
15.203185,60,53596.471924
410.056937,466,53599.006275
46.625127,120,53599.654761
489.690946,600,53603.017796
56.362346,600,53612.544539
2.020053,46,53612.79646
38.042134,57,53613.111118
-9.539835,70,53613.502099
17.316713,53,53613.803175
49.51318,55,53614.10749
37.622483,61,53614.411046
120.748558,162,53615.272591
44.902314,58,53615.567216
39.12637,61,53615.878077
87.683574,139,53616.623804
69.335886,141,53617.382408
55.016201,87,53617.905995
53.034465,68,53618.322895
43.558031,43,53618.582814
129.992673,600,53622.147044
51.193495,70,53622.538911
6.068339,55,53628.929479
94.854383,142,53629.708408
566.539183,600,53633.134454
34.307398,192,53634.22444
37.456747,58,53634.574128
16.27206,90,53635.166349
65.992813,130,53635.934196
104.162982,152,53636.813013
14.178784,81,53637.273333
52.705769,71,53637.700504
52.739964,77,53638.165319
35.405354,82,53638.611971
42.659839,65,53639.014027
88.728061,149,53639.891133
115.033361,145,53646.456928
556.645009,600,53649.934187
345.308324,413,53652.487187
101.854834,221,53653.779758
45.961636,54,53654.096707
37.957021,64,53654.518658
12.951546,61,53654.825574
428.517832,600,53658.537136
40.799558,158,53665.360525
200.451752,329,53667.39108
42.202396,45,53667.6907
65.554227,168,53668.652439
80.884351,108,53669.280033
0.400968,55,53669.595414
253.935194,600,53672.821952
241.925937,362,53674.75667
33.128052,73,53675.182353
42.807668,47,53675.453685
160.413478,277,53682.86111
-3.093275,44,53683.079221
42.931619,43,53683.308178
155.655599,244,53684.694838
105.808541,154,53685.573615
35.059724,48,53685.838545
31.172309,91,53686.392362
44.960554,61,53686.73549
56.361558,75,53687.164511
-9.083779,91,53687.680875
94.049162,168,53688.660802
37.806889,48,53688.974833
182.22803,319,53690.933294
121.282837,158,53691.83754
34.044052,67,53692.229883
29.696301,58,53692.581506
206.069583,346,53700.404636
114.45244,194,53701.636841
87.154992,109,53702.392212
-9.452862,46,53702.705014
67.088305,600,53706.387365
39.525592,43,53706.653407
7.935149,63,53707.061638
10.764805,61,53707.37135
11.478101,63,53707.694411
18.075119,66,53708.028483
-0.233567,47,53708.270591
30.429625,85,53708.749832
33.445511,42,53708.999854
38.999792,38,53709.217237
69.074342,161,53710.111012
13.314101,50,53710.420568
-3.361007,69,53710.790865
53.656486,58,53711.137926
41.240858,80,53711.642262
356.453375,419,53719.917584
-5.925982,82,53720.376518
48.39539,87,53720.882028
79.746457,173,53721.910523
33.535428,43,53722.179636
36.838313,62,53722.567106
-2.440328,59,53722.897756
29.424327,73,53723.302165
54.587545,75,53723.735295
6.897911,383,53725.857962
93.598309,145,53726.708708
83.293609,229,53727.957346
32.367366,39,53728.171081
-6.334847,46,53728.409086
42.674374,57,53728.744408
-10.39099,95,53729.270713
535.655336,600,53738.436601
142.638135,231,53739.633402
8.076647,100,53740.225083
55.086223,70,53740.627809
59.301951,69,53740.993498
23.229062,600,53744.410937
567.088906,600,53753.827158
134.332219,192,53754.923839
35.558871,121,53755.597069
47.012589,106,53756.172806
11.572693,69,53756.543872
138.269486,145,53757.300056
526.672355,600,53760.816422
47.378934,45,53761.06983
52.819748,102,53761.581601
521.934672,600,53771.074039
49.85146,66,53771.427297
39.501979,63,53771.777455
79.866326,107,53772.370964
35.652551,98,53772.950069
44.288178,56,53773.260828
39.515783,45,53773.522249
66.594875,177,53774.576975
95.469666,132,53775.357256
16.088837,94,53775.902612
-9.913032,49,53776.19705
53.199204,65,53776.611859
30.072507,44,53776.878605
59.491276,77,53777.372481
42.479057,79,53777.835376
88.698823,181,53778.862699
93.503888,600,53782.375543
31.078642,67,53789.032872
44.335671,107,53789.725725
13.615628,58,53790.061984
99.08443,157,53790.89323
96.432773,201,53791.94707
318.880201,390,53794.129718
19.277182,99,53794.715882
560.329431,600,53798.00591
40.870206,96,53798.569464
31.422331,118,53799.217316
107.802487,206,53806.607074
38.097571,51,53806.883085
324.306648,355,53808.862295
122.160746,169,53809.785928
40.125199,91,53810.279215
62.857268,192,53811.345304
88.413213,141,53812.083719
485.269215,600,53815.352763
49.919168,43,53815.57476
54.626059,109,53816.169348
240.555903,403,53824.360149
10.130409,84,53824.824152
33.076765,79,53825.247642
339.852541,416,53827.518498
63.177325,163,53828.416591
101.513265,131,53829.204023
112.094355,162,53830.089509
5.812214,102,53830.631458
120.679457,600,53834.383499
60.480188,234,53841.742241
42.052081,41,53842.014595
33.693616,91,53842.55886
14.048227,221,53843.807685
26.698546,49,53844.076161
495.874416,600,53847.434663
50.458526,50,53847.714254
34.521831,83,53848.152513
12.822127,44,53848.396233
44.566529,87,53848.873136
21.169433,101,53849.463732
27.611993,47,53849.72821
106.702989,141,53850.505603
130.967906,219,53851.656113
41.075944,50,53851.959114
149.129439,202,53859.115984
219.188781,295,53860.734392
40.638836,60,53861.044802
94.010215,198,53862.097757
0.390483,61,53862.449761
170.726875,208,53863.69782
48.209249,146,53864.597917
54.534376,64,53864.992379
32.597717,93,53865.57698
32.636749,58,53865.940777
-18.119744,229,53867.279325
40.282936,45,53867.535517
60.821848,80,53867.953845
71.315634,140,53868.687127
57.782588,117,53869.325588
133.603427,209,53876.432051
48.189353,60,53876.75843
100.904912,125,53877.442173
115.211965,198,53878.639486
57.840627,70,53879.072357
38.858555,44,53879.326996
106.585871,159,53880.250328
553.721064,600,53883.51533
14.421423,61,53883.866076
54.171254,83,53884.340469
48.713382,49,53884.610976
10.05735,49,53884.872622
41.844736,42,53885.102792
27.130139,59,53885.435446
36.487103,62,53885.789112
480.390673,600,53895.230121
111.149166,155,53896.088776
10.584635,51,53896.356514
34.918549,106,53896.981625
42.442921,59,53897.327289
179.891419,242,53898.683395
114.596572,196,53899.786584
20.75534,75,53900.192671
46.657253,62,53900.558306
0.62714,80,53900.995746
31.213639,46,53901.23757
-3.622395,44,53901.496272
48.117369,65,53901.83709
38.766835,88,53902.304759
80.70339,169,53903.247389
38.66101,56,53903.543373
46.454795,108,53904.129606
500.095744,600,53913.127651
17.897576,146,53913.91004
99.527992,110,53914.49324
54.063273,157,53915.350869
91.239859,128,53916.05514
-8.751352,68,53916.420483
46.203237,57,53916.72902
48.120234,169,53917.676591
4.648641,68,53918.105643
12.864227,46,53918.396746
33.910575,76,53918.866506
478.838042,600,53922.269955
189.188451,212,53929.369539
66.635978,98,53929.900656
305.541872,458,53932.325345
69.167707,69,53932.735972
31.878595,68,53933.148146
80.363867,100,53933.770489
38.214544,60,53934.124885
35.120343,72,53934.532536
93.125421,184,53935.512702
39.367503,66,53935.873588
566.757242,600,53939.140449
21.945238,74,53939.533969
100.966388,169,53946.630205
38.35805,61,53947.009692
36.303082,50,53947.325281
71.058044,110,53947.972481
138.461465,205,53949.098843
31.413992,104,53949.656025
-7.485759,60,53949.986992
45.637812,44,53950.214528
28.29385,192,53951.234938
288.92804,355,53953.186596
42.426419,69,53953.558091
11.573745,70,53953.949288
47.499324,58,53954.263102
52.132789,82,53954.715677
45.337338,68,53955.079181
43.350793,81,53955.536482
121.111067,600,53964.553392
559.912631,600,53968.080225
170.845208,216,53969.305704
451.902501,600,53972.49776
49.692166,44,53972.747848
138.934698,196,53973.837911
14.962818,600,53983.360643
303.504178,400,53985.713382
94.76433,600,53989.480468
79.761788,170,53990.497455
122.123113,175,53991.457418
33.971426,67,53991.822391
295.448414,324,53999.593353
43.081883,50,53999.860649
29.82391,42,54000.109159
36.291287,60,54000.442128
14.473547,55,54000.76696
135.603267,174,54001.767479
33.914041,60,54002.12568
102.606911,213,54003.328179
143.769291,205,54004.543706
75.350396,165,54005.533117
51.177858,54,54005.867531
1.766111,56,54006.214319
37.783637,49,54006.504287
44.222964,80,54006.958614
89.361106,600,54016.537062
501.699381,600,54019.962904
46.384538,56,54020.281897
42.122554,79,54020.703667
46.894276,51,54021.009265
513.140175,600,54024.530137
442.981631,600,54027.88582
36.813157,114,54034.741079
62.957714,61,54035.067335
65.095273,91,54035.588037
83.19456,195,54036.743328
64.851372,181,54037.806525
32.581075,116,54038.471259
61.247945,93,54038.980663
48.21898,86,54039.450357
165.399076,216,54040.766989
-0.345087,104,54041.360837
117.743951,286,54042.935446
186.121914,243,54044.287896
83.276907,155,54045.162472
35.885003,110,54045.785976
45.388123,58,54052.037079
96.47111,138,54052.861194
55.417278,153,54053.849002
535.672065,600,54057.270469
12.474887,49,54057.539343
21.007213,96,54058.107244
378.726591,496,54060.835899
44.495198,58,54061.196449
45.64516,56,54061.51933
144.077642,166,54062.383906
123.20964,174,54063.386398
90.812222,122,54069.669994
124.298574,174,54070.612733
40.22084,60,54070.937925
40.775165,60,54071.275409
92.459055,105,54071.863968
68.429974,87,54072.406991
265.627383,322,54074.353302
91.37604,141,54075.148394
70.119847,105,54075.694893
44.679681,54,54075.987528
500.683924,600,54079.454082
89.024204,146,54080.282216
10.946483,60,54080.61236
39.516087,81,54087.264544
78.484553,165,54088.193269
47.171147,110,54088.787269
142.463467,189,54089.856643
-9.456304,45,54090.102499
516.495993,600,54093.616619
41.93197,46,54093.921292
30.284153,56,54094.293374
79.968733,155,54095.232554
79.509731,152,54096.015098
62.557002,125,54096.674221
64.762152,88,54097.178449
64.27082,70,54097.565095
113.339868,600,54107.011456
89.786995,158,54107.847051
146.012525,171,54108.791034
91.792081,141,54109.564856
41.451146,52,54109.863577
8.389123,94,54110.451306
75.569097,87,54111.049916
-17.267342,68,54111.524872
17.292231,104,54112.210251
31.377578,84,54112.771462
41.671515,68,54113.223954
132.513034,205,54114.509986
119.02849,219,54115.76553
8.505106,42,54116.037209
174.893855,218,54123.57715
67.472453,109,54124.176929
53.712185,64,54124.52324
-2.378651,54,54124.83709
122.727069,185,54125.888913
71.223902,189,54126.975176
84.833082,101,54127.547808
25.946415,79,54127.992236
11.960472,75,54128.421046
103.364445,124,54129.07818
28.941377,46,54129.328306
184.649566,235,54130.66048
84.195778,166,54131.717461
48.889383,65,54132.06945
125.141535,156,54132.946826
37.952946,42,54133.155364
24.350911,61,54133.472688
56.627485,77,54133.897908
45.345824,69,54134.255728
103.139157,169,54141.10312
64.697759,127,54141.847219
58.012169,66,54142.226507
87.739478,132,54142.97282
498.013357,600,54146.354121
8.678562,59,54146.717471
44.761656,55,54147.047655
53.604831,69,54147.452134
106.38443,184,54148.590595
-4.374677,44,54148.871639
45.459266,64,54149.277957
-15.327149,75,54149.727994
-3.949868,42,54149.963213
152.507866,217,54151.220549
51.572505,92,54151.707239
4.506746,56,54151.996439
101.753378,154,54159.003795
550.684028,600,54162.544928
71.102727,600,54165.919291
48.640707,51,54166.200835
184.362456,234,54167.449485
-6.267282,45,54167.712202
94.622929,235,54168.97897
38.446134,59,54169.28416
41.076276,52,54169.58143
43.642875,68,54169.930397
76.904008,161,54176.845584
473.960029,600,54180.303682
25.493428,44,54180.552006
63.263521,122,54181.270752
101.558722,164,54182.242019
33.112377,49,54182.50431
84.988832,187,54183.499441
33.378809,92,54184.057599
8.456814,49,54184.375554
57.455493,59,54184.764251
6.234144,49,54185.070153
36.822238,59,54185.437596
40.908881,74,54185.921802
86.521694,162,54186.962523
115.744925,139,54187.745337
47.587539,90,54188.236438
47.034191,63,54194.464224
544.683353,600,54197.970632
27.861574,59,54198.317579
31.296028,54,54198.639634
43.242858,57,54198.962858
474.417372,600,54202.24873
506.602548,600,54205.619067
23.230057,95,54212.01489
98.688569,126,54212.817027
209.516271,274,54214.40977
37.729843,46,54214.665826
40.337233,52,54214.969983
86.641382,137,54215.762133
42.714391,80,54216.209353
37.983864,90,54216.741217
44.615833,124,54217.46969
52.908299,84,54217.934584
85.595874,116,54218.615169
75.193334,165,54219.555336
137.080294,183,54220.574256
126.574375,169,54221.510967
30.925699,97,54222.043459
139.196111,175,54223.043567
63.402026,178,54230.005197
45.548401,42,54230.267959
33.570961,93,54230.811327
31.638666,57,54231.126912
124.860815,214,54232.332732
20.916499,600,54236.123406
7.989876,53,54236.497869
62.187011,71,54237.024463
35.862772,69,54237.513032
46.234889,50,54237.856195
227.470894,287,54239.805243
169.576593,233,54241.147101
49.785535,69,54241.513429
109.822162,162,54248.472767
546.44514,600,54251.929139
38.996901,126,54252.682855
86.17664,151,54253.557955
28.867488,48,54253.840449
101.466298,202,54255.050261
135.766791,199,54256.131973
3.968049,64,54256.493823
19.136229,151,54257.315297
39.93484,59,54257.674395
195.29185,259,54259.166686
32.347525,56,54259.513627
37.972055,43,54259.761901
34.869555,143,54266.715432
119.758141,189,54267.823092
472.585596,600,54271.075018
62.042948,600,54274.464977
330.666622,458,54277.027624
42.083064,50,54277.322205
52.004386,60,54283.639829
25.672,53,54283.963473
35.392667,80,54284.447515
550.265909,600,54288.049902
8.584852,48,54288.346497
49.147981,45,54288.625592
39.263495,61,54289.01442
116.065898,600,54292.429786
39.04245,96,54292.953545
47.789651,107,54293.633887
155.724948,280,54295.548634
45.520064,37,54295.767069
46.88438,77,54302.004954
127.375882,257,54303.604443
40.054582,74,54304.091326
14.841822,54,54304.437869
349.08038,600,54307.786828
47.384965,114,54308.426955
82.161133,117,54309.057814
141.228634,177,54310.012711
98.534432,141,54310.789061
127.810359,209,54312.023554
43.472784,79,54312.496532
46.127843,68,54312.906834
285.617164,340,54321.038118
35.341925,66,54321.439078
43.026019,52,54321.73559
39.770359,159,54322.625615
5.837783,49,54322.889575
113.174816,221,54324.086296
312.972969,364,54326.105364
17.831364,87,54326.576871
49.085976,115,54327.210469
8.622849,43,54327.436873
64.519071,120,54328.070324
160.708044,243,54329.403327
102.73932,137,54330.191094
51.396295,89,54330.688202
50.215916,70,54336.950374
53.135846,117,54337.642949
198.105731,239,54339.029865
33.630332,60,54339.385355
64.120244,71,54339.776127
419.554434,501,54342.63354
95.623255,133,54343.396839
41.968351,45,54343.635623
42.308121,42,54343.87016
538.247367,600,54347.368015
17.996392,45,54347.662608
508.835635,600,54357.287883
542.106146,600,54360.53285
49.658803,72,54360.933017
83.513264,104,54361.557513
36.287527,45,54361.839034
95.037269,123,54362.584524
345.874958,600,54366.103171
50.539693,42,54366.334154
59.849613,85,54372.858979
112.493558,216,54374.041996
97.892168,600,54377.547064
48.670506,79,54378.055962
34.051711,77,54378.517938
37.232309,59,54378.839756
21.247015,62,54379.196629
142.09284,199,54380.283592
105.094536,185,54381.274317
109.42838,153,54382.134312
567.554813,600,54391.55337
162.238351,196,54392.609659
553.413671,600,54395.964398
582.90139,600,54399.411421
60.133841,219,54400.776641
-5.095161,71,54401.20467
61.908686,64,54401.58327
96.515556,168,54408.572172
70.161139,109,54409.225929
53.325638,69,54409.629789
47.705654,136,54410.352982
324.439722,351,54412.33983
-3.253013,107,54412.936774
42.124807,96,54413.480833
48.749664,600,54416.850571
43.444446,45,54417.0915
26.145793,46,54417.345019
547.765682,600,54426.719976
117.653643,144,54427.586195
76.721595,121,54428.265286
43.500166,52,54428.565669
34.56046,60,54428.939684
68.374184,268,54430.36386
50.779651,54,54430.678565
132.219089,164,54431.629272
27.59751,63,54432.009985
26.839016,93,54432.611835
37.170914,106,54433.340184
364.871208,464,54436.024765
32.836075,59,54436.355773
563.511863,600,54445.841965
30.839886,72,54446.262923
114.729433,138,54447.001472
106.479703,600,54450.490595
43.940204,56,54450.805608
13.08968,89,54451.305275
0.832815,47,54451.577492
45.270495,52,54451.863381
28.526833,78,54452.297744
24.772314,87,54452.796941
45.1772,182,54453.843873
201.40914,268,54461.290985
41.584178,65,54461.680634
479.405235,600,54465.31982
47.500316,46,54465.566947
42.317395,57,54465.877555
40.972898,65,54466.226974
145.160317,183,54467.239182
8.022431,56,54467.594015
180.526339,223,54468.874033
545.873054,600,54472.245178
78.484919,169,54478.985625
41.247301,56,54479.310174
40.049574,70,54479.708549
44.855503,55,54480.017264
27.713946,188,54481.071475
56.131624,55,54481.386599
33.682744,93,54481.891928
7.834732,47,54482.142123
-2.590903,45,54482.387766
156.689413,187,54483.409035
44.754547,111,54484.013239
40.717369,70,54484.419122
7.038513,52,54484.71248
18.29148,600,54488.147543
122.040535,159,54489.029977
37.499277,72,54489.444655
25.376651,600,54498.850587
228.74873,312,54500.651104
77.939761,147,54501.500105
83.573217,123,54502.20847
49.990946,77,54502.660636
519.084611,600,54506.37823
6.120253,92,54506.944568
51.509893,210,54508.174755
65.015491,115,54514.7521
40.439162,131,54515.472964
188.52286,600,54519.009868
470.664922,600,54522.861915
78.371282,200,54524.131215
26.985782,79,54524.659863
48.801641,54,54524.971041
47.460043,135,54525.761529
40.307509,100,54526.313883
12.47062,76,54532.771935
43.231474,66,54533.1512
447.385696,600,54536.439226
112.813692,156,54537.298398
28.109139,43,54537.533917
42.081869,47,54537.808329
29.975648,89,54538.286087
34.02319,52,54538.568089
31.354641,52,54538.850756
45.497388,70,54539.232031
28.37882,63,54539.624685
486.070687,600,54542.874335
152.043886,238,54550.248596
65.326667,83,54550.723801
40.762527,62,54551.073785
37.405866,169,54552.05152
542.409446,600,54555.454024
120.344175,237,54556.738176
44.56452,91,54557.238725
127.636796,600,54560.489501
559.556686,600,54569.824845
27.083695,128,54570.522772
58.782863,115,54571.15437
3.773265,51,54571.42804
96.97869,167,54572.427267
60.27758,600,54576.146889
473.143544,600,54585.561642
33.268046,152,54586.473352
50.174969,49,54586.765889
-5.505892,91,54587.272231
40.222643,66,54587.646554
507.668286,600,54590.838442
41.181486,60,54591.157334
472.936291,600,54594.555412
130.844828,176,54595.499684
37.679544,46,54595.760192
32.579814,67,54596.152828
70.107726,98,54596.80349
11.369266,53,54603.057208
38.139276,56,54603.420282
42.58997,57,54603.754647
115.78885,223,54605.029744
34.548327,83,54605.481231
47.459597,56,54605.806896
110.696068,459,54608.501404
44.160084,74,54608.912086
-10.3019,51,54609.210773
24.674623,50,54609.509579
127.223259,173,54610.547366
130.607854,181,54611.636031
110.145028,135,54612.452042
-7.658594,45,54612.735477
42.561453,60,54613.115535
45.459292,45,54613.408925
32.895814,89,54613.915514
40.473051,56,54614.231199
66.225174,600,54623.560449
31.532611,54,54623.84095
35.790698,40,54624.059807
13.860431,61,54624.384436
99.782528,186,54625.440444
44.942063,59,54625.756703
93.348737,125,54626.423149
98.303379,190,54627.471329
25.131971,49,54627.73676
35.987931,47,54628.017495
498.932277,600,54631.372522
322.922463,395,54639.823173
64.213125,143,54640.66866
59.021095,137,54641.473716
26.003544,47,54641.730753
41.764915,114,54642.373899
40.371054,86,54642.889936
35.407225,60,54643.263726
84.108687,224,54644.528894
46.347467,68,54644.900352
60.08708,124,54645.70259
41.803587,41,54645.958916
43.275093,73,54646.431355
41.111896,56,54646.794541
43.540089,67,54647.257049
37.647077,64,54647.674879
146.056759,192,54648.955482
101.526401,215,54650.177558
114.910917,187,54657.292871
112.988844,177,54658.29716
15.989403,109,54658.897988
490.985326,600,54662.358427
54.282165,67,54662.763347
334.23689,487,54665.507594
102.096675,135,54666.317591
37.619717,71,54666.732023
35.168572,50,54667.030181
-5.813284,99,54667.600051
120.317642,163,54674.63422
57.480908,67,54675.008673
38.959376,72,54675.414022
305.507424,393,54677.605309
20.959929,85,54678.071593
15.006597,48,54678.335526
0.313941,45,54678.572342
68.370256,90,54679.094193
35.299129,78,54679.533716
10.593875,59,54679.87647
266.535348,345,54681.806682
232.07551,441,54684.464843
52.546397,50,54684.805686
54.0072,63,54685.227931
85.016655,178,54686.23423
449.229588,546,54695.441818
31.44318,112,54696.073265
56.050996,128,54696.78039
28.447972,41,54697.006798
39.653981,40,54697.228936
41.422261,49,54697.512347
7.77665,59,54697.836571
35.799488,59,54698.213394
351.82738,438,54700.867408
-7.159957,61,54701.217914
9.250876,292,54702.961723
57.146629,87,54703.509975
40.69706,52,54703.855608
14.90724,61,54704.283867
49.774107,94,54711.216897
8.329276,43,54711.501591
141.284666,174,54712.48081
64.035693,227,54713.760535
220.427282,600,54717.278065
347.717138,522,54720.055964
31.89749,59,54720.435198
35.770097,104,54721.021685
39.651872,53,54721.324857
179.932093,238,54728.728648
490.671792,600,54732.332989
55.23273,74,54732.72887
35.99107,70,54733.10406
39.298136,60,54733.432511
56.425851,61,54733.76048
43.488817,147,54734.62183
83.359692,121,54735.327906
518.594327,600,54738.623197
56.639791,137,54739.399647
58.671315,128,54740.154926
15.793781,49,54746.704817
182.981334,238,54748.083603
49.156026,62,54748.454456
49.484153,57,54748.781591
36.481525,108,54749.425592
48.968306,59,54749.811225
94.477428,134,54750.677441
5.052877,62,54751.033478
72.759101,141,54751.921268
49.421496,55,54752.264762
37.345676,72,54752.670708
52.0513,87,54753.167769
15.995768,57,54753.480111
17.799683,58,54753.815475
119.487927,150,54754.776601
41.967136,43,54755.0439
105.540331,134,54755.875544
7.639793,53,54756.211961
84.39331,112,54757.018998
98.115744,600,54766.834027
127.645386,197,54768.132812
36.744832,53,54768.479616
110.637155,173,54769.466456
70.718581,159,54770.313095
145.713001,185,54771.397689
348.60986,428,54774.035723
37.117342,88,54774.537356
31.382099,113,54775.17692
42.305741,56,54775.483841
127.746232,199,54776.639035
26.461266,43,54776.915685
114.110962,120,54783.545762
562.785685,600,54786.931836
47.728862,51,54787.24532
26.062939,216,54788.70805
85.32175,196,54790.028234
298.667419,381,54792.375374
387.170797,515,54795.760786
28.822129,44,54796.070121
79.322215,103,54802.927574
203.226918,237,54804.369247
37.89204,36,54804.586338
12.900572,86,54805.096706
27.371626,145,54805.993258
120.706444,163,54807.011904
16.281312,69,54807.430713
80.802995,167,54808.398715
22.374004,144,54809.254882
42.073108,58,54809.614492
99.703177,166,54810.702173
33.606776,80,54811.228611
17.632451,109,54811.940138
38.281337,44,54812.220792
39.700722,74,54812.669823
44.478315,72,54813.075893
54.039975,65,54813.482638
42.790499,68,54813.888182
73.568362,128,54814.655038
20.739637,148,54821.565082
125.726061,193,54822.838063
19.602051,89,54823.457353
42.014639,47,54823.779403
77.085546,106,54824.497509
37.207016,55,54824.893552
33.750772,51,54825.2109
46.792967,57,54825.544909
42.193544,84,54826.071342
91.854567,208,54827.331387
552.015381,600,54830.90455
113.01151,600,54840.807219
119.834961,136,54841.644438
46.587169,45,54841.904455
36.712665,51,54842.199382
98.084952,132,54843.024907
474.935545,600,54846.690715
40.966182,127,54847.427319
40.703921,163,54848.362349
48.189123,83,54848.850617
98.404268,203,54850.134408
11.003632,69,54850.534634
57.975018,123,54851.392902
145.573697,600,54861.807408
37.083173,48,54862.077077
26.747339,75,54862.495358
27.627197,600,54866.392328
44.833828,47,54866.657223
54.003708,112,54867.250903
473.061484,600,54870.73701
30.574583,57,54871.159245
99.743621,209,54878.728336
102.245065,139,54879.672374
262.310971,292,54881.563569
22.630433,83,54882.059418
43.57309,87,54882.541084
86.641987,131,54883.271647
122.403865,208,54884.526456
254.520667,329,54886.483369
43.560885,57,54886.825652
33.325979,54,54887.143131
32.487231,47,54887.459273
24.449957,64,54887.845776
382.108438,535,54897.158374
33.225654,45,54897.415534
33.604345,66,54897.809762
41.18226,52,54898.120339
37.552298,48,54898.418413
40.184616,68,54898.851489
47.269164,59,54899.207977
33.241304,58,54899.564604
18.351927,600,54903.236043
135.538033,227,54904.591056
21.319619,44,54904.848979
115.066408,197,54906.036448
52.519769,67,54906.428769
35.463738,42,54906.667691
6.989799,43,54906.919041
42.768817,600,54916.872534
502.4671,600,54920.413952
89.995269,600,54923.946589
105.572163,126,54924.637645
30.652837,40,54924.861065
116.887554,190,54925.891453
59.625326,111,54926.531561
27.500933,43,54926.768422
150.690977,198,54934.078657
150.506165,244,54935.592428
102.910773,145,54936.436527
5.554495,69,54936.845155
149.571557,279,54938.487072
7.345452,51,54938.785251
32.562107,61,54939.120081
58.561393,600,54942.827739
81.478878,156,54943.907678
59.898056,121,54944.698632
3.389378,150,54945.68579
15.160458,49,54951.884132
61.599301,155,54952.842015
230.467862,278,54954.527178
187.067721,257,54956.076846
50.711698,76,54956.516351
63.130521,100,54957.100165
156.571552,231,54958.437179
346.270991,432,54961.016756
45.572591,149,54961.875049
-0.490097,50,54962.16388
18.081434,46,54962.459044
37.945649,53,54962.782754
46.716488,97,54963.403666
94.063617,141,54970.315826
65.45912,86,54970.855719
46.822738,47,54971.153113
38.764233,61,54971.546899
87.314999,139,54972.439665
22.942707,51,54972.776079
227.075408,335,54974.848822
-2.310908,42,54975.103354
51.091854,59,54975.478101
40.75517,68,54975.873137
21.993383,107,54976.510454
46.611582,80,54977.006156
103.90455,158,54977.996413
122.5459,208,54979.188792
49.498677,110,54979.812208
87.351274,144,54980.67127
42.469273,101,54981.247046
7.014345,56,54981.569594
42.406589,79,54982.0429
65.579818,144,54989.113235
36.126658,274,54990.738939
84.809238,172,54991.746948
58.898648,87,54992.303631
9.714593,60,54992.716614
26.684701,129,54993.58929
19.345989,56,54993.975578
33.166913,76,54994.434151
47.339448,143,54995.266789
51.274263,63,54995.632932
38.77313,70,54996.062865
30.028528,60,54996.407689
75.749536,222,54997.813011
50.823351,62,54998.167589
30.755182,46,54998.408724
93.480664,178,54999.418931
26.862001,72,54999.825572
78.049663,187,55000.947585
37.911429,63,55007.042544
137.481298,205,55008.318604
52.144155,53,55008.629225
7.157151,47,55008.894044
40.306005,56,55009.252624
79.856853,182,55010.421625
67.483416,67,55010.85456
34.105698,43,55011.152144
38.751451,42,55011.422523
51.669557,92,55011.970117
-2.294872,65,55012.376524
40.899283,67,55012.767422
7.949502,43,55013.020384
40.710587,85,55013.527911
220.41228,600,55017.076615
52.655966,76,55017.547296
114.649641,197,55018.676543
225.63659,286,55026.44308
75.780776,168,55027.43137
39.079586,49,55027.731555
36.283668,66,55028.166281
52.297507,58,55028.531475
4.11168,44,55028.809708
74.42869,600,55032.92455
106.300309,200,55034.254555
105.43682,173,55035.391363
67.306228,90,55035.951955
29.909095,78,55036.424614
113.481907,129,55037.152326
31.475501,51,55037.434736
42.312047,73,55037.868062
61.493751,113,55044.472007
44.403464,89,55044.993753
39.63163,42,55045.240651
119.151071,161,55046.154628
32.194579,68,55046.573315
519.396079,600,55050.333112
43.319621,132,55051.121969
21.382505,61,55051.456663
34.025772,98,55052.02004
136.335565,267,55053.570723
486.92278,600,55063.027252
85.701539,152,55063.934769
55.234062,112,55064.608923
47.689978,52,55064.923891
45.443334,47,55065.219235
60.431895,213,55066.53295
111.562937,139,55067.366694
151.955002,218,55068.578113
41.753104,54,55068.926455
179.775651,237,55070.466214
41.948804,93,55071.047497
489.612331,600,55075.011616
99.841922,127,55081.558254
39.564942,40,55081.821233
64.359962,152,55082.758016
86.827992,277,55084.458879
25.392098,45,55084.701853
52.480296,70,55085.098653
74.09137,201,55086.257631
293.080845,392,55088.628072
40.389444,75,55089.134991
47.184239,45,55089.443527
574.318841,600,55093.04693
92.047777,164,55100.0762
33.971667,104,55100.692787
41.441398,94,55101.271514
48.458839,64,55101.642641
429.838616,600,55105.138254
14.647771,80,55105.605527
36.593269,103,55106.208123
58.446443,600,55109.652677
177.281405,241,55111.07293
15.935041,130,55117.850014
14.897239,74,55118.312759
47.365951,134,55119.126766
32.215715,56,55119.463981
42.476468,43,55119.703917
45.012614,81,55120.165149
33.638743,37,55120.361044
37.132246,49,55120.644582
35.272462,172,55121.599668
85.090167,173,55122.540375
101.698318,130,55123.270483
74.927276,79,55123.695215
116.746677,144,55124.506753
498.609208,600,55128.226485
43.096238,57,55128.588846
10.093778,49,55128.919349
128.524501,175,55136.169238
53.917348,67,55136.613443
161.085286,385,55138.936274
55.145274,113,55139.648319
164.675583,257,55141.049247
53.836079,64,55141.420676
34.808579,92,55141.944949
77.734119,206,55143.126757
48.24641,49,55143.43224
54.104556,101,55144.018169
74.028047,177,55145.053361
9.786618,64,55145.435124
14.340114,600,55154.855948
56.649429,88,55155.376774
48.343868,45,55155.63971
222.621199,279,55157.377045
182.656301,248,55158.929888
22.42778,95,55159.49806
45.55501,45,55159.796558
39.418586,165,55160.722915
115.077744,171,55161.670979
32.918475,127,55162.408355
47.679395,81,55162.884438
86.863153,159,55163.870246
42.030263,51,55164.192904
6.682952,105,55164.788976
168.386995,278,55172.623783
41.981866,71,55173.128206
81.605436,145,55174.093096
45.378313,65,55174.505965
108.576244,161,55175.406454
33.318434,67,55175.793105
77.421383,158,55176.75221
4.819271,51,55177.059799
13.617528,60,55177.451838
20.309317,61,55177.857965
46.362895,62,55178.277396
128.473842,185,55179.419827
3.574581,59,55179.783199
45.728399,46,55180.045041
55.515186,75,55180.480909
83.392672,121,55181.201901
36.142755,46,55181.452457
35.544432,110,55182.085609
287.810186,332,55184.092573
73.072385,133,55190.819314
59.155994,111,55191.522533
40.61988,600,55195.145817
23.719268,67,55195.556034
51.781052,92,55196.086575
31.840119,40,55196.308124
578.506626,600,55199.867858
47.727349,115,55200.61374
37.872824,81,55201.121831
54.615035,80,55201.636082
180.729607,266,55209.485355
559.450321,600,55213.228317
44.127289,69,55213.703388
555.851468,600,55217.585177
39.616166,169,55218.57608
123.087107,174,55219.577635
94.267622,159,55220.511087
41.991049,67,55220.907097
44.906247,90,55221.409853
47.161186,52,55221.71803
196.647323,276,55229.558302
6.253189,51,55229.840176
57.220645,161,55230.846174
94.936136,274,55232.469088
42.426257,70,55232.890401
37.447327,86,55233.379591
-8.56556,45,55233.644369
113.687173,167,55234.579716
84.334516,100,55235.138184
40.990527,148,55236.023803
60.150542,71,55236.447922
27.002264,53,55236.782308
140.724383,307,55238.671493
43.283071,68,55239.179138
47.883373,127,55240.094326
39.715568,115,55247.138267
43.266529,61,55247.529732
40.220916,54,55247.862539
36.916758,62,55248.253253
158.913707,600,55251.967779
570.836355,600,55255.830265
33.020981,74,55256.26404
528.840107,600,55265.840181
57.019351,153,55266.735287
57.596084,84,55267.244068
22.867693,83,55267.728885
134.444953,178,55268.862091
40.217941,44,55269.13088
305.60039,365,55271.232046
453.292698,600,55274.723343
195.040004,273,55276.317266
40.890068,54,55276.62398
42.351359,48,55276.910671
41.208052,114,55283.517204
246.065566,384,55286.01357
1.463214,56,55286.358
34.18569,195,55287.612412
60.477787,169,55288.628113
37.015171,73,55289.052619
4.177162,127,55289.808963
20.28629,600,55293.511247
43.037104,57,55293.868361
43.955086,46,55294.202019
25.218802,77,55294.708456
48.336238,55,55295.062214
153.511519,255,55302.516443
11.55963,125,55303.220288
133.755042,264,55304.765742
40.408214,71,55305.182371
41.853742,62,55305.550511
48.014789,76,55305.996223
571.887597,600,55309.421299
6.995348,166,55310.434911
127.745112,138,55311.338325
36.706933,38,55311.583234
20.337484,58,55311.969546
21.509824,83,55312.531572
3.767206,44,55312.811392
48.476206,52,55313.141407
42.918372,44,55313.400994
10.266149,122,55314.119387
31.319927,50,55314.450053
-24.945637,60,55320.835453
-4.558967,43,55321.078446
0.167563,53,55321.377112
54.793501,92,55321.934603
31.446967,107,55322.612756
574.375769,600,55326.308007
54.656656,81,55326.829949
150.140294,213,55328.188149
91.652048,171,55329.206457
40.599271,56,55329.532542
293.536267,340,55331.64453
38.583884,60,55332.039378
43.259756,63,55332.449961
62.442033,600,55342.319243
60.265258,113,55342.976857
42.654775,143,55343.79849
28.675804,44,55344.046983
5.326568,141,55344.8493
39.403755,61,55345.20055
36.553942,41,55345.449981
535.279559,600,55349.049754
10.452214,199,55350.253393
61.455035,165,55351.232855
54.208509,59,55357.716714
12.108009,72,55358.13291
42.024078,153,55359.18383
42.131584,58,55359.533996
43.200797,82,55360.059776
19.417972,55,55360.445858
503.034877,600,55363.817068
138.38949,208,55365.059793
-0.217054,53,55365.401313
166.319244,222,55366.724088
42.181145,83,55367.208576
9.363108,48,55367.497943
18.429324,600,55377.465612
46.814868,75,55377.944976
110.90557,185,55379.109894
105.320535,206,55380.361338
47.728636,80,55380.897046
34.329203,52,55381.267272
66.17902,93,55381.870857
86.335166,600,55385.513466
44.633663,63,55385.876962
104.041806,152,55386.797137
48.212479,62,55387.178558
41.823728,66,55387.566832
25.884474,55,55387.915755
24.840455,55,55388.272732
37.308049,55,55388.592076
155.520431,205,55395.603711
43.548902,61,55395.989685
67.539407,134,55396.794616
11.832591,52,55397.119605
48.298491,53,55397.439427
40.263112,39,55397.66486
62.459253,170,55398.712502
50.024224,76,55399.139475
38.073371,47,55399.408682
39.350248,41,55399.641861
52.662382,77,55400.08574
246.460183,305,55402.046718
124.319428,202,55403.342189
154.121373,245,55404.815712
30.057409,78,55405.304781
55.149427,67,55405.66362
37.206519,76,55406.100242
44.629916,44,55406.359022
528.27902,600,55415.852526
-8.882775,44,55416.131365
99.382151,191,55417.328305
44.39396,74,55417.755325
36.955346,61,55418.13944
243.380667,600,55422.117796
0.118192,59,55422.45861
210.628221,318,55424.371637
44.488042,45,55424.643753
40.524238,64,55425.050832
60.035102,105,55425.718581
28.810683,131,55432.854118
42.775908,55,55433.227347
8.737028,100,55433.895303
44.193851,54,55434.186534
6.851886,57,55434.505554
60.885662,54,55434.836349
80.832929,147,55435.715134
116.078438,187,55436.847903
108.34473,600,55440.492555
55.549968,91,55441.009328
155.814306,600,55450.578604
404.149367,475,55453.376564
11.458586,43,55453.625463
146.440363,192,55454.791652
122.761407,214,55456.014276
259.404845,600,55459.736473
95.152473,147,55460.613895
104.573252,192,55461.764751
-9.022222,45,55462.041117
35.138786,63,55462.47101
480.664027,579,55472.441272
9.238097,78,55472.899712
247.677837,341,55474.859075
41.462096,52,55475.175735
124.480912,178,55476.228668
207.077046,261,55477.730646
77.419482,203,55478.876534
137.020423,251,55480.366372
60.731923,74,55480.796229
50.143972,108,55487.237758
546.852893,600,55490.992658
35.533339,94,55491.543123
153.07606,250,55493.010625
35.760106,73,55493.484982
26.438949,151,55494.454467
-1.776199,43,55494.746896
54.420978,164,55495.869784
58.799271,106,55496.667052
118.55736,188,55498.024064
18.571191,46,55498.360024
246.645244,385,55507.077288
106.171066,140,55507.879433
469.027664,600,55511.453237
120.79791,317,55513.262672
13.431052,53,55513.592434
42.31997,84,55514.143247
104.990091,600,55517.954126
85.021058,133,55518.767596
119.107494,141,55525.611101
34.592706,103,55526.213816
45.182117,87,55526.733012
8.247248,96,55527.332702
31.939811,66,55527.714945
552.342169,600,55531.440349
45.398626,94,55532.005081
152.344813,225,55533.357958
40.19166,69,55533.797979
39.993157,60,55534.137376
19.351686,75,55534.594682
94.81414,600,55544.570779
11.335117,600,55548.174439
47.878687,600,55552.094131
137.436293,187,55553.400327
6.199765,51,55553.74875
101.694024,171,55554.890841
185.010212,279,55556.533134
94.380292,199,55564.045587
100.594345,211,55565.366153
45.996829,40,55565.635164
31.624424,39,55565.88803
83.005062,135,55566.684569
60.822346,74,55567.115823
24.856693,52,55567.425754
72.203663,122,55568.143523
47.590203,60,55568.489286
22.415408,124,55569.234735
73.543807,103,55569.8727
52.788235,67,55570.300416
40.511265,132,55571.109413
42.768506,115,55571.810049
563.767597,600,55575.77647
132.859949,180,55583.067107
29.282967,100,55583.725463
92.030871,223,55585.142161
37.581714,88,55585.643459
45.03751,89,55586.157557
564.530652,600,55589.757936
192.705966,228,55591.058075
17.624696,78,55591.506009
26.208921,51,55591.81206
248.386309,303,55593.530319
10.149182,51,55593.86623
370.47301,430,55602.730854
30.653826,60,55603.082552
87.12055,141,55603.931519
108.790235,138,55604.771003
433.810831,600,55608.321932
38.009803,59,55608.658007
100.276543,138,55609.427289
140.012441,185,55610.537496
47.074539,59,55610.898307
113.028627,600,55620.90821
-5.214304,45,55621.198285
41.504558,47,55621.541398
36.694579,148,55622.522782
57.398835,75,55623.03722
8.266222,66,55623.48262
533.997717,600,55627.163708
42.304269,46,55627.460063
487.519741,600,55631.244215
580.750063,600,55640.874113
58.537632,151,55641.730806
53.645064,600,55645.796884
84.152689,168,55647.044364
41.710662,63,55647.410631
29.289973,84,55647.937441
43.252601,57,55648.27231
7.011209,46,55648.585671
153.293136,191,55649.741397
76.664403,207,55651.012673
62.727657,600,55660.792659
1.015495,55,55661.117207
78.62603,110,55661.745222
49.635024,55,55662.057306
45.949962,600,55665.854176
85.487282,164,55666.941228
65.799952,71,55667.370614
6.756865,48,55667.658566
51.945403,68,55668.050035
531.874857,600,55677.64552
35.8632,88,55678.178973
55.222089,75,55678.60972
34.792918,74,55679.03202
41.591651,51,55679.327939
42.674456,61,55679.655675
25.122138,100,55680.296022
49.742757,62,55680.650201
38.610605,79,55681.135655
40.982248,56,55681.495923
33.14469,59,55681.884724
39.089627,47,55682.163761
24.836166,43,55682.443961
11.431972,139,55683.329715
44.776731,61,55683.699348
50.889878,45,55683.978286
42.914772,49,55684.302123
41.558689,46,55684.588205
58.465153,68,55684.980199
28.966039,134,55685.794131
69.951343,114,55686.524935
35.535912,94,55687.058338
26.975402,124,55687.795086
128.780005,148,55694.731176
155.635727,199,55695.916905
85.34029,109,55696.526074
83.022674,129,55697.268342
40.321622,62,55697.620868
58.582403,77,55698.049139
6.020766,55,55698.373733
42.354205,53,55698.711314
73.028449,92,55699.248741
69.477547,144,55700.098082
159.247933,220,55701.381459
34.24833,67,55701.850851
122.233874,175,55702.946113
54.05953,75,55703.437594
19.320731,109,55704.080146
26.271625,47,55704.355795
95.702648,202,55705.590167
42.860173,68,55706.086756
557.487396,600,55715.803811
32.263264,58,55716.137774
136.645546,227,55717.497673
44.62924,44,55717.773686
99.691784,129,55718.6394
46.330485,81,55719.186922
37.026396,87,55719.703408
37.809289,45,55719.969237
31.083943,40,55720.211852
285.482493,407,55722.574605
60.004389,165,55723.480749
45.896307,50,55723.775627
45.956628,45,55724.101782
76.694505,110,55724.916625
42.370826,64,55731.575066
62.622198,54,55731.979737
28.164768,54,55732.39308
288.792093,355,55734.607034
555.562835,600,55738.311435
82.760322,600,55741.780414
37.110314,77,55742.218476
556.657711,600,55751.729723
161.25215,167,55752.632213
49.853824,50,55752.920691
110.290259,205,55754.166061
33.689977,121,55754.938829
117.029296,190,55756.096358
299.266268,406,55758.273587
54.089111,92,55758.775141
70.183532,189,55759.800742
47.411122,47,55760.055512
52.389097,600,55769.57408
46.942782,72,55769.955575
63.147529,91,55770.414932
35.690818,71,55770.853732
27.498166,56,55771.204411
43.748988,50,55771.534634
132.371791,600,55775.439436
46.217671,61,55775.797766
139.372463,327,55777.583546
41.498414,39,55777.794776
36.434847,57,55778.112963
57.81441,73,55778.524202
5.32346,94,55779.009149
110.466076,148,55785.753306
17.894612,132,55786.540432
39.987481,72,55786.986261
50.613009,57,55787.344897
2.574258,44,55787.620152
-5.886033,76,55788.079117
61.504139,68,55788.494336
103.330925,175,55789.576674
57.874025,51,55789.844924
0.912351,59,55790.207422
3.702042,48,55790.459042
33.339188,76,55790.893095
17.261985,600,55794.295263
67.036653,156,55795.160752
82.322176,131,55795.926812
43.268098,70,55796.327069
24.999686,64,55796.734306
26.189433,71,55797.203581
-4.059104,69,55797.604674
85.178747,600,55806.912829
49.986328,63,55807.302269
57.641474,600,55810.834252
53.739422,81,55811.351174
111.924336,158,55812.389591
70.515565,210,55813.579192
56.788907,67,55813.963543
23.366364,72,55814.374972
123.40171,162,55815.336404
12.888232,45,55815.612827
102.122611,140,55822.540477
564.553255,600,55826.270049
508.322784,600,55829.541977
51.089165,148,55830.381248
234.210077,332,55832.266065
57.223969,113,55832.882905
40.421862,49,55833.160712
532.37924,600,55842.411588
33.262927,42,55842.657951
99.316379,189,55843.661429
40.12649,68,55844.041776
115.22645,158,55844.885238
52.958885,68,55845.250872
37.410443,69,55845.624942
40.918461,62,55845.990084
145.869535,218,55847.150262
71.788288,168,55848.175114
42.78602,42,55848.455332
38.951886,74,55848.917799
58.014697,157,55850.022085
36.894495,122,55850.758528
29.342014,53,55851.084459
33.142759,85,55857.676271
-4.694712,58,55858.042908
10.33813,44,55858.320099
38.369652,56,55858.652431
149.567488,251,55860.14452
29.926239,61,55860.511363
42.098751,62,55860.904792
50.486184,97,55861.490717
70.856023,165,55862.59073
50.153078,61,55862.9647
18.624516,96,55863.552984
38.939974,53,55863.916962
40.343207,61,55864.311683
-14.532141,361,55866.360625
107.401385,172,55867.273118
16.500922,600,55876.472165
125.617324,144,55877.25034
113.546258,147,55878.098827
-11.841531,42,55878.351388
43.778238,54,55878.668616
60.128625,165,55879.748626
162.962329,200,55881.03759
117.185074,172,55882.087365
118.538125,166,55883.071784
36.250008,98,55883.645742
29.744344,47,55883.927624
71.98938,112,55884.58652
22.024459,44,55884.833549
6.170911,443,55887.303703
38.323532,45,55893.756103
29.526205,57,55894.050786
25.617488,87,55894.522531
31.777064,72,55894.923259
37.860263,152,55895.728003
43.069477,45,55895.999906
46.19029,59,55896.343903
32.955267,63,55896.665932
115.783602,165,55897.541742
525.111536,600,55900.733263
40.532654,40,55900.973611
262.118455,317,55902.791466
23.234867,47,55903.053228
14.714989,93,55903.544437
-6.950375,54,55903.82742
39.007864,58,55904.181327
46.036197,70,55904.650621
104.778471,170,55911.547227
40.908349,69,55911.969275
33.841157,600,55915.436636
127.101507,178,55916.389016
114.44986,130,55917.089054
91.19635,126,55917.75848
30.572253,64,55918.121172
46.471427,150,55918.903919
35.873028,46,55919.155938
90.065464,98,55919.682445
358.046022,414,55921.989091
37.385998,49,55928.451226
23.955092,61,55928.875615
59.254173,98,55929.592291
574.240539,600,55933.540404
102.725496,143,55934.416048
42.491064,55,55934.713387
76.606344,109,55935.339437
34.38326,58,55935.644633
80.128119,600,55939.060239
-2.694977,52,55939.382104
77.526237,171,55940.536044
60.431987,187,55947.793604
525.758865,600,55951.133616
47.21484,112,55951.754606
315.596308,407,55954.201485
46.46676,92,55954.774458
44.513774,41,55955.028166
26.137557,59,55955.400563
126.670147,203,55956.675971
133.022712,196,55957.884366
155.467028,290,55965.565407
104.002809,127,55966.262937
17.949667,72,55966.647888
42.166698,51,55966.94382
21.470106,82,55967.388837
19.193553,75,55967.77359
45.616057,46,55968.016577
33.184408,71,55968.393569
18.853811,600,55971.808001
114.341655,185,55972.761818
82.463183,134,55973.47309
68.214039,98,55974.016096
60.781497,65,55974.396654
-1.405146,600,55984.143416
154.624646,600,55987.971636
10.578055,62,55988.373141
49.992562,64,55988.761127
8.449099,63,55989.080492
44.051773,47,55989.326098
40.276121,76,55989.732133
13.327744,43,55989.981185
98.829582,155,55990.961247
60.714148,600,55994.553242
20.272615,48,55994.825094
129.412287,161,56001.755163
106.812262,121,56002.396398
486.957787,600,56005.636759
46.115387,48,56005.954824
31.053354,80,56006.458326
43.013129,43,56006.715158
83.40994,128,56007.516488
473.361238,600,56010.78635
48.237903,65,56011.159602
36.201619,600,56020.536769
68.071832,132,56021.282596
158.39296,223,56022.633805
200.371372,198,56023.895626
55.196531,74,56024.379156
34.67286,40,56024.589812
47.913359,59,56024.892957
197.220441,254,56026.265198
39.225646,44,56026.487862
157.728698,218,56027.669829
34.903643,42,56027.883328
-3.53165,62,56028.193764
41.753074,55,56028.476211
13.84091,59,56028.816881
42.753256,77,56029.248876
23.419544,83,56029.745204
120.050631,155,56036.854828
19.192599,65,56037.253688
529.495337,600,56040.607877
62.40089,88,56041.103629
177.481627,226,56042.379483
138.397561,184,56043.456081
98.072943,183,56044.552675
40.437852,83,56045.005027
37.990559,107,56045.577832
-7.722259,67,56045.977063
120.011911,166,56046.935339
38.638002,59,56047.307441
132.956561,161,56048.260328
23.87827,78,56054.936219
204.702413,276,56056.505107
74.848503,73,56056.947184
70.697277,134,56057.77299
36.326904,66,56058.193249
41.931925,95,56058.71281
21.64906,56,56059.044963
21.035121,52,56059.325452
116.340142,212,56060.544127
36.873499,42,56060.786658
16.233483,58,56061.104847
31.625325,600,56064.434259
110.83593,226,56065.785239
46.109796,61,56066.139685
258.971872,288,56073.943134
30.395334,60,56074.27675
37.760785,51,56074.552813
109.078955,153,56075.370152
32.732149,96,56075.877784
162.942182,238,56077.215511
92.11854,600,56080.824298
47.931535,92,56081.355134
77.402187,133,56082.076277
61.446049,124,56082.78623
84.625797,600,56092.250901
41.301217,57,56092.651766
482.77718,583,56096.169478
106.988949,194,56097.197429
26.478566,51,56097.503001
71.693156,186,56098.624046
45.742891,70,56099.017054
-5.13958,53,56099.341024
39.845865,45,56099.612152
15.189247,53,56099.930689
35.242099,41,56100.163555
41.603294,48,56100.445276
300.697685,362,56108.446145
151.078786,233,56109.890062
199.561659,279,56111.386835
65.623498,90,56111.880845
36.458756,46,56112.168576
40.94084,54,56112.504277
306.518244,359,56114.637922
110.505995,162,56115.593436
39.632668,51,56115.912112
39.123611,91,56116.414716
38.381888,64,56116.78748
41.26708,51,56117.080204
112.128592,180,56118.147347
27.677726,130,56118.970713
41.378961,170,56120.101366
81.153319,226,56127.482277
134.033177,154,56128.406506
46.97001,55,56128.726396
78.424381,148,56129.567206
37.325372,70,56129.959655
65.928245,76,56130.346438
330.183732,440,56132.837813
146.30193,181,56133.873348
88.850075,119,56134.507525
33.992325,41,56134.730997
82.647377,137,56135.502349
28.725011,41,56135.757849
94.739014,183,56136.946338
49.426795,104,56137.646004
35.251338,73,56138.15387
48.892031,74,56144.832392
91.031582,193,56145.959174
114.255179,174,56146.924294
88.734515,165,56147.895285
491.148693,600,56151.290897
45.812004,51,56151.599679
-8.295798,54,56151.9072
70.141902,156,56152.795083
-6.866391,55,56153.149833
-4.036702,44,56153.397986
286.03119,600,56163.006258
29.095261,78,56163.431421
410.297619,516,56166.242864
69.672798,75,56166.660473
40.645475,59,56167.022853
524.94511,600,56170.292056
577.358573,600,56173.732927
69.675544,132,56180.663349
99.919853,149,56181.518348
123.927263,157,56182.367847
138.282204,600,56185.628789
112.986629,182,56186.574086
46.385511,81,56187.034324
45.895275,127,56187.70632
114.158773,170,56188.676224
84.718044,136,56189.458925
40.352973,64,56189.861513
135.248632,309,56197.58558
36.852085,154,56198.516582
207.399551,242,56199.939758
8.241818,102,56200.49859
473.966881,600,56203.875596
37.885584,54,56204.1673
88.118836,118,56204.786886
551.421343,600,56208.431029
78.667995,169,56215.574638
475.107863,600,56218.951993
139.327289,230,56220.298847
113.46167,173,56221.367261
34.425327,106,56221.9712
118.21091,199,56223.182088
41.277147,38,56223.413862
20.3258,53,56223.743196
37.330619,55,56224.06266
10.281815,79,56224.558787
234.310169,340,56226.471173
7.024254,43,56226.733286
23.276135,92,56227.240561
30.998756,67,56233.494523
8.138881,52,56233.787642
45.236266,53,56234.060756
58.972572,61,56234.382129
97.513501,120,56235.078868
-1.303944,77,56235.514195
41.318173,83,56235.967007
45.021567,66,56236.343348
75.047454,135,56237.158654
0.927643,44,56237.415701
5.041393,55,56237.772875
14.30203,600,56241.424568
45.846452,51,56241.740157
138.509838,209,56243.058204
36.30216,55,56243.383106
43.741257,46,56243.683571
38.315567,40,56243.895656
67.322978,183,56244.963202
118.318018,600,56254.828971
133.647026,157,56255.754907
13.578597,65,56256.099497
49.951955,63,56256.438138
8.353401,47,56256.693005
37.946037,42,56256.921741
107.75065,600,56260.628219
139.898372,179,56261.773968
53.953484,124,56262.514865
155.912601,226,56263.937189
97.365738,150,56270.769806
13.514995,91,56271.365171
37.287316,96,56271.942948
126.845636,160,56272.818292
7.067305,44,56273.079252
37.438075,61,56273.402393
268.198081,309,56275.05051
-1.713817,65,56275.395333
124.933623,157,56276.226703
27.206586,60,56276.558325
39.273646,54,56276.8303
36.041936,77,56277.229591
65.592644,139,56277.95566
30.454287,46,56278.2141
5.672957,65,56278.588045
44.050323,64,56278.935564
38.644554,61,56279.253439
41.126203,51,56279.538659
84.529487,101,56280.085691
121.479979,151,56280.913773
34.464837,59,56281.215307
15.101823,67,56287.449471
18.73053,51,56287.728543
43.171488,57,56288.040689
-8.295247,42,56288.278466
48.155357,93,56288.845452
225.999274,600,56292.404881
31.256094,91,56292.885542
37.184238,58,56293.222314
17.01844,70,56293.646895
49.368013,128,56294.470597
68.57097,77,56294.952377
76.032321,116,56295.671071
36.629696,49,56295.99981
37.823745,61,56296.403119
1.02045,67,56296.795367
149.306181,600,56306.394403
67.878854,600,56310.271158
51.970625,67,56310.700492
69.905986,204,56311.961211
17.500382,82,56312.518255
-4.061234,46,56312.856146
79.522947,139,56313.702587
45.27769,73,56314.080834
52.857677,62,56314.396612
32.986757,54,56314.712336
54.848423,48,56314.978423
82.613423,94,56315.478273
504.377555,600,56325.002805
88.421362,121,56325.707224
46.70777,56,56326.044661
33.142578,82,56326.531865
62.030459,74,56326.982854
42.572093,109,56327.612722
54.790359,61,56327.977565
55.325501,61,56328.341243
37.62473,67,56328.774255
1.603829,112,56329.44824
43.831206,41,56329.707629
36.170762,95,56330.211408
26.342675,134,56330.902467
299.723155,376,56332.993467
43.240292,44,56333.246009
42.624823,70,56333.66171
39.022375,46,56333.913084
34.980524,61,56334.245604
161.749222,600,56343.822687
132.849452,170,56344.755837
26.847978,51,56345.02183
69.558333,86,56345.531949
90.696749,153,56346.38751
289.401131,412,56348.894341
110.51108,130,56349.695153
91.099651,164,56350.715854
103.033404,600,56360.194993
41.180917,43,56360.456067
36.991875,50,56360.735603
21.503458,118,56361.393677
76.841682,123,56362.051474
-6.368074,44,56362.300751
13.613618,71,56362.667187
17.931479,50,56362.913295
38.050019,44,56363.144091
59.464252,211,56364.29846
46.441744,112,56364.929685
141.934064,164,56365.810632
39.712569,64,56366.171633
42.213227,54,56366.490901
68.345382,66,56366.838746
-8.893765,41,56367.065593
355.532634,434,56369.46347
109.542034,600,56379.166718
29.978359,102,56379.85363
121.466416,172,56380.879881
36.336572,52,56381.196521
44.309369,46,56381.426493
251.332271,343,56383.1754
34.714271,40,56383.403515
43.15851,80,56383.851672
-2.138148,41,56384.084428
145.016217,191,56385.114536
65.191808,99,56385.660861
-12.679095,58,56385.983069
30.287509,46,56386.250429
67.153351,165,56387.227386
42.885715,52,56387.560066
25.273989,170,56388.600907
196.854672,250,56396.066114
141.035547,600,56399.543335
16.343239,39,56399.775445
45.420688,123,56400.620015
61.669223,82,56401.118198
159.145367,192,56402.253122
76.029961,150,56403.098662
146.133024,183,56404.060325
51.860247,61,56404.373988
22.621067,136,56405.095201
44.532866,40,56405.308609
7.402474,63,56405.639895
194.27255,250,56412.988414
41.135018,93,56413.549166
78.928374,170,56414.555716
29.520084,119,56415.211254
79.595155,177,56416.20019
8.439421,86,56416.687109
34.453599,58,56417.003626
41.366247,61,56417.374855
36.557441,600,56420.980028
22.883591,57,56421.278256
40.381272,600,56430.784546
153.534341,199,56431.869234
48.767407,45,56432.127261
91.647791,182,56433.173895
33.83777,54,56433.464197
18.946143,67,56433.853194
107.84528,150,56434.716881
440.064425,600,56438.273225
45.258205,47,56438.523952
40.614474,59,56438.84637
-1.533947,63,56439.18689
434.995401,600,56448.738325
34.28521,62,56449.102216
541.309183,600,56452.733088
114.421929,151,56453.688016
495.94983,600,56457.318834
38.027616,76,56457.776852
33.619583,600,56466.915727
39.941337,65,56467.281192
101.678883,135,56468.037655
94.516618,147,56468.86377
128.113089,167,56469.735952
480.024828,600,56473.358814
-5.48537,89,56473.875023
41.94321,50,56474.167053
42.210929,48,56474.438895
37.968569,65,56474.781679
51.970426,119,56475.427933
54.009071,135,56476.194505
220.220643,308,56477.912318
-2.377026,44,56478.196832
80.42091,165,56485.224686
9.315202,47,56485.490392
46.848802,51,56485.7723
560.016788,600,56489.185839
369.705702,486,56491.984529
488.189217,600,56495.285851
126.563125,166,56502.314359
14.026519,74,56502.72094
30.79938,83,56503.15936
82.661985,216,56504.332598
50.652269,84,56504.769957
29.129408,51,56505.069087
159.13348,600,56509.029003
40.231539,90,56509.602005
37.745817,65,56510.013527
66.594951,105,56510.608423
102.074193,151,56511.458431
85.539416,149,56512.361539
9.810839,58,56512.688881
61.764967,77,56513.137006
45.500727,93,56513.672179
433.823356,600,56523.354453
44.654612,54,56523.687779
55.273546,155,56524.571128
41.214211,50,56524.841932
27.238569,74,56525.289406
147.535334,225,56526.67055
43.180219,600,56530.072126
63.93005,156,56530.918078
49.676652,68,56531.298547
18.484119,66,56531.676589
37.03404,56,56531.99893
34.424032,56,56538.244796
-2.003827,55,56538.588878
568.417262,600,56541.888444
391.591021,442,56544.397854
32.361821,55,56544.711762
-10.324472,43,56544.956934
186.552319,243,56546.236418
51.186883,63,56546.57779
9.008892,50,56546.86468
65.304884,136,56547.593314
9.512111,45,56547.856389
-0.477682,41,56548.076724
82.635823,117,56548.696232
179.471077,271,56556.065917
568.374635,600,56559.316437
42.733926,106,56559.859782
9.116453,62,56560.232356
459.838885,600,56563.614045
48.175899,49,56563.874748
90.181419,124,56564.539638
33.189847,61,56564.892487
31.227118,160,56565.909285
44.90699,64,56566.33567
40.730345,85,56566.879566
37.456385,66,56572.975531
32.660673,86,56573.501395
117.009185,185,56574.589898
28.731311,89,56575.138275
73.828219,600,56578.60499
28.611415,39,56578.843404
4.208816,85,56579.30469
35.658461,55,56579.594103
86.788697,139,56580.333119
539.967921,600,56583.873499
63.103489,76,56584.323771
38.168374,55,56590.542799
41.596791,48,56590.818987
18.963739,65,56591.181607
28.487657,65,56591.553755
33.891744,57,56591.891305
190.2237,230,56593.192346
23.416187,69,56593.577197
35.704862,57,56593.914664
39.169823,56,56594.218625
29.717814,123,56594.970937
61.35979,90,56595.513372
46.756375,69,56595.966538
162.011017,264,56597.487958
39.212499,600,56600.869436
25.342333,42,56601.111641
42.742307,143,56601.849025
334.126609,600,56611.248298
7.559579,79,56611.710768
-3.276876,125,56612.473693
78.832359,142,56613.426385
37.768,66,56613.813112
143.541915,188,56614.960805
46.615158,55,56615.237263
145.184966,279,56616.900353
77.068143,137,56617.7517
41.230937,90,56618.306636
93.237667,170,56619.215258
42.564944,44,56619.437107
84.799252,131,56626.289949
38.929009,74,56626.713305
31.121158,57,56627.027681
34.250806,42,56627.264563
35.254535,147,56628.122536
-0.823158,40,56628.358152
499.612854,600,56631.767354
53.677515,317,56633.585733
28.482654,47,56633.891442
8.264673,54,56634.232263
79.017797,86,56634.754356
17.217292,156,56635.61956
141.178645,168,56636.588277
532.280407,600,56645.99569
28.879474,89,56646.528245
4.322783,51,56646.832609
42.893569,63,56647.217374
22.920699,69,56647.683253
9.265401,41,56647.946142
132.987766,600,56651.631735
48.550202,43,56651.872656
28.99199,75,56652.294511
347.253963,435,56654.699032
153.415942,192,56655.807797
38.390941,69,56662.05292
19.028656,109,56662.853535
59.872098,117,56663.67877
428.101119,518,56666.738047
-0.659235,67,56667.124503
46.011632,53,56667.383731
10.829304,600,56670.720792
35.833738,50,56671.002565
546.521712,600,56680.578728
405.390841,600,56683.961964
2.928271,48,56684.232411
137.179183,211,56685.412442
8.981131,79,56685.894263
36.02543,55,56686.187881
34.934763,95,56686.691361
49.522641,57,56687.015924
189.321632,271,56688.585301
40.702525,53,56688.881929
31.95822,75,56689.293056
123.125538,191,56690.327914
53.039748,67,56690.723779
43.552589,40,56690.946898
37.595838,54,56691.2738
534.503182,600,56700.737016
65.288788,87,56701.283773
42.663389,63,56701.661475
28.74621,46,56701.901331
468.326978,600,56705.340542
37.500725,50,56705.647148
113.021989,161,56706.638927
28.796291,45,56706.920136
49.472692,140,56707.73899
101.828743,126,56708.529438
168.22787,223,56716.178782
25.091491,70,56716.601682
33.904191,58,56717.00775
544.577428,600,56720.783038
39.797879,37,56720.987018
30.496585,50,56721.261864
8.43806,46,56721.505182
48.905888,66,56721.825162
80.51464,113,56722.468422
33.602686,56,56722.792636
62.829548,106,56723.378256
34.717642,65,56723.730303
105.631896,154,56724.565577
46.020732,78,56724.973767
35.666367,48,56725.216801
31.1209,44,56725.445374
37.143047,49,56725.711105
43.249532,81,56726.143008
8.000595,41,56726.391796
-3.50719,55,56726.685233
7.890561,49,56726.937051
34.724246,70,56727.314575
41.924353,36,56727.524931
78.76113,194,56734.695914
61.410991,59,56735.083486
37.256654,47,56735.365462
56.056644,600,56739.040211
560.473644,600,56742.409561
42.211963,93,56742.945762
564.766444,600,56752.062608
44.353242,41,56752.285951
97.821559,173,56753.247585
42.263897,55,56753.548018
33.110016,43,56753.804069
44.225163,39,56754.029003
137.466317,176,56754.983661
41.203844,42,56755.206988
34.634755,53,56755.484874
113.679747,181,56756.471138
-3.436175,44,56756.694642
39.838475,141,56757.47641
59.70942,123,56758.136262
-4.905923,44,56758.373632
24.497541,83,56758.856381
30.839331,39,56759.100252
26.07547,58,56759.456907
45.947576,53,56759.780003
54.693626,90,56760.288532
43.558866,73,56760.710769
50.360006,57,56761.074027
47.643042,63,56761.488808
81.49673,180,56762.493648
35.369527,59,56762.859344
105.827643,181,56769.797709
47.855707,70,56770.237519
104.420404,176,56771.135139
20.982869,61,56771.500279
42.430728,99,56772.086143
91.322302,119,56772.856931
48.622101,77,56773.340859
543.520474,600,56776.675488
38.039571,52,56776.956161
39.987378,67,56777.355466
37.211624,43,56777.612835
104.218923,600,56787.395191
-4.138342,43,56787.640916
146.354059,196,56788.707682
40.161228,118,56789.428091
373.528527,421,56792.068936
245.955086,295,56793.681033
6.772562,39,56793.898924
47.293581,61,56794.229262
121.749639,146,56795.07662
53.031762,68,56795.444783
560.822263,600,56798.739063
65.546107,130,56805.341952
215.37447,228,56806.820642
90.004733,129,56807.613027
103.198343,128,56808.291756
12.13686,48,56808.542584
46.47363,138,56809.267219
128.201337,237,56810.673615
162.324353,212,56811.822921
48.494079,65,56812.214383
32.96544,37,56812.408842
36.351469,59,56812.695113
89.722938,146,56813.560831
-11.20806,52,56813.883673
130.652996,155,56814.769658
40.791522,64,56815.133796
45.881536,66,56815.535909
53.552098,118,56816.232868
34.274729,37,56816.445422
46.729357,78,56822.811887
200.144252,283,56824.450063
435.174126,600,56828.518558
41.973342,46,56828.823324
42.568207,61,56829.210012
510.726681,600,56832.675684
34.22336,54,56832.971335
506.998419,600,56842.130956
150.648959,188,56843.074659
29.797946,69,56843.506458
34.229785,67,56843.928936
51.723541,69,56844.342471
6.466885,59,56844.689497
0.955641,86,56845.218781
41.111541,78,56845.683306
161.615742,600,56849.022071
16.47736,66,56849.385852
41.617929,39,56849.591346
26.317535,44,56849.819029
77.524261,146,56850.615219
44.70625,73,56851.004302
33.72519,97,56851.52955
446.833408,600,56861.232412
36.064204,64,56861.61879
75.488654,100,56862.186324
45.370966,57,56862.466631
86.68826,117,56863.049119
118.966932,600,56866.533962
173.818574,220,56867.739392
29.596538,119,56868.449748
14.128819,46,56868.751716
87.628128,157,56869.716489
27.871142,39,56869.974646
11.119805,63,56876.422323
275.526893,369,56878.627817
186.348039,219,56879.825049
81.381992,181,56880.756045
41.935608,52,56881.059567
31.535452,117,56881.734452
57.563395,80,56882.209467
4.382211,46,56882.508166
-10.196148,51,56882.837595
47.587317,71,56883.248216
38.817064,99,56883.893149
42.729649,114,56884.616366
146.418505,215,56885.906819
55.297292,84,56886.352535
-6.667247,40,56886.550952
45.332645,42,56886.776004
90.005194,130,56887.447239
12.296747,169,56894.417299
188.031669,233,56895.776815
46.917407,168,56896.75027
57.70076,84,56897.302622
36.257567,68,56897.701684
100.140162,170,56898.702832
136.575834,195,56899.833478
37.324179,50,56900.126515
35.97554,54,56900.41593
37.91711,52,56900.695131
3.529943,49,56900.978631
114.180862,153,56901.854075
47.973305,53,56902.14362
68.506026,130,56902.816669
58.710722,600,56912.484667
83.228389,137,56913.343663
44.190503,52,56913.654168
40.684837,60,56914.014059
2.067928,99,56914.544943
28.021225,50,56914.832348
6.250084,78,56915.289386
34.386774,73,56915.735827
37.496747,69,56916.131724
24.9253,54,56916.431464
30.737384,49,56916.708195
31.200489,96,56917.256728
27.495343,71,56917.701466
94.553185,161,56918.632512
342.631367,600,56921.894908
136.425528,198,56923.084579
2.057027,115,56923.824121
2.994172,600,56933.424606
64.358208,145,56934.267325
145.089406,196,56935.478644
115.411759,146,56936.358137
4.936506,40,56936.586123
171.570188,236,56938.054006
29.45937,42,56938.281624
445.001198,600,56941.737995
17.229237,77,56948.179248
124.274123,239,56949.704937
-7.075885,42,56949.967537
-5.909531,47,56950.240912
29.490481,77,56950.662359
11.72544,600,56954.331494
108.978161,137,56955.16238
77.296198,124,56955.925998
233.224717,357,56957.942306
38.429201,600,56967.685626
35.656609,100,56968.280902
31.491378,43,56968.527044
45.755573,54,56968.829449
37.902518,145,56969.589223
48.819479,52,56969.872774
149.767428,179,56970.832298
39.293824,50,56971.089523
95.100731,162,56971.976355
111.597557,183,56973.019802
168.344605,449,56975.563179
21.952456,600,56984.950683
47.351845,62,56985.32052
44.989695,66,56985.67798
28.711664,66,56986.082286
-1.40403,74,56986.518814
43.715658,39,56986.768238
51.866876,78,56987.236563
254.671114,600,56990.980666
16.891363,90,56991.463411
-0.772179,48,56991.751216
39.965995,61,56992.10146
19.753662,90,56992.585323
-8.910077,42,56992.821792
30.024428,76,56993.278124
31.624399,40,56993.507636
39.995823,50,56993.796317
-9.807999,49,56994.073793
42.064186,108,56994.740474
137.626875,156,56995.662223
105.107577,197,57002.734109
38.575885,71,57003.159674
10.516162,87,57003.708151
14.85796,59,57004.1051
43.305856,55,57004.433431
106.415084,131,57005.210266
41.837491,40,57005.448224
90.208275,153,57006.250889
41.936887,55,57006.564474
75.897179,110,57007.165944
100.528135,128,57007.883432
38.256517,54,57008.184374
480.677728,600,57011.665135
32.129052,65,57012.011832
22.209155,74,57012.380833
20.632942,69,57012.765251
33.656457,105,57013.407734
20.422691,92,57019.978811
229.964883,600,57023.625801
32.661735,76,57024.067904
111.464989,600,57027.480033
117.918758,180,57028.521152
72.774322,134,57029.309992
30.210105,43,57029.569065
32.97614,73,57029.973678
35.794024,44,57030.222018
26.520122,40,57030.438914
7.486292,600,57040.26203
38.227262,58,57040.588361
158.275393,296,57042.326649
32.917174,50,57042.599966
-0.597825,44,57042.854167
159.437816,205,57043.99996
25.63579,74,57044.448943
48.472432,131,57045.217126
18.176989,71,57045.661178
47.129665,62,57046.088799
141.997015,207,57047.473359
48.695477,73,57047.94997
49.827094,71,57048.405527
42.950189,65,57048.772284
32.752013,64,57049.103249
44.706354,60,57049.4237
106.248611,141,57050.251206
3.986655,47,57056.571894
38.176559,114,57057.311611
36.936414,61,57057.696745
38.381962,56,57058.045091
36.81034,103,57058.646634
224.275205,383,57060.872159
23.111618,160,57061.959919
33.054212,40,57062.204179
151.491141,204,57063.452741
40.85903,34,57063.655608
4.931435,63,57064.006806
29.127489,72,57064.405377
62.095344,89,57064.898768
129.872456,175,57065.816492
36.801248,76,57066.265793
-2.581024,47,57066.494022
97.47765,124,57067.177516
32.809585,108,57067.720504
540.387795,600,57076.878701
114.648521,157,57077.736481
-2.893958,41,57078.019665
39.685142,52,57078.344893
558.89325,600,57081.73428
44.989772,63,57082.061977
-8.304434,109,57082.659949
34.862,49,57082.955355
35.78599,52,57083.245311
-5.59626,52,57083.538119
37.12271,110,57084.158286
25.477148,88,57084.685385
46.92972,68,57085.033267
580.942298,600,57094.494066
121.661141,153,57095.363906
212.20009,288,57096.945178
134.714327,199,57098.068289
40.3193,69,57098.434924
105.399904,134,57099.167685
506.846549,600,57102.341152
44.089548,48,57102.626841
-2.318083,112,57109.286096
17.557986,51,57109.584144
51.785421,46,57109.844215
9.16689,53,57110.165257
16.84179,49,57110.428221
44.530801,39,57110.642035
40.856724,50,57110.930067
17.798745,76,57111.363453
5.730485,40,57111.586308
33.839484,48,57111.915918
50.316637,47,57112.202746
9.12864,74,57112.683582
15.64445,51,57112.972277
10.956941,79,57113.46656
46.513033,69,57113.858999
104.586677,179,57114.856748
24.158403,41,57115.057829
38.975575,54,57115.36156
30.741383,51,57115.652258
36.773321,98,57116.193692
126.761556,600,57119.959284
45.33778,59,57120.363612
33.079211,48,57120.672752
25.28665,39,57120.93147
105.978163,600,57130.294999
421.168649,509,57133.136806
56.820829,100,57133.695601
48.504096,53,57134.04651
37.8941,49,57134.349622
19.889495,69,57134.744756
121.886908,151,57135.732739
122.27874,204,57136.949495
10.334676,49,57137.236225
47.109328,118,57137.993155
94.694869,131,57138.823712
10.102597,53,57139.136875
80.968384,121,57145.81143
15.351,57,57146.179414
98.079882,122,57146.929148
7.292704,46,57147.201249
45.523384,215,57148.446192
55.076237,68,57148.790348
39.648913,63,57149.185927
45.890636,58,57149.509992
43.214897,57,57149.911077
7.680938,41,57150.17636
13.773076,50,57150.491777
46.585771,55,57150.846561
97.946841,184,57152.139156
0.471254,50,57152.439311
90.082345,260,57153.969957
99.595865,177,57154.922635
10.961991,73,57155.321032
91.063923,183,57156.334766
64.62445,86,57156.79289
45.739102,61,57157.114625
42.507191,146,57164.009372
4.324281,46,57164.25049
26.01996,52,57164.526045
76.786002,215,57165.677105
37.070989,77,57166.121981
33.904682,67,57166.49857
-1.405651,42,57166.720659
84.201238,125,57167.413088
30.369963,98,57167.967667
446.381698,600,57171.355999
34.270628,53,57171.648983
44.430601,51,57171.950527
48.753342,87,57172.43285
133.906667,163,57173.433832
115.272741,174,57174.474568
56.570885,93,57174.985204
121.783913,158,57181.795347
37.583689,53,57182.094852
204.525257,267,57183.574986
15.648313,67,57183.972211
92.601465,107,57184.624637
527.217843,600,57187.895784
29.62456,97,57188.396779
34.668183,53,57188.668314
7.282282,41,57188.897368
27.785071,252,57190.227844
44.923818,59,57190.526967
23.175957,222,57191.693754
48.45289,55,57192.004438
18.55234,62,57198.264661
21.51368,77,57198.684495
9.27218,119,57199.338114
76.089475,128,57200.045818
25.278791,49,57200.325244
49.443396,75,57200.764803
42.329258,58,57201.078629
131.439546,177,57202.043064
38.135078,51,57202.355713
24.81738,70,57202.718021
43.811002,40,57202.92187
30.439302,52,57203.252619
66.05213,61,57203.627243
37.211618,55,57203.953282
-14.150552,73,57204.392996
107.12222,207,57205.693761
37.849684,45,57205.977994
42.577886,56,57206.336887
14.299106,36,57206.585778
42.842826,54,57206.878786
8.751406,76,57207.332553
34.354358,56,57207.650363
69.752423,163,57208.605114
124.350301,600,57217.880363
46.206743,57,57218.195499
-6.902069,40,57218.420416
46.583054,71,57218.844101
537.184938,600,57222.695286
389.633672,600,57226.132786
486.949805,600,57235.575563
35.649609,82,57236.022055
99.815676,152,57236.819275
17.798298,80,57237.273303
259.889671,600,57240.726026
37.667499,44,57240.993567
83.867743,110,57241.630892
49.026663,127,57242.347495
515.500937,600,57251.814632
42.016976,122,57252.55279
9.47173,75,57253.016975
42.346636,70,57253.462289
41.440347,78,57253.939615
440.031903,600,57257.417897
373.898778,600,57260.985846
28.151587,52,57261.319395
47.090597,67,57261.735425
69.148111,124,57262.481099
191.091643,249,57269.786062
133.281504,189,57270.860219
30.097303,55,57271.17946
366.691146,497,57273.819417
37.918269,47,57274.104224
61.105329,159,57275.002748
47.138362,140,57275.788163
28.846791,65,57276.145762
50.934044,75,57276.639663
26.390941,35,57276.857149
30.976753,52,57277.19632
4.014913,53,57277.492834
33.111203,52,57277.766104
109.038088,214,57278.873405
57.702516,241,57280.238169
48.063201,73,57280.654865
564.4369,600,57290.350749
15.907649,74,57290.803405
39.088896,47,57291.097823
268.005577,366,57293.399677
214.772419,244,57294.694149
20.850077,53,57294.984154
45.129662,61,57295.306818
32.577094,163,57296.248554
48.287388,55,57296.563214
93.569922,600,57306.10905
200.012475,286,57307.6498
344.948633,600,57311.405836
418.772538,600,57314.818313
31.243114,48,57315.061318
3.317072,40,57315.289753
-6.807206,47,57315.579342
38.650677,51,57315.881076
7.450926,41,57316.15829
37.279486,36,57316.395354
70.118379,81,57316.888835
428.827367,600,57326.344973
42.917117,85,57326.833108
13.326145,94,57327.336956
76.593962,159,57328.176392
0.907804,52,57328.462967
9.984472,54,57328.768816
39.813521,72,57329.166337
45.981588,155,57330.031375
63.114795,78,57330.47875
36.825973,57,57330.807381
40.329564,63,57331.184148
577.611003,600,57334.487918
69.357429,97,57340.933074
43.268424,60,57341.28333
79.050375,137,57342.088873
34.40411,46,57342.347391
36.484612,41,57342.584755
35.48697,93,57343.18244
92.819021,177,57344.303467
113.344067,600,57347.865795
76.739933,101,57348.423555
26.240728,85,57348.904646
45.524684,89,57349.390584
35.49827,50,57349.647931
99.310823,189,57350.68963
42.320056,54,57350.997836
42.936499,36,57351.204478
37.586528,71,57351.588674
2.731871,57,57351.943652
41.939204,600,57361.482255
282.957672,600,57364.667733
151.418386,199,57365.764126
538.408717,600,57369.402028
43.573187,43,57369.641048
50.867661,61,57369.983151
56.061472,190,57377.13568
2.311559,54,57377.443572
35.309423,44,57377.706974
103.926436,137,57378.496798
36.086217,71,57378.907455
152.998549,209,57380.082639
230.998884,296,57381.723289
28.57955,51,57382.031515
50.728871,67,57382.488252
36.040171,59,57382.891782
175.271177,213,57384.261912
142.766277,176,57385.33124
532.332512,600,57394.888993
56.96474,142,57395.874368
102.442642,138,57396.651496
42.983372,52,57396.945347
428.244116,600,57400.412744
-0.077404,49,57400.679097
62.694035,153,57401.649745
88.395168,600,57405.055652
36.831787,44,57405.284499
42.802949,69,57405.629731
546.544577,600,57415.087909
29.79871,112,57415.709527
42.165062,44,57416.017633
114.40449,166,57417.106166
28.381507,71,57417.555172
391.509252,510,57420.677077
48.041859,51,57420.985769
19.2651,55,57421.365031
103.418855,140,57422.215409
25.425863,86,57422.709965
41.619609,60,57423.037082
147.153571,204,57424.123241
28.488471,45,57424.401717
20.623695,43,57424.649342
157.854119,331,57432.702209
-1.057447,286,57434.577703
19.837124,75,57435.007575
13.5643,66,57435.384135
62.000627,144,57436.185588
106.96273,161,57437.060546
8.914192,85,57437.599858
48.891763,133,57438.427509
22.600372,75,57438.908187
41.599822,48,57439.268785
8.135606,94,57439.847322
157.943519,600,57449.515622
28.833343,60,57449.90316
47.197293,177,57450.87166
552.78643,600,57454.139074
131.964764,161,57455.041876
240.15483,361,57457.369069
94.82619,195,57458.647807
36.136421,54,57458.93688
118.424899,133,57459.719578
61.579635,112,57460.304288
47.049555,56,57460.614254
114.927785,146,57467.458086
34.049503,57,57467.759021
37.707649,41,57467.988887
44.325762,57,57468.335501
37.946211,51,57468.635399
132.093685,159,57469.479002
-8.339332,64,57469.81104
139.445662,189,57470.893773
31.604352,81,57471.366383
44.099193,136,57472.099065
33.094068,600,57475.75207
53.436435,65,57476.204509
47.963432,112,57476.9623
340.912776,422,57485.174888
77.082185,142,57486.056459
55.889125,109,57486.76456
-0.961731,39,57486.986664
56.89815,113,57487.61502
45.991179,46,57487.862096
558.952353,600,57491.658323
38.374466,69,57492.097403
31.013097,54,57492.456037
68.881655,141,57493.266527
141.628988,182,57494.350315
443.035857,600,57503.830903
36.522786,100,57504.412285
230.222445,348,57506.636442
88.938686,195,57507.738993
47.457608,164,57508.760944
24.67164,75,57509.232632
67.052846,600,57512.990244
118.406017,133,57513.716959
42.143378,55,57514.030559
33.406778,55,57514.373868
46.397503,42,57514.638938
5.97694,139,57515.516783
47.240057,50,57515.873664
125.764364,600,57525.506525
113.551387,144,57526.279933
35.819226,49,57526.520594
47.764743,162,57527.477352
20.337154,42,57527.711762
68.720278,187,57528.804321
16.564738,65,57529.188119
43.699014,66,57529.570464
44.000286,114,57530.194885
30.467183,191,57531.213164
126.202528,169,57532.075544
76.356945,600,57541.547178
178.513661,409,57544.117157
39.987873,60,57544.480494
41.206535,73,57544.977851
114.553736,600,57548.387577
9.945515,47,57548.660339
56.61625,64,57549.027622
72.67879,126,57549.731939
38.095337,101,57550.389968
71.941367,160,57551.377807
45.894926,143,57558.366353
39.462957,43,57558.621817
40.238189,65,57558.970196
38.847079,53,57559.246765
363.608942,460,57561.883147
204.658178,275,57563.50635
40.42897,82,57563.968064
29.108065,51,57564.250189
34.514126,41,57564.479988
368.840325,442,57567.044838
13.585659,600,57576.900407
47.028875,52,57577.216508
95.432759,148,57578.080646
81.333026,119,57578.795984
116.394477,167,57579.799289
-8.679615,48,57580.056677
49.232031,66,57580.406195
35.309537,51,57580.699747
66.759346,600,57584.340238
44.50383,66,57584.751469
42.238585,45,57585.055503
35.75292,113,57585.788064
46.937865,63,57586.188408
-2.578666,67,57586.613618
79.716132,91,57587.175469
573.15467,600,57596.277305
51.222671,600,57600.078021
43.632363,57,57600.419646
26.361149,54,57600.735086
132.022996,185,57601.747009
82.415775,123,57602.531646
44.298841,150,57603.485225
19.885184,160,57604.574512
31.424855,43,57604.833627
30.560317,72,57605.293595
40.618772,64,57605.714379
35.594216,48,57606.002071
42.332765,48,57606.292292
38.226474,114,57612.773993
82.427807,154,57613.6912
10.308136,84,57614.197903
41.521343,52,57614.49766
12.504483,62,57614.909006
39.262483,42,57615.193701
44.093755,58,57615.534121
529.478609,600,57618.981687
55.007333,77,57619.44885
34.146273,48,57619.708937
11.589242,67,57620.065077
56.306551,140,57620.859523
43.154705,76,57621.263766
34.250657,53,57621.561012
-3.48264,42,57621.810822
102.117894,184,57623.015505
53.608076,600,57632.816603
138.15499,600,57636.631722
0.521334,58,57636.924353
16.553928,46,57637.160834
36.527733,50,57637.431762
65.426437,600,57641.100111
45.52103,55,57641.416408
16.991799,46,57641.664333
38.835835,57,57641.993348
45.610055,71,57642.436198
45.044434,229,57649.826911
86.8267,147,57650.638182
9.975261,51,57650.921746
43.589472,79,57651.313925
54.656683,103,57651.893824
42.020923,86,57652.358101
428.510034,600,57655.892145
36.008068,50,57656.179241
24.907851,91,57656.684467
36.565362,56,57657.025203
80.363752,233,57658.312285
43.916478,122,57659.012397
39.456604,69,57659.406926
82.569667,145,57660.28069
21.747073,65,57660.626639
101.485887,134,57667.325262
35.924762,163,57668.211756
37.560613,57,57668.521459
122.730684,149,57669.324214
33.781048,41,57669.545369
31.593142,58,57669.866306
24.519358,59,57670.183379
6.747389,47,57670.454628
29.181305,70,57670.852575
43.945708,97,57671.413451
36.09852,100,57671.964385
69.934792,153,57672.869026
12.994098,98,57673.418655
44.216603,51,57673.708162
4.588678,67,57674.121605
52.4027,75,57674.564071
31.832126,74,57675.035165
182.933714,244,57676.388352
21.728956,95,57676.987953
196.273297,260,57678.697837
54.667448,79,57685.158603
85.445117,600,57688.70094
82.575338,177,57689.595779
76.893455,161,57690.468608
45.292817,54,57690.798241
94.905049,201,57691.984015
2.848072,52,57692.275984
30.832381,77,57692.722088
63.931771,72,57693.155862
11.817571,57,57693.573274
24.729568,53,57693.934636
24.12872,52,57694.305871
43.747712,43,57694.593415
150.7306,202,57695.905523
123.794643,195,57702.954399
104.133779,123,57703.629215
-9.047668,43,57703.906688
104.790604,155,57704.904556
45.456488,56,57705.271041
68.381301,83,57705.792441
1.904651,47,57706.109224
20.312774,43,57706.40068
44.771434,162,57707.33368
119.620282,219,57708.531605
91.238894,173,57709.468027
108.097886,122,57710.115893
206.200978,600,57713.578284
526.539529,600,57723.34299
91.117449,131,57724.141275
131.610291,182,57725.206759
-3.021003,48,57725.486043
14.945078,96,57726.053466
42.035613,79,57726.593954
46.443089,78,57727.055768
1.13984,89,57727.612872
282.860948,372,57730.021249
65.784055,79,57730.557133
-6.919442,42,57730.835725
57.115367,81,57731.336193
63.387686,129,57732.18548
16.666907,57,57732.542052
531.35112,600,57742.015223
49.870407,62,57742.366434
45.488348,49,57742.614815
146.73464,183,57743.590333
43.078907,91,57744.091396
4.237535,100,57744.633152
89.16908,150,57745.499906
49.500411,600,57749.03907
44.738631,55,57749.392006
39.813125,61,57749.81297
1.16688,71,57750.264351
46.280628,64,57750.678251
-0.323171,51,57750.976024
-11.575115,51,57751.259448
94.910307,123,57758.308034
55.542694,156,57759.226647
52.79243,74,57759.648704
17.829541,94,57760.234022
-0.236878,44,57760.506889
75.648484,165,57761.526513
425.693642,600,57765.039226
31.534408,48,57765.352404
56.419648,62,57765.701154
130.116789,160,57766.661467
43.647474,73,57767.1086
87.761485,148,57767.951391
48.576748,64,57768.341796
496.231517,600,57777.861382
35.610627,54,57778.151663
205.408205,600,57781.729408
91.073783,144,57782.683975
51.14749,125,57783.399435
32.749599,50,57783.675971
479.752412,600,57787.132207
253.28102,293,57794.884516
39.907959,52,57795.165663
5.997529,46,57795.415992
46.514881,123,57796.068669
102.824388,185,57797.150923
90.737137,138,57798.064912
40.482649,118,57798.770547
-15.387719,71,57799.2125
86.898725,121,57799.901536
45.840789,141,57800.749294
35.166886,53,57801.109881
38.495462,47,57801.416331
5.603691,136,57802.245673
89.587695,104,57802.861758
103.345573,600,57812.621658
121.623207,161,57813.712584
35.782948,64,57814.137637
32.935748,86,57814.689346
62.148625,136,57815.496835
40.622361,63,57815.87251
72.916504,159,57816.852519
40.679175,50,57817.19096
41.340335,43,57817.457328
90.984401,176,57818.588324
145.772012,179,57819.685845
143.502934,199,57820.880235
18.361098,57,57821.233771
33.205325,52,57821.522415
40.482159,62,57821.849159
37.032957,39,57822.04845
43.098799,54,57822.334617
82.469209,115,57822.981408
25.457892,91,57823.436539
3.170282,116,57824.062106
49.920838,124,57824.712521
13.363949,46,57831.05893
165.805756,311,57832.803939
351.590257,432,57835.470853
42.348162,60,57835.803764
568.26475,600,57839.073913
97.553757,119,57839.727315
36.801644,80,57840.156626
561.988473,600,57849.33533
38.657299,44,57849.586591
45.156542,65,57849.979642
40.050196,52,57850.251018
31.541255,48,57850.493706
42.404827,65,57850.855
7.9434,54,57851.173278
130.908684,196,57852.266065
98.258711,168,57853.298115
24.125327,48,57853.639797
29.016825,47,57853.943411
56.347755,65,57854.351832
21.715709,113,57855.106008
19.899387,53,57855.461905
562.985919,600,57858.883324
37.296553,86,57859.360541
90.496637,121,57859.984703
38.640405,75,57866.501523
10.089004,61,57866.846378
-6.419874,89,57867.306955
63.626111,87,57867.773269
588.633918,600,57871.081453
83.587001,204,57872.185085
54.787648,81,57872.679811
39.358658,64,57873.106687
162.042444,239,57874.595192
188.186138,261,57876.070659
12.899329,74,57876.4774
24.737566,63,57876.807607
86.794424,149,57877.654272
23.870748,43,57883.933576
39.501948,59,57884.273691
34.194682,143,57885.064673
34.858866,107,57885.693401
60.603815,87,57886.208382
58.524265,107,57886.80665
92.345779,163,57887.796891
71.375021,153,57888.774728
13.281914,46,57889.05193
100.215426,191,57890.322247
46.537441,57,57890.715898
5.844154,44,57891.016211
66.322905,73,57891.466383
49.063741,84,57891.928053
26.838278,53,57892.242444
137.315294,178,57893.333101
38.478816,43,57893.574406
-2.69767,42,57893.824544
39.247967,44,57894.069531
117.736696,194,57895.216964
133.312493,170,57902.431751
-12.200181,44,57902.712863
369.99393,477,57905.982233
45.599696,123,57906.917424
37.642479,67,57907.382862
12.388056,53,57907.720351
555.20982,600,57911.260033
14.955096,55,57911.590683
46.21336,60,57911.983692
171.324269,226,57913.339978
85.077295,149,57914.188038
577.579562,600,57923.586702
37.07662,36,57923.793183
23.646017,92,57924.323186
36.622113,120,57925.016748
37.15543,85,57925.490446
166.835685,216,57926.661055
266.952362,372,57928.841694
36.026247,55,57929.20723
339.385312,421,57931.855947
1.25406,46,57932.15373
97.380214,130,57932.912988
46.522145,138,57939.753511
37.076849,61,57940.117018
37.745781,58,57940.483541
175.847366,600,57944.015935
76.439649,170,57944.900358
53.947556,61,57945.232715
577.605508,600,57948.746896
69.310399,147,57949.586297
94.973639,190,57950.589577
37.259128,41,57950.807651
60.078269,273,57958.346785
306.746731,396,57960.519612
61.779481,66,57960.847261
92.57577,141,57961.604292
86.990805,208,57962.737465
135.622445,190,57963.926711
47.342418,58,57964.258714
22.636528,72,57964.744312
2.455682,48,57965.037059
168.358623,223,57966.303667
44.418013,62,57966.644729
3.920166,45,57966.88418
51.339043,73,57967.289536
66.363971,151,57968.107322
61.560493,143,57974.75583
60.72797,144,57975.575866
21.182646,101,57976.18082
62.924983,109,57976.814178
126.8064,178,57977.766113
33.298243,74,57978.16711
31.856231,48,57978.411611
7.08967,48,57978.689797
555.068659,600,57981.792764
194.656397,321,57983.51563
16.893927,46,57983.774914
74.034343,177,57984.796072
68.627283,144,57985.614022
43.619681,62,57991.881271
11.767833,52,57992.177542
42.550983,58,57992.485082
39.57126,53,57992.773856
33.447416,68,57993.137535
-1.428045,40,57993.3611
39.978097,47,57993.614419
102.562199,169,57994.559814
34.008394,99,57995.122352
38.971106,66,57995.491114
21.594146,82,57995.944339
14.043681,76,57996.340445
5.900984,59,57996.67276
97.606386,127,57997.341022
491.497067,600,58001.121795
29.356857,61,58001.513268
40.514434,65,58001.89247
28.343231,71,58002.258756
35.823784,56,58002.564727
46.863886,44,58002.792516
116.899161,159,58009.501223
26.674524,51,58009.814748
9.948436,600,58013.465824
26.493291,49,58013.750456
7.183429,43,58014.008017
10.353416,57,58014.374719
-2.577307,116,58015.055023
33.768131,59,58015.361058
43.831393,67,58015.727731
440.541176,600,58019.157929
7.412457,109,58019.718278
110.064149,600,58029.429636
74.644313,167,58030.403304
33.597071,54,58030.686391
36.967061,64,58031.027866
35.290442,40,58031.244152
7.178819,90,58031.757669
51.177437,52,58032.049852
58.428143,195,58033.117999
44.853781,54,58033.441065
144.029214,185,58034.430578
154.002655,199,58035.467556
274.445327,345,58037.371823
40.384472,47,58037.643399
142.456211,147,58038.481559
45.18443,64,58044.881888
31.556517,53,58045.228775
29.260303,74,58045.696732
57.348416,148,58046.555092
469.317036,600,58050.404659
37.275437,80,58050.936013
87.823115,153,58051.802516
38.813049,75,58052.228648
23.061937,41,58052.464097
27.694899,36,58052.66164
215.033361,379,58054.746114
40.533381,600,58064.071446
32.388235,70,58064.490609
19.395645,65,58064.863081
72.074271,107,58065.482187
62.709373,166,58066.331826
88.656094,177,58067.377071
83.26054,104,58067.940992
96.022977,173,58068.988226
54.03039,68,58069.384597
16.098488,54,58069.719742
571.552265,600,58073.01334
135.144565,180,58073.94573
6.17547,41,58074.161847
288.54755,323,58082.207956
88.618027,153,58082.963415
105.682507,600,58086.281119
20.663963,85,58086.7293
145.405588,227,58087.982589
277.180322,313,58089.697209
99.01119,266,58091.471354
41.133289,61,58091.867336
189.594619,238,58099.429068
54.570857,157,58100.335883
46.52785,59,58100.689066
69.503123,118,58101.355279
74.16722,188,58102.416393
76.347094,161,58103.353997
130.839667,174,58104.396143
38.344194,56,58104.729553
30.788284,62,58105.079768
134.116249,199,58106.148589
61.223833,600,58109.738937
130.033442,172,58116.828501
325.443375,381,58118.936983
12.806029,78,58119.350294
61.507899,66,58119.692602
62.266702,171,58120.653647
42.257561,68,58121.102268
30.160143,72,58121.522627
149.814473,189,58122.609138
63.398358,78,58123.082629
1.979432,53,58123.426585
326.889236,600,58126.788798
15.53812,53,58127.139011
44.026364,71,58127.578592
54.348397,70,58127.999886
13.22878,600,58137.782456
44.683775,56,58138.104907
328.60425,600,58141.467529
40.379391,94,58142.013658
36.806989,49,58142.303341
16.649982,52,58142.618034
82.73991,144,58143.430031
209.869073,300,58145.26937
9.786518,59,58145.639609
71.724536,80,58146.131031
54.13203,85,58152.87498
561.054755,600,58156.562092
6.480905,48,58156.820457
46.274877,66,58157.178649
14.737396,48,58157.471235
-10.560264,68,58157.854677
485.334726,600,58161.439195
154.10086,600,58170.635304
176.002309,221,58171.992086
43.780153,44,58172.261939
40.046523,45,58172.501814
100.817674,186,58173.579615
37.827299,46,58173.83857
63.73164,96,58174.353142
46.318279,42,58174.59687
35.374508,60,58174.946011
157.539547,196,58176.127645
49.170688,74,58176.559725
36.440177,46,58176.808376
27.751029,58,58177.159858
59.473214,121,58177.872002
42.292287,69,58178.302491
40.56701,63,58178.726063
52.479696,164,58179.793649
84.191851,600,58189.120389
222.808391,360,58191.041121
-4.086256,600,58194.517997
43.005285,45,58194.74199
15.695738,50,58194.997411
90.856625,146,58195.789741
342.36792,403,58197.920117
-7.290122,40,58198.150545
56.719042,67,58198.545339
2.987595,50,58198.810835
36.593523,44,58199.034214
41.224695,67,58199.398099
6.693669,52,58199.683308
48.939909,94,58206.319503
91.724926,600,58210.369563
49.125646,92,58210.855191
177.129303,228,58212.050784
50.097207,92,58212.568484
39.885738,124,58213.210067
80.53485,496,58216.157677
41.138827,78,58216.66188
87.049994,126,58217.509252
39.514664,46,58217.830323
34.503919,142,58224.811369
48.674436,75,58225.269738
469.095505,600,58228.738669
32.643083,55,58229.08957
44.733309,75,58229.552075
7.734242,106,58230.254774
47.466711,45,58230.545976
33.20785,82,58231.096346
47.749179,59,58231.47944
74.393098,128,58232.340645
88.242302,157,58233.391121
132.333544,249,58234.914178
35.991111,113,58235.605503
8.882599,42,58235.832497
41.796733,73,58236.226673
34.75523,40,58236.458782
3.640624,47,58236.721684
58.463562,97,58243.269462
21.270047,51,58243.575984
91.825017,112,58244.249017
284.661122,352,58246.397031
225.267404,292,58248.494906
7.65341,41,58248.779109
363.247922,439,58251.733844
165.423421,282,58253.526243
80.791328,109,58254.23355
41.353258,74,58254.738773
84.233339,167,58255.910878
19.945254,107,58262.513328
45.363433,96,58263.123057
51.182609,50,58263.426849
30.550756,75,58263.878725
322.96783,600,58267.261857
103.818895,149,58268.164077
77.937344,600,58272.183531
8.155847,72,58272.612079
-2.814133,83,58273.1446
437.394407,600,58282.99597
42.283266,52,58283.359511
152.107903,187,58284.616418
65.053574,600,58288.457456
41.686963,52,58288.785162
35.351271,58,58289.110184
12.877633,86,58289.603676
37.966928,48,58289.896747
81.995832,115,58290.526899
80.902821,163,58291.487406
73.168556,127,58292.293108
52.87371,76,58292.783312
301.771023,389,58301.421555
127.185752,197,58302.729835
24.871234,55,58303.123547
94.960769,211,58304.434883
46.341849,111,58305.172431
30.767747,184,58306.369398
42.58607,44,58306.673962
194.255871,241,58308.1751
348.443481,478,58311.486801
40.050844,103,58312.125679
40.105478,109,58312.745519
-8.551416,41,58312.97816
565.851879,600,58322.92698
49.152664,49,58323.229879
55.193957,86,58323.804156
-0.305444,600,58327.833285
4.515362,60,58328.267541
238.253266,600,58331.882986
66.058634,78,58332.338739
55.773958,112,58339.168926
108.671028,206,58340.418943
36.846219,94,58340.999982
35.259439,129,58341.742085
145.957028,238,58343.064543
165.165218,217,58344.34574
3.450872,42,58344.607057
34.075016,45,58344.908527
81.147062,81,58345.442981
63.531707,165,58346.484805
77.853193,99,58347.09097
44.733178,44,58347.378577
32.523746,75,58347.885141
-1.070623,39,58348.14796
40.518277,54,58348.518112
4.969584,60,58348.960221
48.453759,61,58349.388368
588.147421,600,58359.267824
1.998695,67,58359.665816
101.511874,129,58360.505978
26.844431,81,58361.01184
38.17089,116,58361.723099
40.208333,53,58362.032786
62.099784,79,58362.524852
34.822827,58,58362.920215
41.353645,46,58363.259003
18.561117,80,58363.777369
91.666311,110,58364.411793
47.376332,57,58364.757479
103.714447,151,58365.624932
60.889593,600,58369.550853
34.124159,87,58370.194949
56.541058,82,58376.743126
123.051381,147,58377.634606
62.858551,97,58378.241894
39.166557,72,58378.727085
0.82525,43,58379.003352
85.684965,155,58379.95134
12.630487,45,58380.248349
282.786136,330,58382.452807
38.935414,62,58382.841417
35.470046,94,58383.452543
109.555356,165,58384.586213
86.010677,600,58388.458081
11.023188,47,58388.808607
5.015775,118,58389.623871
35.025484,99,58396.233251
-7.981267,51,58396.574866
35.930714,44,58396.856661
189.568219,276,58398.56405
35.811157,61,58398.950084
32.778449,52,58399.266418
119.157577,161,58400.19787
100.650046,154,58401.131091
32.604658,54,58401.45138
58.529666,126,58402.173801
16.657551,128,58402.920785
45.303978,54,58403.241569
-8.733682,41,58403.509987
154.18884,245,58405.025878
30.363246,50,58405.343693
48.78555,68,58405.786597
21.384136,71,58406.264545
70.02766,67,58406.740348
47.649747,58,58407.120471
112.006332,223,58408.542495
42.315081,65,58415.075721
109.598187,187,58416.266551
15.750742,134,58417.094764
52.292206,88,58417.649777
50.415371,98,58418.296654
555.233797,600,58422.216916
19.364899,90,58422.845486
74.153621,148,58423.726811
-10.458183,44,58423.968867
63.415862,78,58424.400524
39.530148,65,58424.775434
25.686189,65,58425.153116
23.481525,600,58434.392473
73.069798,129,58435.23311
276.110298,600,58439.264506
44.802912,40,58439.513545
33.563987,53,58439.821738
62.888456,155,58440.68134
-9.925138,96,58441.218636
280.315646,365,58443.133446
5.810108,49,58443.404273
46.105537,52,58443.703778
17.310907,88,58444.163616
8.165489,46,58444.396548
24.247399,68,58444.806586
23.336265,93,58445.351894
10.195192,77,58451.885662
432.810613,600,58455.284619
64.310357,147,58456.104352
11.048738,60,58456.409164
8.846488,43,58456.652956
48.84901,53,58456.955386
43.892842,44,58457.20409
41.283712,55,58457.523056
85.075098,153,58458.4241
31.870002,79,58458.89444
53.012413,55,58459.236428
33.914874,91,58459.77569
74.794867,118,58460.412966
114.451581,600,58469.83428
39.342768,153,58470.720029
38.606964,44,58470.979333
8.322287,58,58471.315334
22.457317,57,58471.631168
30.19911,71,58472.094359
19.555141,52,58472.383289
20.486971,600,58475.76938
67.59063,98,58476.370541
6.371359,52,58476.700954
48.642839,100,58477.342094
-7.079139,40,58477.600001
42.847611,68,58478.026667
37.9711,49,58478.348088
79.122185,101,58478.963909
150.619167,188,58479.98437
38.198392,87,58480.503962
276.456396,316,58488.438094
38.190097,63,58488.839606
34.364096,50,58489.133716
34.931279,47,58489.392746
-10.0,78,58489.838901
581.944259,600,58493.256472
37.068925,46,58493.501016
99.9722,600,58497.508265
68.176191,76,58497.933997
33.705264,61,58498.282421
43.132724,80,58498.686887
44.171418,99,58499.222259
94.760615,600,58508.439531
110.682857,134,58509.153789
59.683757,96,58509.641637
35.104924,73,58510.045036
41.21691,70,58510.43016
-14.529305,58,58510.736786
32.869857,46,58510.976343
39.793254,71,58511.382883
-3.623893,41,58511.614585
0.723508,129,58512.276151
111.983674,142,58513.037632
40.302751,70,58513.406222
113.187024,146,58514.305793
46.082046,50,58514.644714
37.287407,68,58515.090038
39.696865,600,58524.603595
38.501248,98,58525.119271
64.038497,179,58526.163313
21.631165,217,58527.492929
38.546855,48,58527.792468
31.712401,99,58528.384264
38.029937,70,58528.818411
34.003084,56,58529.184422
504.448159,600,58532.452006
14.56597,55,58532.744908
534.815253,600,58542.03939
44.242141,52,58542.331661
25.631626,52,58542.623651
5.880205,121,58543.287234
27.141607,40,58543.51604
156.341421,204,58544.689728
190.330168,299,58546.695088
8.596672,56,58547.050106
57.822619,66,58547.498972
446.853452,600,58551.248995
22.458396,100,58551.895929
96.176378,125,58552.699176
42.964857,66,58558.932593
6.172557,54,58559.289943
30.544934,43,58559.576855
45.616837,72,58560.054607
58.247784,138,58560.932642
16.01306,76,58561.39497
77.964438,209,58562.607023
69.615378,203,58563.786235
9.564846,47,58564.038794
181.856732,600,58567.692532
33.845393,58,58568.075841
74.790797,97,58568.658019
112.850215,129,58569.42384
119.349522,149,58570.288604
-8.328007,40,58570.528399
19.375877,73,58570.984518
85.210745,173,58578.198055
11.902877,53,58578.554749
42.832591,161,58579.526818
55.465348,70,58579.93699
88.799829,155,58580.793195
51.785466,67,58581.167968
19.129166,49,58581.447684
46.845553,60,58581.758746
13.156213,57,58582.104541
508.384893,600,58585.464592
76.450679,116,58586.097591
55.74632,57,58586.417839
40.438784,61,58586.776057
25.882204,51,58587.091964
18.480866,62,58587.474657
51.429518,59,58587.822432
3.348205,48,58588.110749
487.375404,600,58597.373431
62.328541,136,58598.092845
1.212077,600,58601.745253
44.0238,44,58602.015615
9.146617,52,58602.376254
98.138557,150,58603.268143
17.79966,72,58603.702535
30.101246,52,58604.025248
22.078018,107,58604.614572
57.379561,600,58614.150379
161.31556,201,58615.258511
69.03028,133,58616.038739
46.41575,59,58616.403046
42.910988,64,58616.797734
36.857542,44,58617.058284
57.065754,98,58617.587272
50.584792,98,58618.111475
54.9785,76,58618.544292
88.80661,148,58619.444937
62.074103,89,58619.994792
89.613854,143,58620.882131
28.199382,66,58621.300456
117.396994,174,58622.391999
53.54677,76,58622.854602
4.240257,51,58623.178151
9.038247,58,58623.53694
30.27387,41,58623.78856
534.345049,600,58633.424452
66.254981,137,58634.218322
9.653935,64,58634.600937
42.184391,53,58634.916706
48.216818,70,58635.333714
105.423507,170,58636.199375
44.245482,73,58636.584821
33.955146,52,58636.899848
41.773603,104,58637.420658
510.570591,600,58640.666572
92.086041,180,58641.613337
14.15028,47,58641.869855
5.753118,76,58642.264783
39.366827,113,58648.868608
53.346885,67,58649.288531
41.538855,68,58649.692664
43.00754,76,58650.192786
54.624928,67,58650.585154
176.769502,226,58651.88363
44.251484,63,58652.243144
38.688858,55,58652.527723
33.431649,37,58652.7314
45.490335,66,58653.140811
33.39642,130,58653.987348
76.89656,168,58655.009887
36.444125,70,58655.448098
37.374998,56,58655.768577
445.507216,531,58658.568166
93.624199,130,58659.263037
48.995943,55,58659.578438
33.833685,51,58659.835624
35.865274,55,58660.123547
107.297321,153,58666.988968
37.532461,49,58667.28359
5.68797,48,58667.573415
23.733743,41,58667.812555
41.789613,45,58668.099396
135.485476,177,58669.168144
28.771785,55,58669.468128
105.582808,163,58670.451455
22.555394,64,58670.839849
58.252526,145,58671.759119
28.102848,600,58675.766516
155.282085,209,58677.067897
41.683875,47,58677.321492
48.522313,54,58677.630021
87.949233,119,58678.256288
34.910634,179,58685.397996
72.502184,126,58686.117774
23.905847,51,58686.418392
40.058723,40,58686.625422
38.439828,45,58686.861633
543.5586,600,58690.448772
111.803469,169,58691.454286
41.444434,51,58691.764629
3.368438,40,58692.001393
433.874256,600,58695.176514
515.156599,600,58705.132692
2.521077,49,58705.412507
26.610525,65,58705.791875
21.616643,600,58709.654985
32.967068,71,58710.054488
27.922098,73,58710.504424
29.654226,104,58711.031564
31.450473,39,58711.227105
79.097936,121,58711.854979
37.361676,80,58712.292921
42.612849,600,58722.065271
176.107799,206,58723.433217
178.180878,326,58725.381646
36.427053,58,58725.684939
52.348965,61,58726.041789
34.919512,54,58726.31389
36.655776,103,58726.886975
156.927287,213,58728.157115
37.070927,69,58728.579569
54.450124,162,58729.56838
119.320497,175,58730.54074
67.422192,77,58730.928128
66.992208,84,58731.389485
36.44574,56,58731.701462
34.417238,45,58731.939854
54.954354,85,58732.405822
49.929315,71,58732.82595
280.906133,347,58741.101966
34.172304,50,58741.448685
-10.15074,41,58741.673289
100.637866,168,58742.608073
46.081296,82,58743.075916
73.687809,169,58744.058052
53.964589,114,58744.752805
103.043168,600,58748.051641
541.762871,600,58757.661026
58.429158,157,58758.640606
47.698211,42,58758.887304
37.27021,46,58759.163208
16.621299,52,58759.467407
40.100642,70,58759.937364
5.894791,43,58760.182481
32.608949,51,58760.490173
28.443267,71,58760.936229
31.963868,47,58761.240623
34.605597,52,58761.562793
65.869366,225,58762.883014
45.209091,72,58763.272263
123.895939,193,58764.290139
89.456441,600,58767.74801
12.608097,113,58768.498152
42.52728,74,58769.017582
35.243148,58,58769.386559
272.685189,600,58779.265071
40.751185,58,58779.591748
66.251969,600,58783.245042
31.984394,87,58783.716645
76.418133,138,58784.446069
31.700155,60,58784.743007
33.989687,52,58785.020093
30.062883,66,58785.40919
34.452608,86,58785.883646
0.56459,66,58786.272034
100.426879,110,58786.869211
44.13356,64,58787.201474
43.644908,38,58787.407973
34.814027,57,58787.714613
318.228221,438,58796.277288
22.842456,86,58796.78558
202.824886,265,58798.390852
19.696506,46,58798.666732
519.183476,600,58802.20804
114.211369,175,58803.255446
84.753904,600,58812.586069
35.256275,40,58812.811602
33.973809,60,58813.139899
197.765288,263,58814.67106
1.650634,45,58814.92493
404.880105,495,58817.819139
84.469993,166,58818.860114
4.741355,50,58819.180519
61.734017,60,58819.592339
91.03254,198,58820.89467
121.986836,141,58821.814957
101.840817,152,58822.702662
181.183374,225,58823.918079
45.281572,60,58830.390085
35.785711,136,58831.204196
55.38805,63,58831.615601
182.882309,317,58833.441576
106.871739,168,58834.339505
126.625679,169,58835.263327
39.046396,56,58835.624943
193.488301,245,58836.959535
20.285339,34,58837.144593
366.628329,433,58839.77409
30.536951,68,58840.148863
31.02079,73,58840.622977
41.72706,74,58841.052923
37.476596,59,58841.428859
54.741734,51,58841.71997
-11.777677,44,58841.976007
7.012875,55,58848.106462
38.140935,42,58848.372642
446.843555,600,58851.842815
33.690432,74,58852.361648
46.18024,45,58852.67273
34.419596,61,58853.067528
165.445828,224,58854.314693
108.123907,219,58855.434087
51.362863,73,58855.843441
35.043781,59,58856.190422
-1.429847,45,58856.469254
42.243116,63,58856.860858
-15.855665,57,58857.208805
46.3416,160,58858.172986
42.439403,62,58858.537882
4.200813,238,58859.975075
28.477194,80,58866.457792
48.145165,44,58866.728557
39.149711,50,58867.04064
105.830809,600,58870.766559
31.022087,45,58871.034141
116.711622,202,58872.189826
54.102515,52,58872.471657
126.945063,186,58873.454474
70.464181,144,58874.296652
33.683906,35,58874.501456
-2.330194,58,58874.859827
24.490732,88,58875.386796
12.7427,98,58875.92964
47.411699,67,58876.307148
37.422085,64,58876.655072
120.258771,600,58886.281128
37.626451,41,58886.519163
36.967025,70,58886.956588
39.492536,57,58887.320349
222.729155,600,58891.236583
37.608459,122,58891.892874
53.097329,123,58892.541955
116.279968,142,58893.45784
16.381515,73,58893.920682
116.00748,142,58894.827854
46.429645,94,58895.43787
20.438531,96,58896.057195
46.714,65,58896.47565
44.13347,49,58896.81018
51.483376,128,58903.32772
23.640084,63,58903.749189
55.884558,62,58904.179194
30.030758,101,58904.795168
214.438322,371,58906.913196
32.380376,59,58907.291723
44.828489,41,58907.540648
11.123253,47,58907.845529
55.728702,89,58908.425321
27.002389,49,58908.753749
306.125329,402,58911.168025
87.983734,113,58911.843063
13.191806,52,58912.185307
42.206884,83,58912.70649
5.104988,44,58912.966905
55.005226,70,58913.336592
73.39392,175,58914.305868
125.35122,150,58921.00335
45.345846,53,58921.333579
44.910353,57,58921.689783
94.321902,133,58922.42254
40.112015,51,58922.709473
19.905737,67,58923.079962
46.000864,65,58923.457997
-9.911079,600,58926.910376
146.41742,600,58930.536148
46.363761,95,58931.075217
489.156987,600,58940.776476
38.025006,65,58941.138427
45.608723,111,58941.728623
74.271897,289,58943.447299
16.702044,49,58943.73291
43.876646,49,58944.054655
41.255509,48,58944.365371
10.374007,44,58944.659124
527.933447,600,58947.952927
46.081639,42,58948.186008
108.046405,143,58948.963133
6.271841,41,58949.189112
49.952908,112,58949.80565
-7.315547,42,58950.053112
10.117993,50,58950.33469
30.333934,48,58950.618573
31.535697,53,58956.911772
-10.044073,41,58957.183376
35.961974,45,58957.408659
33.858321,62,58957.773656
22.172654,78,58958.220274
43.428771,59,58958.564404
29.173183,86,58959.091197
31.399251,58,58959.417685
3.686839,117,58960.099195
46.353895,48,58960.355357
56.840855,111,58960.97721
56.967063,68,58961.328806
31.91653,59,58961.657475
22.233262,86,58962.1475
96.659927,125,58962.799836
80.532412,113,58963.372145
9.728289,80,58963.801953
40.46281,55,58964.129629
13.723073,47,58964.393501
44.635266,42,58964.68609
109.741103,600,58968.549393
39.2775,80,58974.93419
-12.933889,76,58975.400746
49.726755,84,58975.878214
95.230658,127,58976.591186
10.939793,62,58976.926059
40.008845,82,58977.361238
44.512853,67,58977.736897
64.760923,600,58981.057001
171.043699,204,58982.158779
37.086132,47,58982.408723
37.858254,50,58982.681664
37.436772,58,58983.034345
28.154748,66,58983.414414
54.173592,49,58983.698077
28.374769,103,58984.302577
46.421646,63,58984.65023
35.534933,52,58984.964741
34.735952,89,58985.452781
54.984095,69,58985.846232
15.262055,72,58992.167325
29.648772,76,58992.581247
18.903997,80,58993.047612
27.741586,58,58993.363625
41.655849,46,58993.637
167.975964,253,58995.128156
-6.036563,49,58995.432662
159.212677,234,58996.821256
44.134502,44,58997.063809
60.536388,85,58997.530349
24.172466,47,58997.789355
1.963031,137,58998.595438
33.75665,60,58998.969784
34.506961,40,58999.220562
466.299863,600,59002.946611
43.007364,45,59003.267852
13.345166,73,59003.701953
30.436243,74,59004.146063
57.411086,192,59011.279397
22.494693,49,59011.568931
35.408367,64,59011.92569
4.760477,52,59012.223988
109.84696,137,59013.008494
97.548431,135,59013.775558
39.005239,54,59014.088818
20.07045,68,59014.464628
24.655438,64,59014.816367
438.213872,506,59017.553015
33.16099,53,59017.840143
42.055373,46,59018.113727
38.771449,59,59018.45036
3.166698,59,59018.791035
35.547093,58,59019.141246
126.627929,164,59020.110759
34.807267,58,59020.482397
56.408661,63,59020.874561
24.998434,43,59021.117166
106.224196,167,59028.039368
31.894353,101,59028.581283
51.651065,77,59028.996573
91.216289,143,59029.779886
32.966833,123,59030.432573
44.573757,53,59030.697824
0.168162,43,59030.92565
47.788485,68,59031.305431
102.576496,125,59032.007931
120.886846,162,59032.953577
37.835833,63,59033.299772
15.08859,149,59034.203983
-14.182152,60,59034.523004
183.387473,228,59035.727909
47.718173,600,59039.173308
117.342759,165,59045.905665
3.502772,41,59046.123553
95.187062,101,59046.679393
36.088027,78,59047.11488
-1.152401,46,59047.384192
79.609149,92,59047.86062
25.606838,120,59048.52058
24.751845,40,59048.748413
-0.335822,52,59049.020251
289.326861,321,59050.863498
39.461355,51,59051.18771
46.165967,61,59051.541882
37.325841,58,59051.908737
37.551984,42,59052.217672
68.012132,107,59052.899528
35.293648,69,59053.266573
-7.042821,39,59053.484892
106.38947,171,59054.555595
26.310885,77,59055.018332
19.757282,82,59055.502978
551.909733,600,59065.417525
7.286118,54,59065.790107
28.734958,173,59066.940397
50.327127,46,59067.255538
69.643636,120,59068.011043
36.189912,39,59068.219924
169.154563,272,59069.770652
129.690952,223,59071.061261
36.677674,50,59071.365249
40.175404,62,59071.685383
54.565724,55,59071.980466
8.499017,70,59072.347504
36.078921,69,59072.709089
57.126878,65,59073.06864
153.002741,172,59073.993522
4.461274,105,59074.556564
40.743054,41,59074.786536
63.599332,73,59075.197689
31.028304,49,59081.378975
22.539716,65,59081.764946
46.625913,58,59082.096386
99.18842,287,59083.60176
55.018785,56,59083.906245
37.34567,53,59084.18114
35.899532,93,59084.709057
61.747516,61,59085.033094
29.40078,52,59085.332484
31.473964,44,59085.60417
41.857063,55,59085.904941
68.524875,87,59086.368576
47.120862,79,59086.780188
41.603145,150,59087.600156
18.805222,83,59088.048161
41.096239,52,59088.310671
-0.256562,49,59088.601858
48.049448,61,59088.953163
35.182344,126,59089.622154
-6.005141,63,59089.964236
90.935911,165,59090.915352
12.196481,43,59091.199153
36.09927,102,59091.86413
56.331028,74,59092.329835
43.277961,40,59092.605668
4.204251,56,59098.959222
54.962158,92,59099.573338
80.136125,125,59100.415351
45.702441,60,59100.779171
20.350685,55,59101.117389
36.966304,37,59101.333689
39.241555,52,59101.653662
33.294811,72,59102.026567
45.505968,144,59102.81016
156.236901,258,59104.348209
35.324734,45,59104.63459
64.462824,124,59105.400037
27.874098,77,59105.854918
48.260667,66,59106.257204
65.047053,75,59106.728581
-9.913067,79,59107.221594
19.993686,48,59107.557832
32.259855,73,59108.041574
112.689342,156,59109.070117
34.034051,44,59109.352151
51.017227,73,59109.778763
13.149244,150,59110.670014
89.968135,140,59117.46725
46.988562,49,59117.765371
523.814627,600,59121.286038
4.057655,48,59121.53426
12.478365,55,59121.821324
42.956168,61,59122.146387
137.566779,191,59123.208154
527.184618,600,59126.401872
19.804031,51,59126.681169
37.452595,68,59127.067815
39.327998,77,59127.494174
50.412502,106,59128.096832
48.433285,101,59128.709257
105.008873,134,59135.472785
87.132087,301,59137.377944
32.764668,55,59137.716501
1.706645,49,59138.005753
93.414246,173,59139.008112
82.752049,132,59139.757325
43.185583,42,59140.018739
43.101095,60,59140.388505
34.88619,59,59140.716183
46.676905,96,59141.304865
43.801771,50,59141.612652
43.874214,55,59141.938737
103.890047,137,59142.771455
27.850781,55,59143.136139
-1.707564,51,59143.453082
54.629758,91,59144.004957
55.090256,66,59144.414169
122.78608,174,59145.392872
35.119563,114,59146.12924
28.819286,78,59146.638013
42.27761,45,59146.941969
71.85432,103,59153.472986
-7.901757,39,59153.719979
36.615133,110,59154.391778
18.941489,192,59155.515641
15.524697,65,59155.910539
27.906063,83,59156.357366
39.572344,59,59156.665039
82.674299,110,59157.233689
39.448392,52,59157.505345
212.100545,600,59161.095181
37.820919,79,59161.590493
219.331112,600,59171.184078
1.817926,55,59171.554148
552.913812,600,59175.260775
9.241554,47,59175.51514
-6.5539,74,59175.921767
131.173209,178,59177.011486
37.508592,35,59177.234004
35.442267,47,59177.5279
98.894582,141,59178.431268
18.862552,123,59179.275765
498.783069,600,59182.566921
37.84867,149,59189.434507
32.931951,75,59189.888729
128.403543,173,59190.838389
33.813885,67,59191.205348
32.116116,58,59191.518031
120.180954,155,59192.419923
50.717537,68,59192.839773
116.150186,600,59196.358672
54.987611,62,59196.776773
36.758382,57,59197.144337
39.004883,43,59197.382802
33.243101,44,59197.6184
3.020616,48,59197.913827
14.714102,47,59198.191204
54.861443,54,59198.508927
89.852522,208,59199.795468
36.104344,35,59200.015687
65.06465,141,59200.805959
36.344636,70,59201.213065
34.040028,96,59207.684373
9.611711,66,59208.041619
44.84588,48,59208.320015
166.381332,208,59209.501664
35.769132,34,59209.734611
568.382692,600,59213.22438
23.738068,43,59213.477327
59.68523,150,59214.461302
57.42651,78,59214.944263
17.086472,58,59215.308136
28.72203,58,59215.670175
-13.972299,47,59215.955062
404.423654,600,59225.170125
73.557638,158,59226.015359
44.145789,65,59226.377029
45.086116,59,59226.703583
58.577591,62,59227.053494
25.137164,58,59227.389044
66.924393,100,59227.949416
22.976131,94,59228.473849
15.166112,54,59228.81359
36.656155,49,59229.083152
120.513596,205,59230.219679
124.457025,175,59231.321941
75.338996,143,59232.278263
260.087967,287,59234.113669
34.292433,52,59234.409189
22.504433,80,59234.902975
9.75074,62,59235.252215
45.63022,48,59235.504009
2.513523,56,59235.782995
1.61316,41,59235.999566
6.65923,41,59236.205999
58.019048,80,59236.618771
47.233372,600,59246.385356
258.780511,319,59248.417681
127.173139,217,59249.847006
64.585914,156,59250.881716
70.285512,132,59251.622305
42.957227,51,59251.875771
221.635466,298,59253.533466
214.544228,600,59263.351037
40.847271,48,59263.618964
568.5787,600,59266.95666
65.545618,129,59267.707708
107.378543,137,59268.406041
112.783646,147,59269.256337
40.22189,54,59269.597329
44.033612,88,59270.097004
13.998835,73,59270.532182
46.31364,45,59270.791275
-11.866242,119,59271.603616
316.396699,368,59279.67626
76.860364,97,59280.276594
83.910224,600,59284.102
85.878482,108,59284.821431
34.223494,121,59285.540908
38.659943,54,59285.855841
0.457584,45,59286.143751
35.90656,38,59286.343837
321.486994,383,59288.504131
50.865952,64,59288.856502
26.218312,600,59298.110319
-9.11279,267,59299.715667
29.169569,168,59300.667929
79.840841,160,59301.598211
41.481917,72,59301.990171
77.031028,149,59302.910157
34.288089,109,59303.656358
8.885222,74,59304.168462
541.347202,600,59308.18105
147.987348,187,59309.393378
27.853067,47,59309.702351
7.062041,43,59309.989493
32.385369,44,59310.25017
80.0462,600,59319.691806
75.635393,148,59320.539254
43.968944,53,59320.861192
105.885933,142,59321.716965
296.320121,357,59323.798094
20.266573,35,59323.985706
29.894479,64,59324.367971
45.809392,600,59327.637805
12.539873,79,59328.112389
36.799639,63,59334.502259
32.704569,91,59335.070287
65.735433,168,59336.246011
7.411387,51,59336.636951
57.965075,63,59337.122507
97.818154,116,59337.863146
40.932629,53,59338.229486
65.478261,160,59339.190272
154.654605,195,59340.280682
299.803651,600,59344.161228
27.992127,57,59344.518776
53.388384,87,59345.03474
1.351295,41,59345.254606
37.497499,50,59345.5496
89.756439,136,59346.324363
548.014823,581,59355.500947
24.686941,57,59355.844373
40.155699,59,59356.233901
32.765618,47,59356.517744
6.825709,86,59357.049001
45.423777,47,59357.34163
58.704794,114,59358.023859
-1.294241,46,59358.307163
32.963261,56,59358.6475
103.184186,142,59359.486416
40.212543,42,59359.772654
166.883719,221,59361.023401
33.23951,42,59361.284415
34.554379,47,59361.560245
107.207967,169,59362.575866
11.8226,40,59362.823908
-2.595269,56,59363.162681
19.843364,169,59364.160741
87.172012,118,59364.793807
49.903929,62,59371.034501
54.903052,133,59371.786502
310.413213,399,59374.009434
32.488766,50,59374.318172
58.502057,79,59374.84379
532.018505,600,59378.482991
30.449464,76,59378.911724
532.753044,600,59382.487254
38.128957,46,59382.819807
66.175893,106,59389.510642
17.130364,68,59389.987467
99.064796,151,59390.949072
70.231197,111,59391.582217
73.823972,118,59392.258728
27.511748,41,59392.501811
48.765755,54,59392.792762
133.741591,167,59393.721364
69.370038,130,59394.507074
11.849748,74,59394.960085
36.326796,72,59395.361177
104.490613,157,59396.277552
37.233862,49,59396.593168
53.274652,91,59397.161949
415.357795,600,59400.637626
30.447622,56,59400.978414
22.461566,81,59407.509189
41.650229,58,59407.866737
112.181306,201,59409.020362
123.346299,164,59409.96195
38.747136,57,59410.293117
32.697987,68,59410.723209
26.536116,36,59410.919197
42.537958,58,59411.232095
46.947214,53,59411.53967
2.606976,53,59411.827241
47.22115,46,59412.083794
56.662713,600,59415.35404
-1.846858,115,59415.968439
41.410178,61,59416.29762
3.063019,65,59416.649374
-10.416514,64,59416.974868
166.229979,200,59418.066634
49.608751,56,59418.378445
87.222146,159,59425.060804
75.356955,157,59425.996587
29.246047,96,59426.485252
44.641133,51,59426.76807
45.814993,49,59427.049747
140.871569,189,59428.117075
67.958314,110,59428.726378
46.478677,47,59428.993796
69.003554,114,59429.629641
42.256033,49,59429.898402
137.06998,194,59430.954654
69.596566,124,59431.622811
38.657871,84,59432.126344
70.770706,163,59433.03067
-3.30657,129,59433.813447
95.027587,199,59434.932774
37.969166,44,59435.158147
60.61454,73,59435.56706
33.306822,56,59435.860936
32.693748,101,59442.825703
34.409856,69,59443.205285
37.639327,58,59443.541852
129.043908,156,59444.376522
59.818813,167,59445.304345
11.916399,49,59445.584301
48.174194,52,59445.858818
32.219079,52,59446.170149
66.930172,127,59446.923453
538.647116,600,59450.410603
119.621869,191,59451.529469
26.071717,55,59451.859668
28.772734,65,59452.223435
111.53058,136,59453.048546
53.044687,170,59454.068511
500.404304,600,59463.514841
207.587289,240,59464.806543
31.428053,83,59465.231917
80.345078,105,59465.781569
102.661256,175,59466.766369
34.498937,45,59467.002775
28.790906,53,59467.306099
93.972927,112,59467.943099
141.208342,170,59468.880711
33.135978,38,59469.087679
46.537803,81,59469.605751
212.780879,375,59471.899049
96.94024,172,59478.987719
33.378558,68,59479.378552
90.940408,116,59480.043276
31.94712,70,59480.432936
9.310723,42,59480.690147
20.834876,95,59481.244328
35.666062,135,59482.022706
73.934647,113,59482.606475
55.271111,68,59482.996428
566.128138,600,59486.274306
146.187959,200,59487.370468
150.521393,600,59496.887805
71.147148,71,59497.283861
14.07675,77,59497.742709
32.801301,42,59498.009977
32.254474,59,59498.376854
126.273016,178,59499.403517
113.065939,242,59500.771388
100.974466,153,59501.716167
20.073244,59,59502.09049
51.003644,80,59502.602671
477.785542,600,59506.037555
23.467281,147,59506.952774
65.355015,71,59507.423038
33.711036,61,59513.564348
21.177893,73,59514.081441
79.525403,123,59514.900358
38.979152,67,59515.294607
102.370123,139,59516.044139
65.566265,198,59517.072524
32.095578,49,59517.341896
-0.276817,41,59517.577975
73.221352,122,59518.308156
-4.587887,47,59518.553501
28.105642,49,59518.870566
112.889525,185,59519.93394
151.509188,201,59521.004411
40.893054,55,59521.303751
36.294361,45,59521.546505
21.98969,46,59521.817222
34.289514,53,59522.131022
38.124853,66,59522.487223
30.270757,51,59522.77045
42.318816,42,59523.02486
-3.977731,71,59523.469252
53.476845,124,59524.306803
50.990322,81,59524.868801
106.507331,166,59532.195596
46.222511,47,59532.494273
40.113353,57,59532.862532
60.986536,59,59533.216945
54.219939,61,59533.583073
-6.604703,38,59533.820539
87.274127,134,59534.619302
37.108678,48,59534.905363
36.514836,41,59535.175773
462.089718,600,59538.943993
21.970967,49,59539.217635
25.969879,600,59542.773527
50.368158,76,59543.168646
482.142953,600,59552.358885
-5.182196,52,59552.622275
31.805141,80,59553.07482
56.07417,90,59553.573837
-13.07226,41,59553.801224
57.843949,600,59557.327735
46.099064,46,59557.571528
6.364814,94,59558.074263
39.792284,47,59558.33018
33.200559,53,59558.617049
38.742486,600,59567.555216
39.771911,56,59567.878552
61.743642,110,59568.488576
96.7717,189,59569.502134
32.447885,66,59569.863324
30.748456,41,59570.089145
23.059885,48,59570.338903
37.211443,44,59570.598565
13.565363,52,59570.913283
36.151576,40,59571.152028
30.81772,55,59571.481908
36.049089,59,59571.858555
37.458888,59,59572.223808
-1.965584,42,59572.491893
90.130873,119,59573.164256
35.791926,39,59573.391742
30.225621,89,59573.886568
39.434006,40,59574.102008
34.11635,51,59574.41977
34.415659,55,59574.799744
43.579435,37,59575.05891
103.221167,145,59575.962863
41.067635,55,59576.298292
26.607301,37,59576.531208
29.467309,117,59577.270973
26.980975,37,59577.514732
55.106428,201,59578.629895
15.174451,67,59578.977861
-7.553119,47,59585.227641
35.121704,47,59585.499401
36.695908,52,59585.788872
41.716742,68,59586.150172
454.871705,565,59589.204592
15.027855,54,59589.493587
43.988776,56,59589.800587
113.321113,222,59591.07542
109.8269,145,59591.881459
56.633383,202,59592.958598
262.053053,327,59594.840318
-5.292483,63,59595.238437
42.615366,70,59595.687874
4.397743,44,59595.955014
56.434013,131,59602.709307
40.829425,57,59603.057739
48.567138,49,59603.377257
-8.969877,68,59603.815975
37.911939,35,59604.032839
58.347414,81,59604.483255
47.994528,112,59605.088894
41.122713,65,59605.466667
94.111718,114,59606.12836
-2.800526,45,59606.38484
61.412216,73,59606.770187
23.936423,40,59606.99099
102.058652,228,59608.306575
22.74856,37,59608.526027
34.533549,81,59608.986718
39.121415,34,59609.175178
30.605742,59,59609.527375
40.141925,59,59609.893622
567.471221,600,59613.211845
29.090712,117,59613.837516
143.511414,259,59621.26953
31.234226,49,59621.539757
38.050134,60,59621.868585
29.38374,50,59622.167533
45.425903,72,59622.577409
-4.456332,53,59622.919307
71.310453,170,59623.921149
6.372962,45,59624.192332
50.165552,102,59624.764642
97.878524,166,59625.649179
12.990414,63,59625.99608
285.795343,355,59627.964768
34.899604,60,59628.272814
26.610137,56,59628.585078
60.886115,83,59629.057324
40.693586,107,59629.677491
46.507648,41,59629.904429
37.250922,107,59630.4955
38.3216,71,59630.875308
33.813768,49,59631.172161
39.890385,46,59631.44133
347.975925,413,59639.760971
-14.542208,41,59639.979964
40.428707,41,59640.201499
98.766786,178,59641.226669
79.515245,212,59642.409932
27.368541,90,59642.987097
43.294214,45,59643.262043
16.423923,67,59643.679256
33.28451,79,59644.180523
36.294566,82,59644.708387
16.666602,50,59645.047352
44.444612,89,59645.595801
94.131295,202,59646.657008
51.870535,61,59647.013975
28.690039,43,59647.263218
24.858888,93,59647.72488
514.459259,600,59657.297604
481.539983,600,59660.438648
31.116632,59,59660.763159
34.190936,42,59661.014595
101.52335,232,59662.359597
121.452921,151,59663.178378
39.883194,54,59663.460496
7.602748,125,59664.128539
40.6681,54,59664.452001
30.383123,54,59664.77147
115.869108,600,59674.173543
88.177998,146,59675.012178
37.937023,66,59675.380461
127.285297,192,59676.422821
170.437075,219,59677.834799
72.810526,600,59681.435771
138.379084,600,59685.026055
169.910032,191,59691.764126
33.663328,49,59692.028642
165.565699,205,59693.097921
81.397317,132,59693.85415
12.196179,600,59697.406234
-2.130559,52,59697.763459
2.191922,39,59698.009363
67.574347,79,59698.530277
272.61499,600,59702.202387
21.276459,75,59702.682738
2.773899,55,59708.888899
82.853887,111,59709.581123
44.049294,66,59709.999816
40.641562,43,59710.255297
10.106844,51,59710.540242
13.174642,46,59710.782353
-4.448057,41,59711.011637
320.809155,382,59713.002901
28.638622,77,59713.449337
35.395829,38,59713.639729
119.506732,191,59714.756168
120.529183,145,59715.756703
252.755977,356,59718.013113
36.479879,61,59718.412151
45.177136,73,59718.926001
34.443346,36,59719.172015
30.163792,42,59719.446781
38.698622,52,59719.833855
186.610997,342,59727.687546
38.018751,130,59728.394631
-14.020384,69,59728.801075
33.104068,79,59729.223873
37.133833,49,59729.493205
40.563663,45,59729.737365
42.217241,38,59729.933703
97.155149,196,59731.063435
101.723543,141,59731.842396
36.366479,72,59732.241328
3.976009,62,59732.618919
567.793985,600,59736.150259
94.209624,174,59737.097083
37.613231,52,59737.39241
4.378083,63,59737.755658
54.270292,113,59738.396305
523.877051,600,59747.686361
33.154903,61,59748.028035
-12.685112,66,59748.427102
70.636647,141,59749.271711
52.438556,82,59749.74784
40.038931,126,59750.493917
33.943854,62,59750.854953
223.01492,339,59752.860484
85.50633,215,59754.1287
25.75429,82,59754.609235
13.637362,60,59754.972862
106.946764,173,59755.912894
46.068889,50,59756.201148
42.118924,54,59762.244031
37.663359,40,59762.47021
-7.932834,44,59762.726676
-1.492755,38,59762.949431
45.756165,45,59763.186148
-1.248427,173,59764.061935
25.811102,46,59764.331097
158.466223,186,59765.483125
12.995495,600,59769.175704
22.88101,53,59769.473082
37.113488,36,59769.678524
191.935982,232,59770.916689
10.029243,49,59771.199034
52.937714,600,59780.576298
64.360218,85,59781.15801
43.461134,133,59782.079065
43.354205,51,59782.456527
42.622339,61,59782.890401
40.331379,73,59783.317805
26.10784,37,59783.554941
5.835214,42,59783.809712
128.937029,184,59784.986931
62.389033,105,59785.644202
35.803164,56,59786.01133
69.299596,123,59786.770107
75.320596,155,59787.586714
97.695797,158,59788.507738
474.417442,600,59791.903079
25.66938,149,59798.759044
50.072652,56,59799.101652
527.088671,600,59802.412633
73.361153,87,59802.925434
11.850594,45,59803.184888
142.813255,175,59804.181108
1.78814,41,59804.411157
141.993881,230,59805.82794
43.257403,91,59806.417247
69.215229,84,59806.946561
40.027581,60,59807.296704
41.391575,79,59807.751736
33.534983,94,59808.293077
109.481216,140,59809.091298
33.602329,45,59809.355885
45.077721,68,59809.755685
20.691554,56,59810.078707
556.837174,600,59819.369834
43.160937,58,59819.696019
34.071947,73,59820.126913
415.478397,600,59823.652178
41.604293,59,59823.957183
89.526647,164,59824.860419
37.036929,45,59825.140104
282.970176,330,59826.950439
46.354268,58,59827.257796
488.332542,600,59836.896113
13.271075,69,59837.283462
45.481098,61,59837.647706
5.393001,39,59837.856217
72.50515,83,59838.342524
69.497799,142,59839.09798
113.882416,164,59840.094104
563.494517,600,59843.606814
12.268074,60,59843.912811
43.826881,134,59844.651398
33.241814,51,59844.930637
520.15707,600,59854.433488
42.046248,74,59854.878887
42.987571,51,59855.172313
584.012406,600,59858.788134
26.478064,90,59859.305722
25.639032,59,59859.618721
53.347107,89,59860.125849
121.511903,163,59861.03508
43.12295,40,59861.262086
137.851798,233,59862.741088
42.300532,41,59862.994331
113.530538,176,59869.957709
108.185889,210,59871.171921
26.197441,115,59871.808306
54.823558,69,59872.180798
30.813384,60,59872.517298
39.409576,58,59872.836818
39.447094,61,59873.163548
38.293086,56,59873.459905
18.406335,39,59873.671618
96.590829,143,59874.408548
40.192766,46,59874.648605
5.856855,51,59874.912674
12.103199,42,59875.140211
11.607908,55,59875.4667
43.12125,43,59875.693928
77.279342,203,59876.831942
34.959464,89,59877.392217
26.899253,56,59877.754307
56.365097,116,59878.470833
38.282863,60,59878.841351
46.633571,82,59879.318669
48.512142,92,59879.811417
48.429506,600,59889.502977
36.815841,54,59889.794573
61.495463,65,59890.127023
46.42641,117,59890.837314
46.276264,95,59891.392284
169.290078,228,59892.824186
30.938313,113,59893.470122
55.807036,600,59897.090191
-10.0,38,59897.330726
41.405509,74,59897.769401
57.117822,74,59898.240826
118.258522,155,59899.311724
69.477945,138,59906.058848
142.302988,160,59906.94096
-7.826469,61,59907.294915
553.413283,600,59910.862002
88.484351,600,59914.718619
448.249052,600,59923.743619
64.480208,66,59924.08251
41.261713,50,59924.349702
97.396619,126,59924.998387
112.737896,600,59928.455735
43.571485,55,59928.791258
34.039162,45,59929.064726
79.042919,190,59930.30956
64.520308,134,59931.210099
51.894717,48,59931.579579
25.440915,79,59932.127331
53.499007,250,59933.643649
42.979481,69,59934.038266
5.053328,86,59934.512707
146.471938,225,59935.825907
63.567639,181,59942.900119
123.995375,151,59943.677102
-5.319919,78,59944.09171
39.268338,43,59944.35422
96.103924,164,59945.335327
37.861556,48,59945.621358
43.481935,47,59945.917951
27.773453,157,59946.906083
-1.378073,42,59947.138271
49.098822,110,59947.757071
27.086053,67,59948.14028
41.71981,62,59948.513468
27.271858,42,59948.755302
26.126895,136,59949.576179
38.062331,44,59949.850263
35.489209,67,59950.242401
120.698884,188,59951.506558
2.342569,71,59951.913533
46.442377,83,59952.451452
62.068878,66,59952.85333
94.636118,128,59953.621004
459.494026,600,59963.23087
37.535005,73,59963.649189
139.887767,600,59967.529153
59.167878,73,59967.924388
39.10477,70,59968.328072
94.299353,163,59969.32063
-1.052659,40,59969.575817
527.288346,600,59979.389906
60.57144,600,59983.245011
28.102904,85,59983.740798
42.448463,79,59984.207542
51.155663,67,59984.630263
39.642531,53,59984.951036
36.426728,600,59988.836883
134.866316,169,59990.027064
34.611037,62,59990.403709
34.339426,63,59990.781356
32.029757,71,59991.203353
31.549529,100,59991.803686
111.536942,600,60001.737653
85.670728,143,60002.659232
38.672919,138,60003.494055
62.79935,67,60003.901292
46.766006,39,60004.136328
54.638457,121,60004.795101
43.644273,69,60005.179412
37.109108,47,60005.445581
106.051332,128,60006.186292
47.000493,53,60006.518049
43.34529,115,60007.224399
133.767873,179,60008.274619
23.687449,41,60008.544154
134.439672,164,60009.460387
51.114763,55,60009.788252
36.602307,60,60010.15093
5.601734,47,60016.516374
93.395131,116,60017.241938
33.71453,64,60017.626664
468.143612,600,60021.040626
32.451005,63,60021.455888
116.19997,180,60022.601701
18.190272,53,60023.003866
41.509821,123,60023.738834
32.508681,71,60024.150301
-10.975383,45,60024.409888
64.968481,560,60027.743001
9.082572,61,60028.105452
37.536692,93,60028.658298
62.392892,71,60035.343349
350.768967,432,60037.776266
111.968982,162,60038.726077
47.685098,146,60039.651566
497.699856,600,60043.370634
10.436696,42,60043.623465
146.701071,202,60044.78589
14.827968,66,60045.147243
47.52319,53,60045.444988
184.464473,228,60046.689005
129.354862,186,60053.949074
130.245505,153,60054.877502
11.869626,54,60055.176399
92.287328,133,60055.981554
37.158075,39,60056.214866
544.504868,600,60059.593009
2.938475,64,60059.975112
39.633594,69,60060.367663
44.856534,72,60060.790752
64.782974,141,60061.620641
113.468315,142,60062.472852
42.252623,43,60062.718822
1.844425,45,60063.021814
37.11057,104,60063.689706
84.116059,188,60064.874146
493.341403,600,60074.407795
38.72822,600,60077.930483
49.230924,60,60078.262902
40.818933,600,60081.895794
-9.324257,65,60082.30957
34.251283,134,60083.167349
23.871079,95,60089.943461
99.617808,177,60091.047858
4.26442,88,60091.629124
21.555092,39,60091.884329
-9.129879,67,60092.322745
42.974728,88,60092.904772
121.417965,187,60094.107877
27.826428,55,60094.455323
39.703877,126,60095.151851
40.583887,46,60095.404284
29.163204,57,60095.737357
30.854092,60,60096.109434
78.130195,180,60097.262764
57.517383,67,60097.668277
81.715811,109,60098.337211
48.835742,114,60099.035591
41.624847,112,60099.677358
233.341134,295,60101.403555
67.70346,91,60101.930502
583.427248,600,60112.243275
476.572713,600,60116.192853
-2.135034,103,60116.880161
43.781294,54,60117.210043
13.099275,70,60117.666489
83.559888,119,60118.422229
38.336911,43,60118.679611
3.32107,50,60118.992198
8.576629,65,60119.353894
13.110975,41,60119.585134
2.872749,46,60119.864274
16.431189,72,60120.288712
38.481957,37,60120.515999
38.935438,46,60120.806844
46.373876,72,60121.257383
14.339828,600,60131.720158
33.704765,49,60132.067488
108.7542,227,60133.462218
47.997649,46,60133.718068
76.304741,138,60134.454904
112.393096,126,60135.165202
22.237211,66,60135.567432
81.770207,157,60136.465956
19.194826,600,60140.215986
49.383599,43,60140.492884
48.316712,58,60140.841923
104.351264,155,60147.943521
134.923951,600,60151.424324
140.226666,203,60152.664921
44.998939,90,60153.22734
-16.270575,49,60153.549052
163.601525,201,60154.8834
116.395268,130,60155.733588
29.705822,76,60156.262689
49.179397,114,60156.973272
50.465761,71,60157.405854
23.481063,90,60157.94743
111.549238,184,60159.085404
39.348002,80,60159.58854
28.403059,90,60166.404308
60.011874,72,60166.821602
92.089332,149,60167.698436
132.577864,159,60168.599633
57.000605,130,60169.357772
151.876576,213,60170.579107
101.515173,180,60171.621829
452.172395,600,60175.121146
29.668493,102,60175.757986
29.594859,43,60176.041191
335.722624,600,60186.386215
114.289368,141,60187.190368
1.982043,41,60187.438004
72.588115,163,60188.368207
107.466487,160,60189.275509
48.44696,47,60189.544728
37.162849,63,60189.927626
21.162224,71,60190.365949
1.510757,40,60190.631715
26.930658,81,60191.155133
38.355924,248,60192.67707
31.565094,55,60192.995705
174.12309,241,60194.373916
18.575767,46,60194.639453
564.573751,600,60204.435936
16.021903,111,60205.166523
41.153784,46,60205.489807
34.620126,68,60205.962808
35.005173,55,60206.351886
6.183615,47,60206.675236
9.448116,54,60207.020208
3.643226,88,60207.590235
55.633623,56,60207.951274
28.833409,43,60208.219559
58.133216,144,60209.167489
-15.895273,53,60209.490424
37.344738,52,60209.827844
32.273164,98,60210.45106
153.152871,189,60211.697277
56.139273,88,60212.195067
36.161416,89,60212.765522
35.704624,77,60213.224796
51.911434,110,60213.878308
109.650612,139,60214.679014
35.657613,100,60215.240957
44.430844,90,60215.764842
295.226206,313,60224.055782
3.942131,41,60224.322982
235.127038,279,60226.076819
105.157272,139,60226.858203
22.226497,99,60227.473732
32.109945,48,60227.812137
-11.797609,47,60228.117911
41.129184,51,60228.463511
35.649787,80,60228.997965
35.93315,107,60229.736949
287.104006,600,60233.322325
40.286998,52,60233.619556
39.707044,35,60233.813301
85.275047,154,60234.680112
41.490304,43,60234.953936
40.29158,57,60241.684081
40.98484,56,60242.025757
27.403717,51,60242.345096
143.5266,208,60243.722141
21.911325,73,60244.188737
61.691838,57,60244.523648
30.700431,71,60244.96167
40.651519,74,60245.389684
197.175194,255,60246.873691
76.776905,149,60247.831549
114.082693,194,60249.083807
46.003434,60,60249.444866
27.012239,71,60249.886379
130.689741,224,60251.20744
63.119611,74,60251.650735
32.921604,42,60251.933725
45.255952,62,60252.347101
4.278371,69,60252.773113
84.580998,165,60253.852688
65.838453,600,60264.001741
8.984774,45,60264.304818
43.138985,65,60264.722867
35.883814,53,60265.041691
91.919797,150,60265.946566
587.926763,600,60269.715992
127.574715,194,60270.853262
10.364999,44,60271.117238
42.324418,79,60271.56676
28.570165,41,60271.805918
197.200641,235,60279.7021
39.55737,60,60280.064226
41.708576,44,60280.346687
78.124561,140,60281.299627
574.148973,600,60285.306626
5.592002,68,60285.7351
486.782788,600,60289.691296
75.525828,140,60290.511407
22.033863,100,60291.067712
379.48893,485,60300.435129
37.879926,55,60300.74502
25.432846,72,60301.155504
-1.920685,40,60301.395281
38.775971,53,60301.692004
-12.143707,39,60301.911354
40.882444,62,60302.2651
54.041148,600,60305.889392
88.323493,118,60306.683009
269.052652,398,60309.251107
-9.605191,49,60309.592946
37.189977,63,60309.994204
33.33978,132,60310.86133
31.823355,51,60311.179803
76.716746,171,60318.546241
33.581235,160,60319.555367
35.766176,44,60319.835762
521.032865,600,60323.775627
47.030772,68,60324.232037
5.889956,41,60324.535667
65.929796,132,60325.481909
89.493547,139,60326.503102
45.226026,90,60327.151576
101.393214,144,60328.174257
30.394826,77,60328.666741
31.360892,51,60328.964407
87.085509,172,60330.113135
132.498773,190,60331.509279
22.15496,46,60331.837166
20.739898,96,60338.734403
33.346562,96,60339.354068
36.157203,132,60340.163964
305.413114,388,60342.505749
26.924544,47,60342.823066
95.6141,157,60343.856637
95.684058,243,60345.421962
30.924489,41,60345.669344
82.770188,138,60346.492888
34.464434,41,60346.752932
37.635996,51,60347.078218
148.526042,184,60348.307508
27.736462,48,60348.626882
586.655966,600,60359.020212
258.953513,332,60361.306467
10.808043,69,60361.771686
38.9199,56,60362.162777
41.080577,68,60362.63657
46.248903,44,60362.94281
82.69166,156,60364.007786
38.201707,46,60364.309453
42.16558,45,60364.589872
31.312628,50,60364.904613
18.028478,600,60368.712941
43.882162,56,60369.06348
-2.209387,58,60369.430308
39.630752,46,60369.717242
548.508306,600,60379.645643
19.596703,44,60379.89696
10.629991,65,60380.296974
37.721865,66,60380.686724
23.838367,58,60381.044687
46.427962,77,60381.480803
-8.359515,46,60381.758594
25.804171,46,60382.03665
40.690815,54,60382.340627
46.428231,72,60382.777569
19.143528,38,60383.01865
-11.732777,41,60383.270022
39.326695,39,60383.534497
72.134533,145,60384.451842
73.836704,162,60385.409202
-7.869177,41,60385.637309
49.972539,55,60385.974778
34.042856,53,60386.285746
85.742704,153,60387.196575
141.719419,230,60388.613989
529.03828,600,60398.474303
240.655815,308,60400.336271
235.685573,338,60402.600039
34.086173,66,60403.08382
43.902058,42,60403.394003
40.746925,61,60403.867197
219.261353,276,60405.829924
53.78909,86,60406.343818
157.851379,211,60407.640551
27.76436,65,60408.059192
120.654148,165,60409.074203
35.521352,71,60416.034867
94.657182,122,60416.718905
51.593015,45,60416.974945
35.974417,37,60417.201297
87.293235,600,60420.795688
88.287916,133,60421.673964
78.965277,112,60422.419658
112.519655,145,60423.355185
46.456642,55,60423.67313
48.940863,94,60424.234338
36.244041,53,60424.53921
31.543821,36,60424.755791
130.460476,199,60425.952178
62.826704,72,60426.41238
31.710252,40,60426.671331
88.064746,293,60434.955913
45.230138,70,60435.441801
69.465813,84,60435.969965
167.036859,215,60437.262243
27.07982,59,60437.643106
45.798139,116,60438.357088
38.190292,44,60438.626054
265.126499,331,60440.509969
48.883675,57,60440.850938
46.747683,105,60441.478053
37.854127,46,60441.751107
116.077365,192,60442.872527
17.08985,75,60443.382153
-4.200701,38,60443.618032
67.940642,74,60444.081084
37.517473,60,60444.447652
520.018466,600,60454.380465
95.668093,131,60455.172961
10.388482,52,60455.518054
49.287684,59,60455.943448
39.035426,44,60456.238885
48.954562,99,60456.959717
60.106361,81,60457.49662
63.174185,98,60458.120429
38.253959,56,60458.451114
28.008632,122,60459.200322
27.524183,112,60459.94539
24.034681,54,60460.295431
41.211962,79,60460.81119
32.289254,64,60461.209728
56.26083,107,60461.872207
47.933616,56,60462.201594
86.072481,155,60463.150047
69.985495,72,60463.585864
85.617506,162,60464.54675
61.20716,154,60465.495318
39.988197,34,60465.703671
414.310487,477,60475.300928
232.029598,338,60477.529825
109.217648,600,60481.510993
55.409862,235,60483.090022
11.733305,88,60483.656643
56.051945,56,60484.037326
132.533723,178,60485.206232
14.678189,92,60485.748146
74.393632,95,60492.671497
16.203719,47,60492.935227
47.224388,89,60493.454383
32.745305,94,60494.020259
140.455263,166,60495.025594
7.948231,67,60495.458596
16.228112,71,60495.941749
41.691693,38,60496.198676
39.321961,54,60496.575069
34.512893,80,60497.125469
32.26976,53,60497.498789
41.030892,42,60497.784756
66.943399,121,60498.598787
40.228976,56,60498.96325
23.142765,48,60499.252487
-1.385591,53,60499.549577
11.218476,106,60500.177881
36.680849,47,60500.459784
63.339807,120,60501.180891
37.258425,42,60501.423292
49.922964,71,60501.827956
56.290055,67,60502.244457
31.644211,57,60502.587642
-15.777628,108,60503.225753
82.447539,133,60504.019867
12.900572,63,60504.382342
153.004557,600,60514.913006
515.881854,600,60518.71389
89.213354,600,60522.790492
47.179786,81,60523.291426
125.489771,188,60524.377387
19.09548,58,60524.73657
36.029209,84,60531.599633
60.761985,600,60535.534209
52.370928,62,60535.927639
107.873583,158,60536.9546
516.843795,600,60540.742883
126.02876,171,60542.018852
66.812674,141,60543.11757
554.252466,600,60553.653377
96.38428,216,60555.18983
43.146019,37,60555.450596
-1.592876,42,60555.74508
576.213192,600,60559.674704
117.82912,600,60563.663422
42.708157,63,60564.049112
7.119015,52,60564.364913
31.529451,67,60564.746662
502.241986,600,60574.55821
65.672839,83,60575.048418
546.911295,600,60578.745914
34.29066,58,60579.112344
42.009949,107,60579.796155
47.918343,43,60580.078961
66.78111,102,60580.723202
5.338179,41,60580.99174
37.168521,62,60581.355089
216.077064,600,60591.462498
34.133777,92,60592.013933
3.809991,44,60592.282921
144.674908,190,60593.430907
-1.640938,44,60593.71741
21.858919,64,60594.152911
36.645687,36,60594.395565
66.402318,243,60596.052266
409.153743,600,60600.011787
47.102115,57,60600.345931
80.478965,103,60600.973318
6.027161,76,60601.42026
404.244332,503,60610.928293
34.978709,81,60611.417672
49.891443,63,60611.775579
22.287193,64,60612.150694
49.662508,64,60612.558951
7.506426,48,60612.874032
31.158432,81,60613.431049
-12.92939,61,60613.861587
524.713961,600,60617.71698
516.937868,600,60621.12235
64.459756,91,60621.64342
6.252107,40,60621.890692
1.788714,70,60622.294797
101.953363,127,60628.862071
47.960973,38,60629.087606
84.999509,130,60629.889096
38.925328,58,60630.240384
38.817846,43,60630.50955
30.157087,75,60630.948087
96.788113,154,60631.889993
36.555254,94,60632.489057
123.876007,600,60636.333635
38.975275,136,60637.209793
21.59812,93,60637.838838
573.914975,600,60648.310435
50.448487,83,60648.838269
99.703197,136,60649.710711
92.919117,169,60650.772617
44.362601,62,60651.184894
27.83753,57,60651.597307
15.866568,51,60651.935521
294.158307,330,60654.13966
-14.325154,38,60654.415181
44.728067,58,60654.798558
121.016903,232,60656.296323
27.403238,39,60656.520364
542.787862,600,60660.055047
40.387287,61,60660.427449
29.500911,236,60668.259971
42.348919,53,60668.59752
21.381493,49,60668.910089
19.687871,64,60669.290205
46.498645,64,60669.692487
31.954515,99,60670.325296
28.856137,76,60670.782902
91.267414,119,60671.544515
107.915103,140,60672.425329
78.788717,114,60673.193623
39.679147,62,60673.608488
30.476347,40,60673.872551
99.613005,177,60675.030288
36.632735,49,60675.336089
30.117089,73,60675.812151
228.62864,276,60677.662812
41.460245,73,60678.164403
67.60323,70,60678.62368
31.95672,61,60678.982126
340.763013,445,60687.877465
82.714474,122,60688.663151
61.077425,89,60689.282528
37.502123,48,60689.627125
33.767069,45,60689.943927
34.094982,42,60690.241708
34.061533,67,60690.719531
125.706081,201,60692.07845
131.177501,181,60693.215705
5.163662,52,60693.536118
4.35479,43,60693.790848
12.780063,54,60694.105881
37.336648,56,60694.448597
75.465197,103,60695.100345
36.605767,53,60695.443061
42.035668,47,60695.756177
43.655426,65,60696.218706
39.885378,44,60696.527656
147.665711,234,60698.19855
109.391259,325,60706.772384
-5.238549,40,60707.017566
64.644577,121,60707.784366
34.567157,58,60708.156241
42.478351,41,60708.406156
80.059021,198,60709.718945
26.477875,68,60710.196099
37.009454,62,60710.588784
40.379208,50,60710.90255
26.811114,269,60712.712964
52.622631,57,60713.126163
40.625204,40,60713.389691
19.747137,65,60713.851761
25.551792,90,60714.450419
26.453786,69,60714.866044
66.408887,120,60715.61854
45.866971,61,60716.023358
113.571683,177,60717.149635
505.907873,600,60727.492462
131.545376,174,60728.681957
280.848582,392,60731.403957
89.164273,135,60732.324157
23.765896,91,60732.972922
258.507637,436,60735.962769
8.166201,47,60736.26151
29.508682,72,60736.732455
149.029052,600,60747.260405
39.946857,73,60747.742599
273.050028,310,60749.669949
125.558596,151,60750.642619
36.519868,56,60751.013595
0.937945,41,60751.278194
38.047611,69,60751.716285
523.214793,600,60755.460726
436.144384,600,60759.253703
10.530045,600,60769.665112
170.085554,226,60771.0994
53.514325,86,60771.656857
36.83457,41,60771.947971
79.429012,194,60773.270789
263.16023,338,60775.591264
56.003555,67,60776.1239
4.459884,54,60776.460833
55.533835,83,60777.017146
37.753142,107,60777.705855
525.054252,600,60788.176271
37.870408,56,60788.57374
47.532321,600,60792.41931
28.90739,68,60792.822354
77.003969,122,60793.65771
18.292637,600,60797.954064
47.528862,64,60798.426442
0.426104,65,60798.922466
-1.256055,47,60799.274846
68.456284,600,60809.658521
9.609044,95,60810.225508
38.878901,47,60810.512326
12.977461,600,60814.313469
106.275191,143,60815.123243
11.809996,53,60815.432153
41.448002,63,60815.771593
40.831949,60,60816.1099
206.966223,264,60817.685766
92.037708,142,60818.529914
40.460074,63,60818.902885
283.806752,336,60827.607823
82.634476,157,60828.592144
48.666002,67,60829.011845
30.787247,84,60829.539435
267.563769,374,60831.827048
39.242716,74,60832.303096
26.528823,52,60832.627987
250.545721,271,60834.434722
38.543971,50,60834.746884
11.251786,93,60835.348361
378.977289,458,60838.288815
-7.855731,41,60838.553038
67.985054,108,60845.733323
143.981252,191,60846.938692
355.106152,529,60850.14516
34.359055,72,60850.588245
113.740455,168,60851.71926
46.351348,63,60852.141733
301.525342,371,60854.424531
38.37813,66,60854.819058
29.058651,67,60855.290275
57.923097,58,60855.671695
22.65799,51,60855.996979
53.297606,84,60856.554395
473.952148,599,60866.977039
30.64376,41,60867.213157
31.489169,111,60867.850241
22.78588,54,60868.157108
31.839521,57,60868.495757
21.80264,44,60868.74209
-13.834951,41,60868.990591
-2.922704,69,60869.401163
29.279375,59,60869.75186
21.523968,78,60870.198959
33.01316,91,60870.734178
39.723173,70,60871.136523
57.502079,70,60871.577346
66.659999,93,60872.087341
40.178771,59,60872.450357
124.775651,207,60873.818771
102.689296,162,60874.896345
35.632443,60,60875.30758
26.415126,52,60875.590822
36.245537,103,60876.165837
65.01388,73,60876.560771
-8.208899,40,60876.786747
48.179074,39,60877.023536
550.301943,600,60887.050139
517.802047,600,60890.856655
66.710587,600,60894.670262
7.107677,52,60895.012871
52.480073,65,60895.43723
95.904771,183,60902.85474
35.150165,50,60903.167791
54.444562,52,60903.483171
189.274205,600,60907.034734
21.508827,89,60907.54697
556.276984,600,60911.081752
253.448523,318,60913.046705
19.185601,600,60923.187106
127.313439,180,60924.301618
40.055818,57,60924.649441
29.060458,55,60924.990362
33.294278,46,60925.225773
33.989222,53,60925.520114
1.868034,45,60925.776441
74.062899,89,60926.292601
6.708506,44,60926.547702
23.993132,86,60927.095274
45.481994,62,60927.487337
402.629182,482,60930.440477
40.540084,45,60930.741638
38.514065,69,60931.177431
86.695323,122,60931.954083
53.141915,58,60932.32714
37.07233,60,60932.705818
24.533501,129,60933.54608
51.484499,72,60934.086997
98.868101,164,60941.491116
31.012413,40,60941.78455
35.322727,110,60942.62709
37.702058,54,60943.017719
3.601621,48,60943.373795
51.014573,56,60943.767557
37.432214,66,60944.192725
14.57138,70,60944.623375
35.190428,42,60944.866982
46.919883,104,60945.488263
307.221563,379,60947.682747
222.302751,281,60949.380143
123.783555,190,60950.577326
46.50571,67,60950.98265
96.407775,178,60952.015156
49.058571,40,60952.276045
122.076572,207,60959.840762
133.127133,175,60960.983146
-8.970055,64,60961.381123
48.347334,63,60961.770167
21.767014,82,60962.314943
32.46092,44,60962.585246
72.518882,121,60963.312908
22.586985,61,60963.65102
53.819218,53,60963.986353
39.474268,56,60964.364505
51.043395,66,60964.803336
44.442127,57,60965.155314
50.335551,76,60965.614391
98.092072,143,60966.528526
92.361887,116,60967.279669
96.890201,133,60968.03673
28.859549,33,60968.229901
34.712607,67,60968.654367
-3.043908,59,60969.0283
28.779655,177,60970.182042
-0.353774,52,60970.537322
74.132456,70,60970.973594
73.009569,108,60971.604493
34.024354,40,60971.841189
29.842006,49,60972.125162
38.190219,41,60978.681829
9.151378,67,60979.069086
60.309619,69,60979.474146
86.216562,600,60983.487467
60.757664,83,60983.980384
34.32048,56,60984.30168
6.327619,44,60984.576194
106.645554,150,60985.45766
63.971741,73,60985.868922
34.672071,61,60986.232908
167.825505,339,60988.320656
45.840252,41,60988.584433
37.424129,60,60988.961211
33.363024,44,60989.275985
27.955456,97,60989.911005
54.45747,66,60990.343461
36.629179,58,60990.73641
23.039691,88,60991.31717
8.563974,106,60998.336223
4.782917,45,60998.641869
46.748401,44,60998.956286
28.877834,57,60999.331197
22.556262,46,60999.629737
37.762424,74,61000.112575
133.015874,326,61002.147705
35.624921,52,61002.464035
217.408215,247,61003.987789
49.476874,110,61004.705503
32.518982,600,61008.430375
40.812323,51,61008.754483
178.432839,191,61010.002929
33.12201,59,61010.410524
141.654322,325,61018.707148
32.640247,77,61019.156114
40.673042,82,61019.639153
111.423237,161,61020.664499
40.732365,60,61021.073619
35.323839,48,61021.386616
50.470689,158,61022.436245
43.468484,61,61022.887255
22.397706,97,61023.497034
15.805408,65,61023.847102
72.025612,75,61024.307196
116.041407,151,61025.272256
543.793344,600,61028.932416
35.957201,52,61029.24771
36.512219,52,61029.547069
72.119867,600,61039.543592
29.798911,46,61039.842848
28.564577,49,61040.174874
-5.676179,55,61040.539828
26.43399,56,61040.906065
99.179148,145,61041.748379
33.410129,84,61042.21703
60.258047,115,61042.900778
15.7833,57,61043.230987
57.463488,73,61043.64853
39.126218,157,61044.679903
34.757207,59,61045.064409
43.420079,45,61045.357952
0.130517,46,61045.657078
51.483926,63,61046.060855
28.434819,97,61046.72859
48.955049,67,61047.179576
39.431724,41,61047.43677
68.874217,121,61048.133715
35.027459,64,61048.526977
192.054151,250,61056.1305
30.344464,56,61056.479993
72.020616,149,61057.344468
41.944931,56,61057.654153
93.039753,600,61061.168013
52.277525,67,61061.587789
53.073147,195,61062.789334
534.23042,600,61066.412078
37.631,55,61066.774367
-4.278184,43,61067.068936
149.440855,208,61074.616798
45.29092,49,61074.917501
7.003463,70,61075.3524
37.246276,81,61075.852948
63.818069,70,61076.321178
90.103508,129,61077.090104
24.160069,43,61077.365243
15.832776,51,61077.685256
253.826198,381,61080.09024
26.004551,72,61080.557443
42.760015,86,61081.132659
2.168173,50,61081.441112
131.505422,241,61083.108755
45.706219,53,61083.478195
186.384801,276,61085.3784
7.744313,80,61085.932028
13.936672,62,61086.342951
-6.537087,38,61086.575899
30.164758,68,61093.082363
112.161358,148,61093.948624
79.802196,107,61094.599078
37.381252,94,61095.194822
146.707476,202,61096.462441
-7.016885,40,61096.717922
44.287737,70,61097.171623
93.540484,138,61098.075271
124.68644,195,61099.344068
11.110949,73,61099.807946
34.800711,54,61100.163954
40.68008,65,61100.589166
50.990559,84,61101.109979
95.387472,212,61102.392829
32.225149,66,61102.854034
19.136673,55,61103.234778
18.644809,82,61103.840847
41.291209,52,61104.204947
93.066608,122,61105.013827
578.746566,600,61115.366601
102.278508,600,61119.015869
51.298135,61,61119.390207
41.686768,600,61123.020619
38.276908,51,61123.339686
55.845053,69,61123.801368
37.329766,43,61124.098825
32.42347,92,61124.714676
515.206921,600,61134.970764
7.683863,67,61135.468508
42.00207,46,61135.776457
35.115503,54,61136.162351
40.576051,98,61136.822956
-10.836875,105,61137.475464
145.461393,205,61138.661871
30.817847,60,61139.005363
37.581561,36,61139.216299
-10.87579,57,61139.542353
149.464758,233,61140.862057
5.822628,41,61141.095963
194.608468,221,61142.54403
47.398925,54,61142.937446
106.804521,288,61144.704808
29.036334,89,61151.7622
49.348214,69,61152.156508
36.304828,50,61152.456993
316.841645,600,61156.023641
13.766963,90,61156.535965
171.546383,314,61158.435356
151.992016,190,61159.645868
44.147534,62,61160.032446
279.356649,356,61162.233804
78.159663,136,61163.010089
39.778021,47,61163.272174
51.35256,83,61170.053168
43.79699,68,61170.482234
31.866996,80,61170.977048
78.294821,126,61171.779086
339.226313,421,61174.392989
16.932225,52,61174.697453
38.28706,58,61175.010269
119.08485,176,61175.963351
31.090238,102,61176.533804
36.803372,46,61176.788879
0.855824,600,61180.351044
17.5026,61,61180.688787
23.769209,61,61181.05321
47.318567,76,61181.485265
51.143407,99,61188.083826
21.709208,50,61188.390032
13.440029,115,61189.063511
128.121108,184,61190.121547
83.250903,172,61191.044399
78.957257,104,61191.639405
91.25765,346,61193.711813
46.741654,60,61194.095984
19.662286,35,61194.317045
5.831265,92,61194.875273
565.938916,600,61198.570565
43.924767,44,61198.875832
37.757013,82,61199.35335
562.458385,600,61209.442434
109.422329,209,61210.775422
135.359519,200,61211.890334
63.382158,86,61212.375192
30.493207,73,61212.781216
45.81215,49,61213.049238
67.235121,120,61213.707615
10.364633,53,61214.026078
359.538397,447,61216.481997
42.16857,74,61216.88049
27.108871,88,61217.354319
44.10869,99,61217.913753
28.17962,87,61218.409316
64.829866,102,61225.115033
235.747136,320,61227.11068
-0.537168,109,61227.694962
42.187715,51,61227.958591
126.391544,172,61228.907252
61.012187,127,61229.634703
122.66942,196,61230.791623
26.549714,90,61231.332497
129.821495,201,61232.458148
44.837947,41,61232.675272
57.422686,75,61233.068345
38.807621,47,61233.344816
78.314436,118,61233.965951
-4.246776,42,61234.212225
48.346054,62,61234.57043
120.233059,600,61243.961591
101.470687,120,61244.606763
40.765291,47,61244.849851
36.534364,117,61245.4569
121.557171,194,61246.525876
101.50414,181,61247.566141
66.211724,122,61248.257736
126.631658,194,61249.289044
76.804273,600,61252.589173
116.08447,157,61253.401736
-3.863265,62,61259.873904
93.221857,135,61260.719961
497.583505,600,61264.421884
38.545386,40,61264.649213
80.885955,84,61265.154766
8.934745,71,61265.570897
19.614744,600,61268.987153
36.770104,101,61269.58299
48.833343,44,61269.829645
4.396741,82,61270.255756
77.157872,133,61270.946991
115.369976,172,61277.846693
47.404939,48,61278.109683
-10.965945,39,61278.326523
16.149702,600,61281.910667
30.839824,49,61282.225826
34.065935,101,61282.842839
126.084739,154,61283.656219
139.556415,269,61285.32474
32.913704,73,61285.813935
14.231584,124,61286.690541
33.244279,38,61286.97343
26.622375,72,61287.39748
4.151329,44,61287.654096
89.466558,144,61288.460762
38.254628,67,61288.8303
70.108923,156,61289.730374
-10.161147,38,61295.855922
43.70734,63,61296.238199
40.686598,42,61296.500454
23.827446,68,61296.926342
565.376133,600,61300.50226
86.800166,139,61301.274933
118.516499,160,61302.154009
15.877596,63,61302.503723
157.088676,277,61304.105436
-12.897358,38,61304.311933
54.013499,62,61304.712512
12.025533,59,61305.074799
9.097884,44,61305.353097
32.75569,54,61305.665143
63.645291,200,61306.743775
43.512229,36,61306.946475
27.905344,64,61307.30563
57.595991,167,61314.075134
43.254184,38,61314.326216
12.014702,59,61314.715989
3.277137,40,61314.959927
22.402615,76,61315.461479
40.267747,102,61316.118706
-0.372903,45,61316.441059
-6.460223,42,61316.716959
35.67111,64,61317.097108
95.499843,155,61318.047482
137.131643,165,61319.031068
96.764343,600,61322.635357
43.033682,75,61323.068492
20.795079,71,61323.494214
53.565542,72,61323.913303
132.767006,600,61333.565905
37.517205,51,61333.837161
36.378697,61,61334.171468
39.274424,59,61334.498499
88.137457,160,61335.352358
41.01588,94,61335.854003
87.420871,202,61336.932546
168.634919,247,61338.281758
85.92042,144,61339.119274
41.103568,46,61339.388162
99.201079,165,61340.409821
24.308277,54,61340.744957
56.300073,103,61341.406258
5.346559,39,61341.646251
549.905728,600,61350.980325
25.174413,46,61351.224949
39.201714,45,61351.46186
158.550905,222,61352.685526
111.145484,133,61353.458059
10.506965,53,61353.808078
-2.755719,95,61354.444033
6.96378,600,61357.844269
21.767104,84,61358.295144
134.895179,600,61367.785039
47.035237,70,61368.169882
34.478026,46,61368.430149
37.149834,62,61368.755127
29.268912,52,61369.029689
33.620393,46,61369.264388
4.079084,50,61369.531301
12.488812,42,61369.744526
100.422708,147,61370.525406
35.890173,123,61371.161754
43.372959,81,61371.633666
61.660166,114,61372.308028
33.785654,87,61372.811995
110.398284,177,61373.852535
34.447916,70,61374.293322
94.006592,148,61375.185823
123.130421,175,61376.20234
43.313407,51,61376.481496
51.224877,325,61378.184357
85.599367,172,61385.097143
129.998832,600,61388.493968
7.4982,78,61388.925935
42.947918,53,61389.217674
81.107974,199,61390.412811
54.313527,86,61390.938082
38.563549,51,61391.250213
34.210306,106,61391.955843
4.16686,41,61392.216617
37.044394,600,61395.581769
87.908378,85,61396.150097
236.149317,283,61403.929872
18.404574,600,61407.409927
35.107682,70,61407.807751
385.356301,600,61411.367383
145.534862,190,61412.366204
68.645158,128,61413.043186
6.47974,49,61413.31312
65.520712,600,61422.804543
484.782997,516,61425.656065
492.907903,600,61429.409262
28.720307,139,61430.182082
126.234308,220,61431.454038
0.096569,44,61431.712701
95.442379,134,61432.47526
315.837858,417,61441.008539
56.482599,52,61441.318933
4.968589,110,61441.986819
35.992885,45,61442.281147
112.495571,166,61443.23088
49.831611,97,61443.803197
104.986819,164,61444.78996
19.729033,75,61445.249041
8.495167,53,61445.562233
49.001092,87,61446.091419
42.13799,60,61446.449976
583.107279,600,61450.065996
65.784891,600,61459.905454
63.946154,94,61460.435889
21.865582,103,61461.023372
73.559737,600,61464.591641
137.352636,172,61465.622627
18.991136,49,61465.943028
41.979727,40,61466.193516
121.959553,164,61467.167616
51.493193,161,61468.016198
33.925381,46,61468.278979
56.177744,140,61469.080504
113.646518,182,61476.150975
37.278383,129,61476.943849
49.663639,57,61477.248893
48.444191,120,61477.890399
4.931062,47,61478.13661
65.957921,117,61478.715104
171.204783,224,61479.887418
76.751501,108,61480.463998
33.365113,59,61480.821557
54.471963,64,61481.157958
57.598481,128,61481.843636
106.091606,146,61482.629113
419.683978,505,61485.520189
11.737912,47,61485.81064
5.175029,49,61486.073087
102.724328,158,61493.238197
-0.221759,40,61493.473085
35.378923,48,61493.744682
40.353722,75,61494.175786
52.138568,59,61494.494816
32.474802,114,61495.197925
34.65784,54,61495.536813
34.927258,86,61496.056677
172.699136,230,61497.570853
40.500292,44,61497.867659
30.107237,600,61501.396832
543.929516,600,61504.910408
41.944308,46,61511.254347
33.969175,65,61511.620217
30.245685,109,61512.254722
42.94888,50,61512.560497
39.997904,66,61512.940974
111.697344,176,61514.054775
33.050953,51,61514.359032
-1.582657,60,61514.719472
545.376199,600,61518.223277
7.261951,68,61518.599175
59.291247,78,61519.024782
153.956339,206,61520.092533
18.533243,600,61529.853391
-3.787096,38,61530.050013
100.948868,156,61530.929933
154.534,217,61532.141104
34.688962,55,61532.476828
-1.43221,64,61532.935524
560.182394,600,61537.001515
40.327633,80,61537.495942
82.237827,145,61538.318262
42.281746,60,61538.667372
35.261571,52,61538.947013
34.681725,50,61539.223406
95.676618,148,61540.056209
82.191484,136,61540.875736
481.961674,554,61549.077319
589.832595,600,61552.219734
137.416695,160,61553.096739
58.176268,86,61553.570604
29.856622,51,61553.851565
146.087456,148,61554.63969
175.05619,230,61555.829303
35.927721,46,61556.085246
79.923154,143,61556.86817
39.411684,51,61557.156112
50.341353,97,61557.787453
97.449346,600,61567.329564
126.73541,195,61568.37233
127.106141,168,61569.399534
129.319868,166,61570.389835
113.693346,181,61571.498886
23.621387,42,61571.749049
155.283099,187,61572.778658
39.199551,67,61573.149148
28.569234,35,61573.356807
38.379542,600,61583.893107
102.08509,123,61584.618168
29.245004,40,61584.83569
101.058531,167,61585.764673
504.449912,600,61589.432297
51.330978,55,61589.814255
143.436496,196,61591.26147
27.376606,87,61591.789156
35.916956,600,61595.356984
12.487161,58,61601.704813
127.586261,224,61603.032769
43.208149,55,61603.347897
124.679726,158,61604.297681
72.269221,113,61605.034685
66.273222,132,61605.865411
111.269012,143,61606.745686
43.77067,49,61607.005285
19.243429,68,61607.419302
36.387447,65,61607.802572
1.121141,81,61608.261125
23.473877,74,61608.725644
59.13006,64,61609.134678
0.251626,90,61609.66404
40.796878,37,61609.898095
7.540039,600,61613.459147
165.566896,230,61621.124476
-2.888189,82,61621.739324
375.113107,485,61624.911046
51.981351,197,61626.185553
-4.370749,59,61626.57795
267.327127,382,61629.149081
288.42184,364,61631.636515
29.211428,45,61631.908361
26.769973,48,61632.214713
96.884779,134,61632.971426
37.047977,58,61633.30909
66.300995,152,61640.495188
108.026931,192,61641.600736
74.016019,134,61642.35568
44.183396,65,61642.740965
70.377194,143,61643.538271
34.423514,48,61643.80792
31.893525,108,61644.406914
36.171456,52,61644.692353
274.598816,386,61646.816987
86.328507,156,61647.73488
34.875422,81,61648.220085
9.363837,56,61648.563499
43.148846,47,61648.855588
54.849203,51,61649.153367
31.445662,31,61649.343369
-0.402437,45,61649.642613
14.121896,56,61650.004595
37.600993,45,61650.273842
51.738488,66,61650.655063
550.058432,600,61660.466428
55.888846,59,61660.846129
23.866412,121,61661.546948
126.591266,175,61662.60393
39.420252,70,61662.996395
30.938277,83,61663.445368
78.981616,180,61664.496167
60.537141,90,61665.005239
31.082703,47,61665.286189
180.60183,600,61668.827174
46.60916,61,61669.200827
38.612088,53,61669.525099
30.463365,92,61676.299006
48.247041,49,61676.605253
74.820387,168,61677.583111
-3.762763,49,61677.861685
13.656192,600,61681.326949
45.256277,60,61681.700026
34.711722,600,61685.580958
486.930903,600,61695.194757
156.473336,600,61698.761497
51.674533,65,61699.149482
110.936519,197,61700.374215
105.716564,185,61701.541451
63.100813,182,61702.581148
73.183852,84,61703.052017
268.060305,362,61705.131586
-6.716296,50,61705.448042
153.908468,302,61713.448004
36.297788,99,61714.029518
46.596519,65,61714.402707
185.56709,276,61716.031889
26.157183,55,61716.355842
40.838047,86,61716.875085
116.955703,205,61718.086286
15.972592,81,61718.547739
43.536303,90,61719.090752
40.916736,127,61719.833174
61.58967,75,61720.255999
455.14587,600,61724.188113
57.740115,69,61724.592939
36.039856,98,61725.125568
35.331946,31,61731.725711
522.839361,600,61735.584573
2.413911,40,61735.866071
46.742661,49,61736.178926
149.910862,204,61737.316905
19.901053,66,61737.742779
42.643996,69,61738.19984
-9.395781,42,61738.473166
29.43886,68,61738.923417
73.011706,98,61739.639158
112.96189,219,61741.132199
46.131332,55,61741.476486
36.772539,62,61741.831267
25.462963,50,61742.141902
26.74596,40,61742.395176
78.152332,600,61752.076275
131.081858,199,61753.208982
93.376443,184,61754.226665
95.257951,160,61755.116123
94.597189,129,61755.85184
57.702685,72,61756.242575
-5.300617,50,61756.526018
55.344339,58,61756.843143
38.040903,74,61757.271841
87.52623,126,61758.046231
97.304284,600,61761.692581
50.057782,61,61762.043221
41.633948,52,61762.353914
31.873544,66,61769.067256
2.9385,44,61769.344755
38.146381,49,61769.671839
35.027628,45,61769.97476
70.568523,130,61770.888238
39.718063,49,61771.236434
111.706322,175,61772.451288
-1.021596,43,61772.748755
65.470023,152,61773.673167
6.171047,40,61773.920763
89.554609,600,61777.609876
50.971293,126,61778.385219
8.569593,98,61778.962184
6.942274,51,61779.257679
43.300765,38,61779.470752
56.803427,130,61780.265731
163.313729,252,61781.785589
21.597117,57,61788.41372
19.764572,47,61788.731427
70.993592,133,61789.593217
124.692672,165,61790.651741
42.984765,56,61790.990381
69.677515,125,61791.690785
43.286304,59,61792.01718
2.314736,46,61792.289803
78.054926,78,61792.734757
43.626855,66,61793.141206
107.132787,152,61794.024579
26.755314,52,61794.344344
37.946751,79,61794.854485
58.010201,117,61795.678644
29.668945,63,61796.131031
24.98707,69,61796.602103
25.572785,67,61797.076418
16.374484,116,61797.809374
104.120151,144,61798.632925
50.311178,76,61799.082635
57.049323,600,61809.283475
45.050251,48,61809.597902
32.345303,191,61810.901249
42.749327,49,61811.241414
46.401448,144,61812.23841
13.043979,68,61812.702611
292.300031,372,61815.096843
25.98808,106,61815.784927
62.923363,600,61819.886653
41.85845,46,61820.159101
29.858939,44,61820.440945
37.755747,83,61820.946556
53.510514,46,61827.644976
-15.213073,40,61827.873179
24.957754,86,61828.363112
-3.113585,36,61828.594642
30.671966,69,61828.979199
32.65109,61,61829.330108
13.078639,40,61829.571254
61.7011,108,61830.172924
36.000746,54,61830.498503
54.834065,94,61831.04294
26.18407,47,61831.334044
78.212626,144,61832.281398
24.655948,65,61832.724087
41.222845,44,61833.04094
315.774839,414,61835.633551
40.822009,50,61835.944566
18.293425,62,61836.33177
33.979854,52,61836.644539
29.881672,57,61836.990458
383.458228,466,61839.706305
64.600648,137,61846.873768
33.805805,59,61847.25584
27.350343,85,61847.847076
14.462944,51,61848.217864
53.635079,137,61849.103959
-3.003325,41,61849.349532
49.682427,174,61850.376581
136.71467,240,61851.787854
-2.935136,52,61852.09908
17.451977,86,61852.615789
45.769814,63,61853.007539
43.037722,66,61853.4152
4.835863,48,61853.70984
54.876938,47,61853.995198
11.046358,60,61854.345508
23.709352,69,61854.758057
167.080125,224,61856.094775
35.217224,60,61856.44564
59.232945,62,61856.810534
25.210798,59,61857.16683
140.820363,208,61858.379528
74.73997,128,61865.478117
2.105484,41,61865.722635
9.994663,46,61866.015332
9.228416,56,61866.397933
39.643919,125,61867.199264
59.281568,80,61867.739379
83.947198,161,61868.67952
38.645642,64,61869.038213
131.491819,168,61870.030208
43.223243,44,61870.300732
-4.07293,41,61870.53949
88.138403,148,61871.425541
40.299302,49,61871.721271
114.034702,600,61875.420173
38.113495,35,61875.641318
30.810977,306,61884.083919
39.645364,75,61884.60919
76.241652,161,61885.750507
520.296414,600,61889.461872
22.0559,53,61889.82289
34.825504,58,61890.17692
36.13224,162,61891.17161
5.844995,37,61891.404395
16.583566,51,61891.706984
28.654896,53,61892.044518
9.952,74,61892.491326
94.01887,135,61893.318858
-2.360513,43,61893.598497
40.005439,319,61895.699152
27.147438,39,61895.946149
75.941897,260,61903.970506
44.716591,55,61904.341874
101.907887,133,61905.19464
-7.196324,51,61905.546309
79.055031,600,61909.596667
75.029674,137,61910.591026
120.127131,600,61914.291609
94.997032,141,61915.085357
-5.136549,58,61915.412837
38.97181,45,61915.671242
79.869328,140,61916.4858
33.235436,32,61922.943096
3.203203,71,61923.32128
32.489046,48,61923.602137
94.178206,134,61924.357568
38.178832,45,61924.618435
61.323605,67,61925.050933
526.067978,600,61928.651434
37.511382,80,61929.14381
24.594237,63,61929.532292
40.431917,37,61929.755271
31.005785,59,61930.108621
34.697455,95,61930.655653
10.266601,60,61931.022389
28.727789,45,61931.275092
34.041195,58,61931.589426
62.109062,101,61932.162252
47.902962,192,61933.216628
197.782219,265,61934.877023
40.053078,53,61941.478236
26.95421,38,61941.724536
2.4549,182,61943.058948
41.092981,39,61943.318593
22.277116,36,61943.551501
40.266857,46,61943.844471
542.909092,600,61947.548011
24.711881,64,61947.929648
14.504176,58,61948.25407
32.960964,600,61951.919032
46.36551,47,61952.218039
46.326704,78,61952.636879
124.617453,268,61960.261645
2.324765,50,61960.579546
-3.169719,37,61960.829452
101.777285,139,61961.722777
546.903442,600,61965.51667
147.758784,297,61967.356435
53.212069,72,61967.798742
7.146642,41,61968.066257
40.191956,120,61968.930818
43.263629,600,61972.753609
41.496447,86,61979.470333
101.121805,172,61980.575126
36.572498,45,61980.841142
341.154655,600,61984.28713
124.078851,267,61985.83433
39.620055,44,61986.063113
34.783279,60,61986.401903
36.206996,35,61986.601892
39.046509,32,61986.778238
82.616127,190,61987.885811
33.067157,92,61988.45407
-0.692402,91,61989.012665
33.564049,62,61989.394127
44.71925,52,61989.768579
12.905449,44,61990.078405
97.326465,163,61991.254778
29.016965,74,61997.804609
34.759462,48,61998.156769
34.464063,43,61998.42593
1.654209,45,61998.737281
8.184244,64,61999.115522
36.402583,39,61999.349992
37.594284,45,61999.585354
21.329571,96,62000.16551
26.945733,343,62002.120342
166.633115,227,62003.330746
38.151321,40,62003.566266
56.199413,51,62003.853854
79.557702,105,62004.428955
111.941843,180,62005.496897
9.042386,98,62006.050596
87.078773,127,62006.743721
100.293161,162,62007.639685
49.319898,75,62008.033431
28.944723,51,62008.318806
9.74722,83,62008.769647
83.167629,600,62018.233427
33.817545,35,62018.455011
24.502322,50,62018.770911
19.647748,77,62019.230118
69.166014,113,62019.972262
30.03457,99,62020.591326
37.846158,68,62021.012212
47.480583,70,62021.450247
41.331665,44,62021.729532
3.36888,45,62022.01248
46.949801,41,62022.27473
12.596294,80,62022.796808
46.357134,63,62023.183218
33.843109,41,62023.415141
140.735315,236,62024.804824
78.628248,96,62025.325662
-12.762341,70,62025.72929
29.220318,139,62026.538408
122.672839,600,62035.817076
36.9812,62,62036.151237
572.819511,600,62039.363005
56.839278,150,62040.211092
34.916172,95,62040.791243
172.182907,215,62042.136901
75.815691,600,62052.113527
87.770607,154,62053.109378
30.188985,49,62053.41344
68.168213,600,62057.544663
35.059744,62,62058.003944
89.348323,128,62058.717757
6.379313,53,62059.00821
26.799338,46,62059.262949
139.765991,178,62060.239921
8.796188,57,62060.590813
32.903582,46,62060.849802
12.266509,82,62061.394866
127.009038,154,62062.430277
41.10583,43,62062.770455
82.173623,166,62063.84632
41.417321,48,62064.17926
29.160934,55,62064.502837
86.384287,169,62071.165329
45.319892,61,62071.537711
70.525462,101,62072.129765
66.759562,167,62073.11863
84.405884,600,62076.49139
-5.140238,37,62076.695713
31.038548,110,62077.260572
32.301033,35,62077.469152
119.893665,222,62078.807801
11.512934,47,62079.09572
37.922978,43,62079.360006
37.128232,84,62079.907764
304.622619,388,62082.363137
32.839566,68,62089.014307
40.578574,44,62089.296926
63.659582,600,62092.645814
31.563322,61,62093.017922
35.835906,53,62093.359037
120.524317,158,62094.35376
56.594154,87,62094.913808
48.506613,100,62095.582011
28.12469,35,62095.786969
346.66457,407,62098.031041
56.573944,160,62098.90234
120.739464,150,62099.828624
154.330897,600,62110.067517
36.386585,126,62110.793763
41.457625,50,62111.106224
46.135591,53,62111.434665
559.08624,600,62114.933386
48.45859,600,62118.225174
542.374326,600,62127.470836
37.03585,73,62127.92918
36.628137,40,62128.238763
565.416374,600,62132.309772
11.161313,83,62132.929102
575.543156,600,62136.60271
63.015239,600,62146.01743
75.393233,166,62146.968583
39.501684,57,62147.297924
53.49714,90,62147.781972
110.865316,214,62148.911475
29.274826,76,62149.345946
4.033813,39,62149.565359
552.537175,600,62153.029799
64.588112,76,62153.494277
40.405847,42,62153.743129
116.78786,158,62154.602541
28.615825,51,62154.903341
39.022243,49,62155.183831
59.915786,82,62161.519592
49.317815,117,62162.19359
51.628946,600,62165.744522
43.419808,48,62166.022726
30.965851,73,62166.399872
44.58422,143,62167.15532
117.834428,222,62168.422562
11.090182,81,62168.933019
37.171997,77,62169.368566
38.510431,87,62169.921599
43.901937,57,62170.339636
26.306778,95,62171.017116
12.72691,63,62171.49823
255.851635,281,62173.382426
78.758346,117,62179.972156
12.119573,600,62183.561591
534.190096,600,62186.97542
39.88615,44,62187.253046
125.380051,600,62190.882523
378.45231,434,62199.313499
14.394565,600,62202.935229
44.80787,66,62203.345432
105.324791,178,62204.295743
40.275748,148,62205.065678
49.757612,67,62205.45111
26.510627,43,62205.6822
42.364012,57,62205.988495
163.169818,245,62207.289796
38.500772,51,62207.565759
12.096573,64,62207.901194
546.880602,600,62217.306246
15.556696,57,62217.648464
372.329401,439,62220.309306
-6.078815,117,62220.998749
13.361511,47,62221.248622
72.600115,80,62221.684817
84.508079,197,62222.840899
161.704696,222,62224.197644
28.413605,51,62224.513511
0.946883,39,62224.761908
567.694743,600,62234.295406
513.141763,600,62237.702939
-4.245127,39,62237.938749
41.921271,45,62238.196992
108.491635,150,62239.044203
2.594257,61,62239.39418
36.676145,49,62239.692483
5.585518,37,62239.911202
40.540344,77,62240.359435
42.452125,158,62241.277997
74.628247,143,62242.108499
511.030922,600,62251.747586
215.916216,305,62253.810597
43.520129,56,62254.196186
22.320698,64,62254.642826
18.157833,83,62255.171854
31.84019,87,62255.716055
-6.379057,47,62256.008797
22.17919,64,62256.3924
16.933401,93,62256.917619
150.821939,188,62258.011921
239.108629,600,62261.54119
7.905264,42,62261.815267
168.010317,223,62263.250849
38.719041,45,62263.54599
65.73592,169,62270.657454
68.571355,122,62271.392051
40.261894,38,62271.627888
125.448033,231,62272.850911
39.994896,67,62273.207686
6.434911,44,62273.443353
49.478317,65,62273.807624
126.464682,162,62274.713763
119.381784,131,62275.539922
35.413879,34,62275.758241
62.61913,98,62276.401516
38.389338,87,62276.931879
70.731057,144,62277.844219
284.39509,337,62279.704331
-7.196985,45,62279.950286
34.077908,47,62280.227053
2.990788,71,62280.629788
513.817902,600,62290.373685
72.152355,147,62291.171116
46.622754,45,62291.422454
66.801645,136,62292.13509
151.077686,232,62293.353434
38.603341,30,62293.508936
335.776185,381,62295.716116
43.420605,104,62296.353612
83.336849,600,62299.944323
52.957002,58,62306.440836
35.66376,55,62306.74558
43.9534,67,62307.08907
4.377903,54,62307.381724
226.151269,285,62308.947839
24.56907,137,62309.700594
41.732015,38,62309.945692
31.006643,53,62310.246299
178.7037,357,62312.264061
14.983327,41,62312.476633
41.150592,43,62312.724866
112.38343,262,62314.169493
44.77042,56,62314.460892
35.138016,58,62314.761997
42.423445,86,62315.195162
-1.533464,51,62315.461106
42.257909,48,62315.730569
34.638814,52,62316.031066
41.691438,37,62316.25704
109.47434,207,62317.381397
76.838994,600,62327.23368
127.752948,165,62328.179231
33.125101,40,62328.389217
148.320519,226,62329.675068
12.368772,40,62329.89941
36.611055,47,62330.187717
95.74671,209,62331.436632
31.34031,46,62331.708866
64.414502,96,62332.347866
43.848284,115,62333.070851
43.519591,40,62333.326859
-15.513793,40,62333.570565
21.660876,70,62333.981387
84.220197,179,62335.035684
71.867031,129,62335.770743
43.286244,44,62342.106212
71.954265,138,62342.847647
26.352991,120,62343.505424
32.364944,74,62343.900209
141.675118,182,62344.842872
34.244085,85,62345.313825
33.989105,67,62345.712995
-15.947741,80,62346.161108
58.185372,64,62346.55371
49.755196,60,62346.871391
25.183351,42,62347.11364
229.762818,273,62348.749065
60.690788,66,62349.110366
267.499155,340,62351.14197
47.750252,68,62351.557086
235.976949,283,62353.213101
33.046292,41,62353.472235
521.059703,600,62363.1569
38.932805,53,62363.503518
93.499249,168,62364.517489
9.29506,600,62367.814209
35.261623,65,62368.154286
32.678233,76,62368.585251
37.543606,44,62368.812427
33.443139,132,62369.475589
34.946274,67,62369.846764
42.548002,44,62370.088748
39.496039,66,62370.46987
1.446673,40,62370.674132
77.290814,151,62377.547524
61.235275,66,62377.908827
126.600273,175,62378.985489
42.855201,43,62379.252326
81.363625,126,62380.041678
36.447315,72,62380.498905
78.060327,133,62381.30235
186.049337,223,62382.57956
75.44095,174,62383.516296
39.380324,54,62383.795899
33.225113,105,62384.365224
44.486483,221,62385.595049
14.784069,600,62388.926358
53.12419,154,62395.898203
78.476053,147,62396.694722
12.090294,600,62400.112031
31.369189,43,62400.338698
47.964756,100,62400.872025
19.100472,64,62401.228298
43.075451,41,62401.445282
83.903717,123,62402.164847
-7.486353,37,62402.370414
173.988129,238,62403.652486
-17.491806,53,62403.962983
0.725292,73,62404.398937
124.299863,205,62405.59212
36.050554,52,62405.885784
38.804234,53,62406.175426
37.92432,46,62406.436966
24.637982,41,62406.673911
25.896489,600,62416.593894
92.420113,154,62417.619052
110.40915,160,62418.599163
93.913154,600,62422.378858
46.515619,145,62423.179669
16.439057,54,62423.501766
-12.204642,37,62423.744692
39.877504,40,62423.957073
35.797434,39,62424.173916
538.195189,600,62433.723549
37.027721,40,62433.962278
15.527241,46,62434.233611
40.066357,67,62434.635845
-9.066506,40,62434.904156
36.008835,46,62435.205465
77.359856,195,62436.317487
159.535481,212,62437.452067
29.927178,98,62437.96829
36.332258,55,62438.260337
99.295703,139,62439.006428
11.426908,46,62439.258342
-3.824734,39,62439.479415
51.644841,83,62439.990579
39.99384,61,62440.387356
36.666978,58,62440.738079
26.762657,48,62441.054967
39.062174,61,62441.444531
307.304056,477,62450.280803
30.290097,84,62450.730424
-6.025587,58,62451.042422
192.433713,225,62452.403936
50.475555,53,62452.746529
32.953998,83,62453.294461
26.205894,76,62453.788945
566.874136,600,62457.319947
33.109195,44,62457.560755
55.354478,65,62457.92719
33.914324,46,62458.215909
-6.995391,41,62458.435538
36.999475,45,62458.699545
-2.781404,50,62458.988763
40.752413,48,62459.24905
33.822036,33,62459.435375
29.010063,78,62459.864051
33.170699,40,62460.099107
12.242219,40,62460.329966
53.697994,122,62460.977615
130.850539,170,62467.807827
125.514782,161,62468.641118
557.590732,600,62471.938691
39.033308,142,62472.709526
91.706665,180,62473.753678
111.037248,153,62474.614921
247.778666,335,62476.375144
43.61402,70,62476.803152
169.750954,251,62478.268667
38.630682,51,62478.563552
32.250946,77,62485.027583
177.347486,239,62486.423263
23.996825,44,62486.661169
36.734048,76,62487.06924
124.236455,184,62488.08154
-6.179677,60,62488.405979
115.96232,175,62489.398255
309.428684,600,62492.642638
16.426502,68,62493.035366
16.637368,600,62502.523714
125.731124,170,62503.505832
25.223033,46,62503.754186
130.495776,168,62504.665157
78.95432,171,62505.584929
460.785616,600,62509.275667
515.144338,600,62512.693133
46.025438,79,62513.11331
80.319068,120,62513.810634
75.438678,86,62520.32775
36.285847,59,62520.674293
33.992239,57,62520.980361
174.632756,251,62522.330882
34.486967,54,62522.668996
-8.652124,38,62522.873981
42.925674,600,62526.50331
35.323756,175,62527.498292
87.176171,157,62528.411103
82.668853,152,62529.296367
48.916802,80,62529.784943
39.063304,63,62530.17871
101.262202,126,62531.012229
50.312087,58,62531.386613
72.372398,187,62538.635316
42.805914,48,62538.965112
104.638459,137,62539.821595
7.446615,52,62540.127114
236.203,263,62541.646549
51.259473,106,62542.247515
41.685204,60,62542.586259
20.170453,49,62542.870119
59.567212,82,62543.335831
30.641545,67,62543.707705
94.085843,600,62547.300355
36.142334,99,62547.986096
91.944331,160,62549.153037
107.239173,147,62550.04265
34.266218,53,62550.333843
0.629988,43,62550.542397
6.769739,47,62556.589441
40.890237,47,62556.837616
585.69864,600,62560.051683
12.179479,56,62560.355542
72.181461,88,62560.87014
41.786751,67,62561.252198
141.571674,186,62562.321724
77.857268,108,62562.887622
53.551869,69,62563.276864
9.591232,72,62563.705423
53.024582,135,62564.519458
-9.26062,37,62564.720534
69.107632,84,62565.204506
44.625252,600,62574.699948
12.218283,50,62575.004274
52.417384,113,62575.667254
-3.610288,38,62575.899717
47.054541,201,62577.097525
31.008177,61,62577.455672
45.583248,73,62577.900146
35.51267,93,62578.474936
128.146772,600,62582.005317
36.554883,91,62582.56396
494.626145,600,62585.832098
-6.209733,40,62591.962522
40.614694,60,62592.270052
8.341408,76,62592.685157
49.041643,55,62593.032203
13.951305,54,62593.407207
38.504406,60,62593.785456
34.988582,53,62594.138783
236.594011,341,62596.351722
-12.1483,39,62596.601513
163.589424,223,62597.987328
22.098608,51,62598.326264
13.591943,600,62601.766
62.74162,76,62602.165596
60.03421,167,62603.052588
41.469265,41,62603.280161
33.579679,40,62603.488351
29.224057,69,62603.904172
230.357612,327,62611.811484
-10.263593,39,62612.021828
-6.153232,43,62612.268936
17.698095,75,62612.688971
161.499309,227,62613.943738
26.563528,275,62615.573612
121.262829,198,62616.793548
94.826357,150,62617.755158
54.479062,91,62618.274506
90.102136,142,62619.001235
23.314163,76,62619.395126
45.815906,43,62619.628852
102.48639,208,62620.827684
39.246783,48,62621.130106
41.652264,72,62621.547546
25.348317,33,62621.732507
4.361485,115,62628.419359
5.646322,37,62628.643382
158.135556,503,62631.514817
68.166488,74,62631.945461
52.055992,177,62632.969379
41.852661,64,62633.344647
136.188944,231,62634.634664
21.714141,45,62634.875398
13.200393,55,62635.193014
67.216926,78,62635.649374
-1.58179,56,62635.958866
135.954324,218,62637.141858
-10.564945,49,62637.39709
21.667076,46,62637.632281
23.360674,65,62637.990201
446.775209,540,62647.048676
131.986576,190,62648.063782
32.944419,34,62648.263488
231.037248,322,62650.003612
520.57357,600,62653.396188
4.187363,68,62653.777327
27.187201,80,62654.199705
7.594472,50,62654.483715
55.259449,59,62654.831608
34.560601,174,62655.881165
4.406464,67,62656.305927
67.929871,314,62664.207424
6.230334,117,62664.942822
37.696569,35,62665.151433
76.581757,152,62666.019189
64.341509,75,62666.457019
34.122507,78,62666.913587
245.222896,328,62668.694975
58.694848,61,62669.045575
37.137377,137,62669.879713
51.870012,127,62670.679496
141.382735,205,62671.989642
30.42524,60,62672.35545
54.311689,69,62672.808863
-1.821291,36,62673.039474
80.690693,140,62673.92247
29.168917,48,62674.261041
9.665922,63,62674.656484
31.919411,60,62675.018635
60.149492,61,62681.379877
309.909726,369,62683.534317
44.134256,42,62683.769864
81.579562,154,62684.670828
116.111435,157,62685.603908
44.271634,40,62685.867567
1.906583,48,62686.174189
365.177792,405,62688.558477
87.373905,102,62689.15214
17.172934,82,62689.575525
491.360844,600,62692.744151
38.814811,55,62699.126722
31.534979,46,62699.375487
4.460201,119,62700.065516
66.014005,79,62700.56674
27.817548,46,62700.860833
3.942797,41,62701.154305
38.222712,46,62701.427427
47.520538,86,62701.942254
22.246695,106,62702.520336
135.470972,179,62703.508977
117.934832,156,62704.340564
41.956279,71,62704.714946
85.286354,121,62705.358033
30.403025,50,62705.664171
50.019446,107,62706.269917
1.827209,60,62706.618599
41.786203,64,62706.99578
35.257514,84,62707.522958
-9.483452,45,62707.800744
123.795973,157,62708.644503
111.538105,115,62709.248873
33.059541,47,62709.496428
32.922245,105,62710.069655
95.785143,126,62716.812174
48.084205,63,62717.174528
2.465348,107,62717.729593
100.940006,185,62718.733547
42.636014,54,62719.026831
50.086224,59,62719.341897
38.260437,48,62719.600835
75.634938,123,62720.292222
55.063371,57,62720.591188
47.589593,63,62720.955233
32.782009,39,62721.16092
41.213474,92,62721.646555
10.613813,100,62722.176604
297.616171,357,62724.236132
23.737171,94,62724.769183
95.576682,129,62725.536901
28.50067,55,62725.858844
37.077127,52,62726.168774
36.089134,53,62726.487193
35.15101,46,62726.740777
38.422085,42,62726.988431
30.015043,35,62727.182836
40.082498,65,62727.503139
9.003826,102,62728.050009
45.84857,60,62734.39261
268.339545,335,62736.421427
10.790291,95,62736.970559
102.88394,156,62737.831481
41.898751,37,62738.035179
102.777563,164,62738.912562
4.339451,44,62739.149625
98.899231,204,62740.229145
36.131282,61,62740.529328
-2.056876,37,62740.728768
86.118923,152,62741.592184
114.943477,200,62742.744046
26.085916,76,62743.197866
34.648962,34,62743.411589
3.299831,44,62743.679411
3.391858,39,62743.905584
17.190796,46,62744.176657
41.879289,114,62744.806371
35.926738,57,62745.115973
31.436916,46,62745.363929
102.571526,154,62752.463739
99.1616,145,62753.292775
36.018263,47,62753.542382
35.013306,58,62753.870586
29.150312,600,62757.393441
174.37958,214,62758.674185
31.199308,46,62758.937082
49.198282,55,62759.272186
31.702344,50,62759.588419
517.171645,600,62763.367593
55.340349,125,62764.096268
-2.727833,54,62770.441509
53.337107,52,62770.761041
91.539869,160,62771.637772
39.27035,50,62771.931263
32.035309,51,62772.192607
51.444962,63,62772.581748
28.848905,44,62772.846152
0.52036,87,62773.320466
77.912296,600,62776.807495
22.892137,56,62777.115438
498.058905,600,62780.469055
30.680429,41,62780.694199
360.042008,561,62789.842337
30.232378,50,62790.133065
104.381516,197,62791.260608
34.21604,43,62791.500302
18.950041,37,62791.701876
36.27068,68,62792.059835
361.301648,427,62794.408435
64.040485,84,62794.870773
85.21424,107,62795.559454
36.022571,42,62795.812024
73.241725,93,62796.358749
38.199488,88,62796.847008
101.864876,180,62797.868524
5.113235,38,62798.094483
81.976413,600,62807.395965
43.018446,53,62807.709645
126.669031,600,62810.909258
39.690473,36,62811.097689
51.702118,61,62811.436808
103.958973,151,62812.318264
1.386846,39,62812.550451
88.697813,146,62813.417636
39.747264,80,62813.899258
38.83034,91,62814.398715
-0.942378,36,62814.612093
93.410301,131,62815.351091
41.382311,40,62815.566963
40.299017,57,62815.888861
44.871059,48,62816.163209
167.318456,182,62823.341774
29.702554,47,62823.627678
42.266261,64,62823.97987
104.959206,293,62825.618234
55.604206,56,62825.903216
46.811532,84,62826.372173
36.690576,71,62826.717178
109.704985,149,62827.481767
31.167053,48,62827.733758
307.048106,351,62829.669103
79.777202,157,62830.540321
36.43497,81,62830.995424
37.299222,51,62831.278894
34.854831,57,62831.592832
15.305574,90,62832.072352
493.710276,600,62841.286133
539.050935,600,62844.521611
95.268301,184,62845.581546
29.113294,51,62845.828125
106.77231,120,62846.463161
39.409251,42,62846.695901
27.362546,64,62847.064045
-5.611883,36,62847.266023
84.094946,600,62850.785281
42.194157,61,62851.123383
61.76517,70,62851.498837
536.437558,600,62860.768621
48.062503,55,62861.053086
495.726376,600,62864.645756
32.127479,41,62864.879483
7.572423,58,62865.223333
46.495996,56,62865.557431
127.131409,192,62866.714092
40.223571,50,62867.023751
98.613978,129,62867.787219
17.522287,195,62868.970967
65.538465,151,62875.814276
209.199306,600,62879.313242
32.405242,116,62879.953164
566.089847,600,62883.510826
35.874857,47,62883.813529
265.451447,374,62885.887352
79.42729,234,62887.178448
-3.253541,43,62893.270629
-8.848229,50,62893.582893
32.850306,41,62893.813686
18.619616,67,62894.198258
100.697107,140,62895.122812
54.051144,145,62896.007831
-7.791918,47,62896.296633
40.21995,54,62896.665257
51.790965,73,62897.118936
86.856031,600,62900.602574
34.791781,53,62900.894966
50.882871,58,62901.184081
87.602196,600,62904.560332
46.296038,49,62904.837789
-0.753438,53,62911.200359
42.280118,107,62911.797714
29.416038,76,62912.218294
87.016125,128,62912.941291
88.904864,114,62913.594427
37.916128,69,62913.950072
94.649123,112,62914.564017
48.718913,74,62914.983257
37.800997,42,62915.217371
96.550851,141,62916.029076
38.611222,52,62916.313751
25.627021,157,62917.165311
42.40019,46,62917.409377
28.814545,43,62917.647493
66.588622,84,62918.100821
90.271722,140,62918.848548
76.083662,105,62919.39671
37.494864,39,62919.59487
34.263736,48,62919.877043
124.822094,181,62920.931129
37.985967,43,62921.167809
117.912722,157,62922.033799
-9.181371,43,62922.25239
113.678281,159,62929.167663
101.273355,143,62929.955609
153.999265,179,62930.975383
146.914259,179,62931.949754
165.971791,243,62933.385777
42.905004,57,62933.670906
27.391449,75,62934.080861
159.881631,376,62936.182579
28.267001,49,62936.473614
40.73408,51,62936.752878
27.651186,42,62936.994869
128.031727,162,62937.935761
27.135625,71,62938.391924
31.73819,53,62938.689425
79.738504,237,62945.821379
76.870796,76,62946.295177
36.838594,63,62946.642005
6.385183,600,62950.385229
43.664718,60,62950.685167
5.445605,41,62950.915811
32.736093,50,62951.205786
156.763339,218,62952.453126
11.473247,92,62952.979082
47.405201,52,62953.302585
8.151592,52,62953.593466
48.603149,59,62954.006338
368.202026,458,62956.737966
37.060984,166,62957.673402
42.154552,58,62963.984603
6.853082,71,62964.421444
39.836391,71,62964.863975
40.229944,49,62965.173931
29.93382,49,62965.487546
18.450183,83,62965.965935
11.418616,75,62966.459984
2.076939,52,62966.800279
49.523371,91,62967.339982
27.033614,85,62967.834896
134.484514,209,62969.121039
32.970931,123,62969.84481
41.544676,41,62970.072715
1.039665,65,62970.439563
53.949292,63,62970.794335
34.5908,40,62971.035328
31.838253,89,62971.553286
89.924757,138,62972.396377
41.965821,63,62972.807436
80.208371,152,62973.740827
31.18363,52,62974.050327
140.67743,225,62975.270543
19.812307,153,62976.209203
64.747235,101,62982.746393
44.902734,40,62982.972794
115.059135,155,62983.903919
-4.108942,37,62984.129831
33.208711,41,62984.357972
42.214058,48,62984.606778
33.179701,60,62984.949006
34.214427,39,62985.192323
35.340613,53,62985.472596
67.056654,88,62985.932418
-10.430571,40,62986.13162
35.453176,99,62986.652054
15.503488,600,62990.00516
103.192298,600,62993.618954
44.278491,95,63000.189391
36.618407,88,63000.760672
96.645481,600,63004.544489
6.756352,41,63004.769004
34.996955,92,63005.270797
32.234731,69,63005.693803
16.81681,66,63006.109611
53.800886,85,63006.580835
31.919118,41,63006.80091
6.578714,37,63007.025478
54.842571,51,63007.34142
30.003875,94,63007.893592
47.802792,48,63008.16356
65.312625,159,63009.131835
14.49697,44,63009.408641
24.191536,53,63009.730399
246.702664,327,63011.730962
64.050028,92,63012.210847
130.205149,214,63019.718055
42.929867,59,63020.068979
132.665536,600,63023.91847
37.572607,62,63024.303731
105.64438,216,63025.633534
329.190918,453,63028.273157
12.059501,41,63028.489332
29.075365,40,63028.715477
-9.060038,42,63028.95709
44.95158,50,63029.247671
-5.718711,43,63029.501803
38.670991,42,63029.805636
245.946287,312,63037.637758
9.560413,77,63038.033458
22.608048,71,63038.421813
155.955307,184,63039.380925
6.457225,41,63039.616165
37.749099,106,63040.188908
36.800306,63,63040.55354
7.048361,56,63040.853515
28.17727,42,63041.082469
27.219286,59,63041.421588
15.639436,65,63041.79236
103.824535,232,63043.191723
32.796515,126,63043.897668
32.0005,74,63044.294779
84.962806,134,63044.9906
0.862211,51,63045.281523
69.020219,211,63046.572983
140.432325,216,63047.897296
288.669076,600,63057.310582
57.151462,59,63057.656578
8.527016,60,63057.993752
37.232429,61,63058.325961
39.258573,58,63058.644812
51.729425,116,63059.314468
88.263138,136,63060.065569
7.129173,49,63060.325917
26.081997,54,63060.612964
38.243253,41,63060.811966
341.548537,418,63063.136713
45.077048,64,63063.518706
161.259687,251,63064.998184
20.875101,33,63065.189538
29.03496,60,63065.497709
35.965568,54,63065.776618
42.405745,62,63066.087341
209.992812,261,63073.379485
69.231192,105,63074.033867
13.086702,40,63074.277184
42.87771,88,63074.866324
34.914775,46,63075.175491
28.81125,79,63075.707238
34.716672,86,63076.288316
128.688718,181,63077.509872
43.297865,111,63078.112224
29.615066,101,63078.660637
39.170001,80,63079.131055
37.982469,54,63079.451498
41.833143,40,63079.670044
93.737369,115,63080.357275
28.293988,56,63080.67257
-6.562546,45,63080.948024
412.066655,600,63090.556145
33.87007,44,63090.811204
363.480339,447,63093.301458
89.917779,240,63094.769405
7.606284,36,63094.989922
40.164108,76,63095.485615
102.162027,132,63096.363764
48.19149,49,63096.714516
36.351835,57,63097.107589
40.716324,50,63097.434753
42.880352,57,63097.758555
3.401956,39,63097.995527
18.969837,104,63098.575487
36.486192,148,63099.428506
61.231745,76,63099.852705
44.273757,39,63100.095597
237.414229,368,63102.234248
59.065143,600,63112.235781
88.986653,119,63112.972721
34.588889,53,63113.33319
504.016743,600,63116.669765
30.89843,72,63117.051681
74.986345,127,63117.816228
-2.828422,44,63118.083473
38.795789,57,63118.409576
60.598278,171,63119.57099
56.590706,73,63120.061153
7.719286,61,63120.463661
38.483258,45,63120.712197
32.957876,35,63120.916427
119.805495,167,63128.151077
2.387026,62,63128.535593
25.233853,86,63129.033295
38.723965,55,63129.319186
27.260584,33,63129.51136
392.743178,448,63131.904193
455.309921,600,63135.153837
30.359984,79,63135.568969
65.384977,75,63135.977323
34.099446,62,63136.314626
31.340985,167,63137.231841
299.274969,410,63145.475554
34.247154,60,63145.791122
55.199631,118,63146.538194
34.979862,119,63147.218278
24.213777,46,63147.471476
51.007437,64,63147.833932
10.873004,87,63148.373578
41.969504,60,63148.790946
570.499089,600,63152.356532
542.542931,600,63155.722161
33.384018,56,63156.030262
50.854035,74,63156.443211
38.025447,43,63162.465688
44.677054,66,63162.814111
74.300034,158,63163.647977
37.055784,47,63163.896748
-9.766234,70,63164.265917
41.779989,42,63164.501785
32.840646,104,63165.028668
23.099731,37,63165.222545
-2.815741,36,63165.423884
24.329553,600,63168.620781
49.904571,54,63168.914049
11.66615,142,63169.784281
16.738276,65,63170.205229
154.364208,217,63171.615133
52.592374,600,63181.177828
105.987197,171,63182.164342
55.483301,112,63182.797651
22.743762,55,63183.117927
109.407718,227,63184.41183
290.078225,346,63186.500577
77.371548,132,63187.436559
35.015658,58,63187.810137
31.398289,56,63188.234334
23.770978,142,63189.126365
34.885135,56,63189.536573
41.213388,54,63189.891497
106.494638,175,63190.93645
100.586165,203,63192.080948
32.591336,79,63198.522495
50.415844,73,63198.902424
-5.724969,43,63199.122308
96.059885,153,63199.951823
40.433284,35,63200.143837
308.989992,389,63202.288345
37.834761,36,63202.485048
20.053361,37,63202.685413
32.212024,48,63202.955715
42.528051,69,63203.329435
542.05944,600,63206.746686
0.075285,41,63206.964183
38.190759,45,63207.221466
144.492245,163,63208.105504
23.976635,41,63208.320637
106.755087,173,63209.334966
535.29914,600,63219.024577
77.063236,96,63219.536516
51.643309,64,63219.894714
-11.257323,54,63220.189512
39.125056,44,63220.420454
125.383134,172,63221.36165
29.142535,100,63221.872421
73.624579,139,63222.608604
34.379232,49,63222.865791
129.051429,214,63223.996168
38.717362,61,63224.311992
38.022554,54,63224.590582
52.952572,89,63225.072562
76.01959,189,63226.174461
54.711263,55,63226.492493
-7.473743,101,63227.02076
14.88152,600,63236.423439
70.876473,71,63236.782689
-0.134133,197,63237.942181
27.493297,89,63238.463317
29.588379,64,63238.852219
33.138674,80,63239.320364
41.011529,91,63239.857028
51.210323,113,63240.507189
37.812318,45,63240.782061
328.990091,600,63244.185845
37.990135,37,63244.392134
38.236792,60,63244.741179
54.695257,57,63250.943114
34.604821,63,63251.339768
23.194235,49,63251.611545
35.093469,49,63251.901574
38.223248,54,63252.231735
30.03213,53,63252.521512
-16.916075,81,63252.993227
60.181793,60,63253.366195
-1.448435,42,63253.616022
535.404279,600,63257.225128
106.67184,133,63258.029746
46.814202,96,63258.615518
40.615908,44,63258.902044
536.551081,600,63262.269744
37.526748,61,63262.609883
41.816153,45,63268.966843
-6.212147,36,63269.16176
24.438873,39,63269.378476
539.400168,600,63273.165509
42.243688,159,63274.206425
34.307283,40,63274.461415
58.355693,84,63274.940952
115.567052,155,63275.796342
22.447754,103,63276.342015
226.381608,373,63278.557445
40.390887,516,63287.932899
-8.500612,38,63288.16963
0.522397,56,63288.479593
43.831764,70,63288.923786
31.042277,43,63289.195042
46.738093,180,63290.270278
34.368791,45,63290.537649
38.875098,50,63290.823398
34.825125,41,63291.064265
0.937777,139,63291.803856
28.98218,50,63292.061906
426.659074,471,63294.75741
34.949197,59,63295.091388
142.415039,227,63296.411214
23.540022,50,63296.708527
30.615504,72,63297.11702
40.988852,46,63297.401796
26.513875,79,63297.843534
482.66722,600,63307.46186
28.613821,63,63307.802899
130.913572,157,63308.662521
-1.185463,43,63308.891092
158.424206,207,63310.014257
101.744402,487,63312.744985
36.480907,43,63313.044701
84.457102,171,63314.026812
40.333414,39,63314.233233
15.902181,54,63314.574571
4.405809,75,63315.059318
88.227096,148,63315.937741
3.163144,36,63316.1529
83.802978,134,63316.867954
42.669786,600,63326.293509
67.002039,103,63326.861978
109.309149,149,63327.692936
34.67774,52,63328.009039
-14.136758,39,63328.217072
23.629347,42,63328.452413
31.066977,30,63328.628583
-12.985172,36,63328.822457
69.198187,105,63329.394391
275.433331,345,63331.401474
32.708846,62,63331.75049
18.967404,51,63332.037581
99.900993,103,63332.606049
84.846199,214,63333.768828
135.271755,228,63340.926989
44.739699,47,63341.175845
43.668691,49,63341.45591
-6.210006,44,63341.701331
122.652886,222,63342.954066
-3.95794,48,63343.252045
178.515068,212,63344.562776
-15.32886,81,63345.03668
-1.2424,600,63348.686191
4.161678,59,63349.023443
47.082062,57,63349.335857
125.980029,183,63350.331509
29.393143,79,63350.77688
538.208381,600,63360.172818
45.982259,55,63360.472914
26.080805,82,63360.902768
111.556126,135,63361.654691
-7.282834,36,63361.859361
156.028773,183,63362.959674
7.849483,89,63363.451812
9.704418,56,63363.785022
29.1242,32,63363.968738
507.169966,600,63367.329828
36.040437,600,63376.858744
88.628047,100,63377.423632
551.844177,600,63380.722645
242.025209,334,63382.541072
128.201831,165,63383.48073
42.138519,187,63384.542503
-5.997564,35,63384.762884
30.284177,103,63385.392456
32.679989,41,63385.634188
68.842244,420,63394.095268
144.762805,425,63396.482932
91.74723,133,63397.26844
59.721323,91,63397.837039
44.648027,56,63398.17853
2.539845,49,63398.479082
40.553574,50,63398.794307
47.470152,56,63399.137359
50.23422,138,63399.96066
-0.336958,42,63400.179962
172.841993,224,63401.445521
34.982028,600,63405.29258
54.878632,58,63405.657721
37.676935,47,63405.944855
19.704481,49,63412.27667
37.886873,56,63412.664054
196.691349,378,63414.830641
151.992501,245,63416.142983
54.085054,60,63416.49205
414.900749,600,63420.255881
101.856557,178,63421.391465
191.073963,233,63422.844237
-2.949462,37,63423.072155
27.547698,45,63423.335384
37.26071,33,63423.54907
-9.938519,36,63423.802173
165.536707,222,63431.365331
53.057517,58,63431.709444
35.733341,56,63432.077006
63.965703,600,63435.756174
54.250167,66,63436.119448
43.903148,116,63436.793465
371.821331,526,63439.942828
31.194696,81,63440.43283
148.894278,209,63441.560924
35.497266,62,63441.896535
18.848783,48,63442.149093
265.305786,341,63450.21106
10.54138,73,63450.632343
74.981,107,63451.234824
75.20836,194,63452.274602
-1.431037,152,63453.111864
47.345278,58,63453.427009
45.070642,80,63453.876571
37.786294,47,63454.133819
42.787384,64,63454.522934
33.831039,45,63454.762637
26.263808,55,63455.048995
43.809994,56,63455.358804
122.545724,136,63456.184613
34.248201,45,63456.453893
45.813959,64,63456.826758
85.547466,600,63460.387144
39.634831,102,63466.972642
40.599802,58,63467.320334
21.347736,50,63467.588957
5.280079,39,63467.793349
-9.764125,36,63467.996038
43.686679,55,63468.326378
72.323921,81,63468.846185
0.601001,41,63469.101562
543.678476,600,63472.826691
214.857427,259,63474.45725
-1.647901,34,63474.688685
31.295461,39,63474.925382
2.315575,140,63475.727822
68.641283,145,63476.635215
40.883657,51,63476.931896
7.341324,61,63477.290983
43.970875,42,63477.523477
17.975967,41,63477.771112
24.159991,75,63478.173446
-8.486893,89,63478.695797
29.268944,124,63485.358582
37.949534,37,63485.601403
473.0998,600,63488.905583
81.881729,130,63489.635756
174.563196,221,63490.997022
51.281611,138,63491.842666
44.948528,52,63492.199397
8.96224,59,63492.562766
101.627671,141,63493.401834
522.021873,600,63496.703726
182.175227,259,63504.321204
34.70809,66,63504.700013
548.206446,600,63508.028812
-4.77931,43,63508.314255
524.065701,600,63511.724763
24.963799,71,63512.127542
43.753686,51,63512.392772
4.299428,51,63512.677128
10.022301,63,63512.988651
76.404978,600,63522.274145
556.212609,600,63525.813833
17.501522,70,63526.200584
105.297502,127,63526.903348
35.768065,53,63527.19933
16.513062,49,63527.46846
33.342236,37,63527.680064
34.638368,52,63527.984122
41.579866,39,63528.209779
553.425732,600,63531.609983
40.260436,57,63531.937005
48.385719,81,63538.479337
34.073052,45,63538.715527
-2.304462,174,63539.663591
42.814012,61,63540.025318
42.003626,52,63540.306923
-14.693821,34,63540.500448
83.628645,120,63541.181777
86.256745,144,63541.99631
156.455463,198,63543.1246
257.849351,358,63545.048613
3.780644,36,63545.232674
85.032475,141,63546.015029
492.575981,600,63549.837386
24.823885,63,63556.047112
39.904212,56,63556.366884
37.488213,143,63557.234521
33.963074,49,63557.570657
32.169701,153,63558.443457
25.364342,88,63558.940891
33.292911,39,63559.167192
30.523638,132,63559.933492
41.804044,44,63560.204709
-6.260308,202,63561.336619
40.188296,70,63561.70855
32.363486,42,63561.914891
61.704852,85,63562.408296
-12.592727,53,63562.695715
-4.877195,600,63566.083547
41.653171,53,63566.458896
23.817629,127,63567.331342
76.992644,105,63574.00468
-11.627973,69,63574.471135
96.603244,150,63575.343959
2.783487,46,63575.614306
218.492892,238,63576.855124
72.482642,143,63577.707546
30.57024,66,63578.104782
46.334778,54,63578.447997
26.443315,120,63579.234174
8.563432,37,63579.476309
177.159678,290,63581.184378
62.700979,66,63581.558707
107.450967,156,63582.418445
34.732986,121,63583.056437
15.810899,73,63583.463973
582.535097,600,63593.051955
27.777264,125,63593.841372
153.743861,215,63595.185421
27.70048,43,63595.433169
57.023095,75,63595.923231
23.087972,40,63596.167798
68.046219,127,63596.858605
331.709643,600,63600.187531
93.865588,124,63600.882477
19.379431,87,63601.345597
55.865432,97,63601.860647
111.17151,600,63611.557566
35.066123,120,63612.217922
109.34671,132,63613.012889
58.919322,103,63613.597708
42.267434,74,63614.0003
31.906233,55,63614.326808
77.720439,167,63615.210394
33.166697,53,63615.489509
33.962583,62,63615.81286
33.785184,63,63616.185115
27.913782,75,63616.580187
75.005089,160,63617.605138
13.986382,600,63621.246442
482.970508,537,63630.346539
32.404399,600,63633.732092
138.675075,213,63634.870371
28.805762,43,63635.099294
34.076603,42,63635.337246
46.039371,81,63635.826388
52.215478,101,63636.495503
55.168011,51,63636.802359
29.471928,50,63637.121026
294.691982,373,63639.480746
38.228508,50,63639.779753
35.423737,46,63646.080268
47.498159,58,63646.419281
21.014971,49,63646.725351
507.755382,600,63650.357989
7.720537,55,63650.700494
109.106291,116,63651.361777
5.743552,87,63651.843004
138.716815,205,63653.012578
61.496847,65,63653.403776
279.674195,404,63655.771107
56.860582,228,63657.058663
48.853064,58,63657.363737
32.385621,29,63657.523815
161.811761,199,63664.652828
34.138047,46,63664.914197
37.998547,50,63665.178762
27.118136,48,63665.451087
27.544164,37,63665.664088
91.750486,198,63666.719406
99.237096,199,63667.947399
39.19517,34,63668.158175
24.67995,71,63668.600583
44.526525,63,63669.042323
555.968925,600,63672.683198
107.802789,600,63682.311749
95.357419,600,63685.76974
42.172196,47,63686.077476
11.37807,51,63686.374877
54.159036,184,63687.414389
67.457736,110,63688.051224
-5.39582,36,63688.295398
541.405935,600,63691.748897
7.878871,57,63692.073898
225.613868,259,63693.564261
96.913723,182,63700.811129
12.998929,90,63701.305781
29.266326,60,63701.657703
37.372317,48,63701.92924
38.542707,45,63702.171475
24.88571,43,63702.406544
33.548127,47,63702.659996
30.216893,85,63703.152557
42.150674,45,63703.411548
159.554546,193,63704.573511
34.975439,42,63704.813758
133.305437,210,63705.951009
-0.688656,45,63706.191694
75.932097,133,63706.908756
31.777681,600,63710.293828
41.109406,38,63710.512241
28.73504,74,63710.971003
28.070715,112,63711.654676
23.716867,107,63718.258272
120.209824,174,63719.413155
35.666274,39,63719.664119
37.652871,95,63720.244288
170.76078,247,63721.881932
27.22826,79,63722.432161
27.763956,66,63722.863371
31.200345,61,63723.212047
30.833323,59,63723.557481
20.79048,126,63724.305812
41.214749,52,63724.633804
31.275095,58,63724.983096
34.611508,45,63725.254558
36.915553,62,63725.604295
41.602642,67,63725.963871
25.446587,63,63726.355018
89.998148,117,63726.995598
31.85291,55,63727.299433
42.986285,54,63727.606379
34.769763,66,63727.984
90.820924,600,63737.675975
29.766741,35,63737.876603
419.509124,600,63741.446348
293.969192,600,63744.790007
55.011077,137,63745.609642
41.561372,47,63745.910746
31.298806,116,63746.601629
88.501898,131,63747.362799
34.726266,61,63747.717978
26.351292,59,63748.045985
116.436583,178,63755.11579
-6.108522,33,63755.317666
66.476282,600,63758.778936
40.591088,54,63759.085175
32.753743,46,63759.349454
4.720652,38,63759.57765
29.968843,51,63759.872763
261.060436,339,63761.887892
-0.752248,50,63762.155422
34.735144,36,63762.34797
26.895972,96,63762.890691
67.007915,140,63763.689961
40.639593,123,63764.395297
44.941239,42,63764.653435
53.02071,84,63765.16236
114.98469,188,63772.22504
44.210149,67,63772.622234
44.540172,47,63772.885749
40.489127,46,63773.136649
21.028347,52,63773.453636
148.288666,206,63774.649649
23.542808,42,63774.898758
36.900344,55,63775.231172
37.79974,600,63778.666251
5.284712,42,63778.939037
36.806905,70,63779.390793
61.49725,92,63779.926142
56.286244,138,63780.749409
87.091233,137,63781.544084
-8.274024,52,63781.839012
40.252262,45,63782.085667
182.443331,600,63791.34629
18.384983,62,63791.669578
45.506353,71,63792.050156
35.592863,33,63792.226067
16.200251,141,63793.047557
0.936781,34,63793.244416
34.255264,113,63793.879187
31.279496,102,63794.471667
121.352434,154,63795.339115
38.95332,54,63795.631555
35.077862,59,63795.963675
31.269183,90,63796.479861
6.198828,42,63796.732438
69.120857,84,63797.187435
92.463047,141,63797.973465
29.467189,62,63798.303718
103.519592,230,63799.597839
62.153031,115,63800.333739
64.11766,114,63801.08188
-2.023833,42,63801.35783
36.461598,39,63801.613839
287.310708,455,63810.402277
99.447891,600,63813.662466
31.730911,62,63814.025117
76.840744,144,63814.849476
69.435014,136,63815.609212
45.513753,67,63815.98981
77.696647,180,63816.969773
37.014837,88,63817.452807
43.560884,51,63817.713531
28.52751,39,63817.945897
36.675486,46,63818.214061
27.661113,40,63818.438083
30.999233,69,63818.807254
37.77573,51,63819.112479
108.880055,129,63825.906043
36.928436,87,63826.434281
107.236266,162,63827.517756
7.876697,47,63827.857573
168.548741,213,63829.28324
-11.665594,35,63829.499456
36.386315,35,63829.703569
149.674441,206,63830.812343
25.744242,119,63831.460648
40.282167,79,63831.917239
7.97571,73,63832.32674
7.17661,124,63833.045942
38.474455,40,63833.278459
43.02912,56,63833.583837
41.644622,45,63833.828621
14.809282,38,63834.069846
387.976198,600,63843.815533
115.026226,600,63847.450657
13.593958,57,63847.79944
169.568351,344,63849.85001
26.758813,48,63850.130045
37.247075,64,63850.509752
35.627467,57,63850.855495
93.791965,173,63851.885051
18.196743,58,63852.254432
107.857392,195,63853.391039
107.925861,238,63854.687995
38.808704,109,63855.305086
69.658789,104,63861.957346
-6.689853,45,63862.252512
47.909997,46,63862.553287
33.792668,45,63862.845101
62.771079,132,63863.708207
67.883289,143,63864.637966
33.464351,61,63864.971238
23.262152,68,63865.347437
41.515565,50,63865.612033
33.586475,49,63865.876377
69.143087,118,63866.566131
97.961817,206,63867.714036
38.40802,70,63868.131932
37.188355,50,63868.457259
-2.676372,57,63868.804649
38.348349,41,63869.085315
34.311184,39,63869.363841
-8.114831,39,63869.59379
74.146866,132,63870.346014
32.085009,36,63870.572713
26.36488,141,63871.496662
31.911592,40,63871.768371
33.037616,40,63872.045265
60.735797,91,63872.651791
14.78823,146,63873.635656
-2.532225,56,63873.936271
134.924268,154,63880.843287
51.210215,81,63881.408792
31.51881,54,63881.757543
12.452468,73,63882.229372
38.236132,58,63882.593936
116.277194,600,63886.379713
33.756393,51,63886.645422
25.920503,43,63886.88761
9.600962,51,63887.169213
32.491155,73,63887.565276
28.693629,62,63887.890384
19.461255,69,63888.235216
12.30285,132,63888.975729
49.771714,60,63889.318142
40.323866,134,63890.097296
30.574273,45,63890.381924
77.788092,224,63891.743074
111.438654,135,63892.470139
20.872482,52,63898.814333
32.459416,36,63899.02653
49.681999,78,63899.457902
26.275384,54,63899.753585
42.563139,49,63900.036625
76.558547,151,63900.965851
-11.985905,37,63901.214023
52.9852,63,63901.605398
86.536856,168,63902.555392
29.391899,87,63903.047313
39.908723,68,63903.444637
4.199435,75,63903.863802
96.822986,230,63905.222305
-3.036504,36,63905.448952
31.429345,87,63905.949216
31.369441,70,63906.361402
-10.604761,35,63906.571322
77.030127,155,63907.451984
103.014711,132,63908.197904
42.31255,40,63908.425498
28.921209,52,63908.711097
27.006564,46,63908.956707
7.277134,41,63909.19596
327.799064,389,63917.491108
28.96005,55,63917.84737
131.711209,208,63919.092595
29.422623,65,63919.457635
92.060592,129,63920.251302
60.419693,134,63921.069603
35.737109,63,63921.441868
23.877053,54,63921.806786
5.88511,67,63922.297919
33.274978,34,63922.522751
45.948748,65,63922.935316
164.102141,217,63924.395294
38.430301,53,63924.75525
47.314813,90,63925.257066
31.643848,64,63925.587385
-3.819253,39,63925.795267
38.405243,45,63926.056368
35.748263,52,63926.360519
78.789688,203,63927.439217
34.357782,172,63928.374198
10.380723,55,63928.671121
28.872969,117,63935.178549
8.283511,72,63935.594222
88.816007,600,63939.172959
38.390578,36,63939.390975
26.952098,71,63939.78352
45.525205,66,63940.169586
422.542543,492,63942.900606
37.45343,47,63943.186282
106.061891,157,63944.065484
142.709995,600,63953.894264
532.173389,600,63957.516829
19.38163,103,63958.083933
33.072832,170,63959.005785
17.935344,54,63959.305205
74.086413,180,63960.293751
40.240142,57,63960.594777
28.6343,51,63960.886032
27.229563,126,63961.545733
37.401768,49,63961.826813
34.52165,58,63962.150561
178.401127,242,63963.500875
45.232274,63,63963.834171
27.469847,45,63964.062739
35.477235,40,63964.264313
134.347899,173,63971.149733
44.154055,40,63971.42119
29.825537,71,63971.884628
272.241421,386,63974.318526
15.365987,499,63977.342887
6.126933,50,63977.623289
8.780028,44,63977.938911
26.683024,60,63978.29522
48.939408,68,63978.725675
-15.44641,73,63979.208407
31.42667,64,63979.58086
132.474204,211,63980.880739
181.051983,221,63982.294429
26.438856,57,63982.649364
20.099306,51,63982.939118
1.833103,40,63989.193334
90.874358,111,63989.849015
32.652367,600,63993.302994
168.004929,221,63994.507212
256.422578,380,63996.59022
41.643962,600,64000.014823
8.707211,38,64000.21466
27.576403,48,64000.47732
44.26211,600,64009.967124
69.797821,124,64010.637774
93.956777,150,64011.498767
34.176948,37,64011.717927
43.607883,114,64012.38343
127.86244,210,64013.695758
89.236019,175,64014.698633
101.393871,168,64015.639757
37.495083,44,64015.882743
522.246766,600,64025.128417
26.557588,91,64025.681607
30.122313,36,64025.887834
123.29042,204,64027.062654
2.082617,45,64027.32476
128.193218,169,64028.300956
47.461252,53,64028.620772
36.691491,46,64028.90988
51.432318,47,64029.15289
453.486486,600,64032.775668
7.635268,59,64033.123534
-2.348362,110,64033.738228
17.797652,78,64034.162858
35.499809,64,64034.526592
32.006291,49,64034.786812
335.906537,492,64043.98392
79.970406,142,64044.908979
34.834918,80,64045.383218
346.720111,448,64047.918067
4.044373,38,64048.135553
121.716009,222,64049.587367
91.061723,167,64050.689801
42.569631,54,64050.997193
157.552713,259,64052.492092
33.331401,46,64052.775292
46.260309,600,64062.3256
93.189186,268,64063.81371
20.400678,38,64064.037529
126.434941,177,64065.067492
35.755068,52,64065.350815
